time	x	y
556271	429.531799729364	417.3290734824281
556341	445.32341001353177	473.15015974440894
556376	448.48173207036535	363.2800851970181
556419	404.26522327469553	466.9478168264111
556474	654.5622462787551	497.073482428115
556515	564.5500676589986	542.261980830671
556561	516.3856562922869	351.7614483493078
556597	568.4979702300406	397.8359957401491
556637	682.1975642760488	357.9637912673056
556676	630.0852503382949	332.26837060702877
556716	561.3917456021651	539.6038338658147
556755	489.5399188092016	552.0085197018104
556794	478.48579161028414	374.79872204472844
556835	546.3897158322056	468.7199148029819
556881	547.179296346414	409.35463258785944
556921	589.0270635994588	516.566560170394
556964	676.67050067659	458.9733759318424
557000	582.7104194857916	435.93610223642173
557040	547.179296346414	351.7614483493078
557077	506.1211096075778	402.26624068157616
557113	555.0751014884979	465.1757188498403
557154	538.4939106901218	398.7220447284345
557190	586.6583220568335	275.5612353567625
557226	512.4377537212449	376.57082002129926
557263	511.6481732070365	245.43556975505857
557302	540.862652232747	318.9776357827476
557339	485.59201623815966	455.42917997870074
557383	501.38362652232746	164.80511182108626
557426	519.5439783491204	373.912673056443
557470	594.5541271989174	447.45473908413203
557511	429.531799729364	412.01277955271564
557552	441.37550744248983	410.2406815761448
559088	911.9654939106902	293.2822151224707
559200	926.1779431664411	330.49627263045795
559265	967.2361299052774	554.6666666666666
559328	902.4905277401895	272.9030883919063
559384	964.8673883626523	432.3919062832801
559439	809.3200270635995	357.07774227902024
559495	923.0196211096076	450.1128860489883
559557	870.9073071718539	480.2385516506922
559609	916.7029769959405	536.9456869009584
559661	950.6549391069012	313.66134185303514
559710	863.8010825439783	371.2545260915868
559755	918.2821380243572	437.70820021299255
559799	1031.192151556157	568.8434504792332
559841	943.5487144790256	435.0500532481363
559893	1003.5568335588633	282.6496272630458
559949	928.5466847090663	432.3919062832801
559991	945.9174560216509	392.51970181043663
560035	966.446549391069	353.5335463258786
560079	893.8051420838972	314.5473908413206
560121	915.1238159675237	353.5335463258786
560160	953.0236806495263	275.5612353567625
560202	960.1299052774019	393.40575079872207
560245	1065.933694181326	311.00319488817894
560291	1023.296346414073	388.975505857295
560334	962.498646820027	221.5122470713525
560378	1018.5588633288227	372.1405750798722
560419	933.2841677943167	442.13844515441957
561955	221.8721244925575	322.52183173588924
562030	205.29093369418132	394.29179978700745
562081	202.92219215155615	510.36421725239614
562121	148.44113667117728	522.7689030883919
562158	124.75372124492557	419.98722044728436
562197	189.49932341001352	599.8551650692226
562240	195.81596752368065	522.7689030883919
562282	211.60757780784843	519.2247071352502
562325	183.9722598105548	483.78274760383385
562365	281.8802435723951	505.9339723109691
562406	213.18673883626522	419.1011714589989
562458	192.6576454668471	622.8924387646432
562511	229.7679296346414	476.6943556975506
562553	246.3491204330176	412.8988285410011
562595	209.23883626522328	253.41001064962725
562636	146.0723951285521	500.61767838125667
562683	266.08863328822736	482.8966986155485
562726	198.9742895805142	471.3780617678381
562766	138.96617050067658	422.64536741214056
562813	152.3890392422192	550.2364217252397
562854	173.70771312584574	496.1874334398296
562893	169.75981055480378	447.45473908413203
562943	180.02435723951285	462.517571884984
562983	194.23680649526386	517.4526091586795
563025	113.69959404600812	492.64323748668795
563073	281.8802435723951	449.22683706070285
563114	187.92016238159675	436.8221512247071
563159	183.9722598105548	480.2385516506922
563204	93.17050067658998	308.3450479233227
563247	46.58525033829499	410.2406815761448
563292	240.03247631935048	435.0500532481363
564826	1059.617050067659	135.56549520766774
564898	958.5507442489851	139.9957401490948
564954	1076.9878213802435	154.17252396166134
565006	1024.8755074424898	58.47923322683706
565048	1043.0358592692828	86.83280085197018
565091	1039.0879566982408	2.65814696485623
565133	932.4945872801082	101.89563365282216
565173	1127.5209742895804	119.61661341853035
565209	1109.3606224627874	146.19808306709265
565248	921.4404600811907	-61.13738019169329
565293	954.6028416779432	-57.59318423855165
565336	964.0778078484439	-2.65814696485623
565372	870.9073071718539	-35.4419595314164
565409	766.6826792963464	89.4909478168264
565448	922.2300405953991	126.70500532481363
565487	896.1738836265223	-24.80937167199148
565527	996.4506089309878	56.70713525026624
565566	1017.7692828146144	38.10010649627263
565607	1034.3504736129905	-42.53035143769968
565651	978.2902571041949	66.45367412140575
565690	1013.031799729364	22.15122470713525
565729	1079.3565629228688	41.64430244941427
565770	1076.1982408660351	29.23961661341853
565806	980.65899864682	137.33759318423856
565846	942.7591339648174	-7.97444089456869
565885	958.5507442489851	23.923322683706072
565927	1047.773342354533	106.3258785942492
565967	950.6549391069012	61.13738019169329
566008	971.1840324763193	38.10010649627263
566048	968.8152909336942	202.0191693290735
566087	1131.4688768606225	53.1629392971246
567615	658.510148849797	674.283280085197
567694	859.8531799729363	816.0511182108626
567746	870.9073071718539	759.3439829605963
567805	763.5243572395128	699.9787007454739
567864	842.4824086603518	776.1789137380192
567922	975.1319350473613	726.5601703940362
567971	824.3220568335588	839.9744408945687
568019	828.2699594046009	736.3067092651758
568084	848.799052774019	718.5857294994676
568134	892.2259810554804	623.7784877529286
568183	862.2219215155616	704.408945686901
568225	853.5365358592693	745.1671991480298
568269	894.5947225981056	714.1554845580405
568316	800.6346414073072	703.5228966986156
568358	823.5324763193505	668.9669861554845
568397	821.9533152909337	700.8647497337594
568443	873.276048714479	623.7784877529286
568488	850.3782138024358	785.0394036208733
568530	862.2219215155616	781.4952076677316
568579	856.6948579161028	647.7018104366347
568624	829.0595399188092	700.8647497337594
568665	816.4262516914749	771.7486687965921
568710	912.7550744248985	762.888178913738
568753	820.3741542625169	737.1927582534611
568794	811.6887686062246	695.5484558040469
568840	779.3159675236807	635.297124600639
568885	848.799052774019	692.0042598509052
568924	1064.3545331529094	850.6070287539936
570458	281.09066305818675	568.8434504792332
570534	397.9485791610284	804.5324813631523
570583	369.5236806495264	750.4834930777423
570627	425.58389715832203	833.7720979765709
570672	439.79634641407307	817.8232161874334
570713	288.19688768606227	671.6251331203408
570756	289.77604871447903	798.3301384451544
570800	311.09472259810553	727.4462193823216
570843	227.39918809201623	703.5228966986156
570883	305.56765899864683	853.2651757188498
570920	240.82205683355886	835.5441959531416
570962	183.9722598105548	718.5857294994676
571003	68.69350473612991	668.0809371671992
571043	155.54736129905277	628.2087326943557
571087	386.10487144790255	613.1458998935037
571127	283.4594046008119	649.4739084132055
571169	251.87618403247632	658.3343982960596
571218	396.36941813261166	807.1906283280085
571259	278.7219215155616	761.1160809371672
571300	303.19891745602166	752.2555910543131
571347	295.30311231393773	750.4834930777423
571389	311.88430311231394	939.2119275825346
571431	269.2469553450609	837.3162939297125
571478	434.2692828146143	645.9297124600639
571518	307.936400541272	620.234291799787
571558	273.1948579161028	833.7720979765709
571599	304.7780784844384	622.8924387646432
571640	263.7198917456022	759.3439829605963
571679	210.02841677943167	628.2087326943557
571721	345.0466847090663	673.3972310969116
571762	214.765899864682	670.7390841320554
571801	220.29296346414074	629.0947816826412
573337	702.7266576454668	815.1650692225772
573403	456.3775372124492	248.0937167199148
573444	244.7699594046008	163.03301384451544
573482	228.97834912043302	155.05857294994675
573518	146.0723951285521	111.64217252396166
573560	341.0987821380244	-30.12566560170394
573606	242.40121786197565	97.46538871139511
573646	165.81190798376184	-31.89776357827476
573687	175.2868741542625	-35.4419595314164
573726	243.98037889039242	62.0234291799787
573766	271.61569688768606	116.95846645367412
573807	299.2510148849797	82.40255591054313
573850	255.03450608930987	263.15654952076676
573885	249.50744248985114	190.50053248136317
573926	318.20094722598105	155.94462193823216
573974	303.98849797023	68.22577209797657
574017	391.6319350473613	87.71884984025559
574058	431.1109607577808	129.36315228966987
574094	220.29296346414074	192.27263045793399
574135	250.29702300405953	206.44941427050054
574173	224.24086603518268	104.55378061767838
574219	108.96211096075778	32.78381256656017
574258	134.22868741542624	54.04898828541001
574296	228.97834912043302	23.923322683706072
574334	108.96211096075778	72.65601703940362
574375	173.70771312584574	82.40255591054313
574413	183.9722598105548	32.78381256656017
574451	219.50338294993233	60.25133120340788
574491	202.13261163734776	47.846645367412144
574533	306.3572395128552	-15.06283280085197
574577	299.2510148849797	23.923322683706072
574620	299.2510148849797	19.49307774227902
