time	x	y
1	1159.8639455782313	382.95602836879436
58	1121.315192743764	411.3248226950355
109	1171.2018140589569	111.75035460992908
176	941.0430839002267	555.4382978723404
220	946.7120181405896	320.54468085106384
275	885.4875283446712	389.7645390070922
320	891.156462585034	505.50921985815603
363	405.89569160997735	103.80709219858157
399	149.65986394557822	136.71489361702126
459	150.79365079365078	199.12624113475178
498	145.12471655328798	149.19716312056735
542	82.76643990929705	175.2964539007092
578	0.0	162.8141843971631
625	-136.0544217687075	226.36028368794325
676	63.49206349206349	121.96312056737588
717	392.29024943310657	196.85673758865246
759	443.31065759637187	229.7645390070922
810	131.51927437641723	461.25390070921986
858	272.108843537415	276.2893617021276
898	276.6439909297052	311.4666666666667
936	166.66666666666666	274.01985815602836
991	179.13832199546488	193.45248226950355
1027	47.61904761904761	124.23262411347518
1076	128.11791383219955	283.0978723404255
1120	251.70068027210885	153.73617021276596
1158	22.675736961451246	188.91347517730495
1196	178.0045351473923	263.8070921985816
1241	-48.75283446712019	169.622695035461
1291	193.87755102040816	125.36737588652483
1342	315.19274376417235	154.8709219858156
1377	554.4217687074829	205.93475177304964
1410	314.05895691609976	170.75744680851062
1446	197.27891156462584	104.94184397163122
1480	204.08163265306123	175.2964539007092
1525	642.8571428571429	120.82836879432624
1566	665.5328798185941	217.28226950354608
1609	514.7392290249433	153.73617021276596
1645	665.5328798185941	188.91347517730495
1679	518.140589569161	146.92765957446807
1718	612.2448979591837	207.0695035460993
1754	603.1746031746031	194.58723404255318
1808	790.2494331065759	244.51631205673755
1849	836.7346938775511	169.622695035461
1886	854.875283446712	292.1758865248227
1920	979.5918367346939	301.25390070921986
1959	827.6643990929705	375.01276595744685
2009	814.0589569160998	215.0127659574468
2049	697.2789115646259	82.2468085106383
2084	505.66893424036283	69.76453900709221
2141	526.0770975056689	22.104964539007092
2191	535.1473922902494	89.05531914893618
2223	705.2154195011337	72.0340425531915
2258	108.84353741496598	367.0695035460993
2309	192.7437641723356	222.9560283687943
2345	175.73696145124717	287.6368794326241
2391	374.1496598639456	255.86382978723404
2441	252.83446712018142	244.51631205673755
2492	147.3922902494331	116.28936170212766
2526	117.91383219954649	274.01985815602836
2576	17.006802721088437	163.94893617021276
2616	294.7845804988662	89.05531914893618
2650	435.3741496598639	196.85673758865246
2689	377.55102040816325	279.69361702127657
2742	659.8639455782312	323.9489361702128
2778	544.21768707483	124.23262411347518
2814	733.5600907029478	254.72907801418438
2854	595.2380952380952	431.75035460992905
2909	477.32426303854874	437.4241134751773
2947	519.2743764172335	418.1333333333334
2987	503.4013605442177	470.33191489361707
3022	439.9092970521542	448.77163120567377
3076	639.4557823129252	469.1971631205674
3113	693.8775510204082	500.97021276595746
3152	706.3492063492064	346.6439716312057
3190	685.9410430839002	376.1475177304965
3228	632.6530612244899	462.38865248226955
3265	613.3786848072563	392.0340425531915
3305	823.1292517006802	351.1829787234043
3338	684.8072562358276	447.63687943262414
3392	815.1927437641724	318.2751773049646
3441	930.8390022675736	327.35319148936173
3491	735.827664399093	367.0695035460993
3536	217.68707482993196	356.8567375886525
3570	185.9410430839002	302.3886524822695
3608	234.69387755102042	325.0836879432624
3647	239.22902494331066	234.30354609929077
3683	185.9410430839002	238.84255319148937
3719	304.9886621315193	255.86382978723404
3757	317.46031746031747	251.32482269503544
3810	224.48979591836735	229.7645390070922
3851	217.68707482993196	244.51631205673755
3888	292.5170068027211	381.82127659574473
3942	312.9251700680272	262.6723404255319
3992	242.63038548752834	339.8354609929078
4027	289.1156462585034	149.19716312056735
4075	434.2403628117914	200.2609929078014
4119	283.4467120181406	230.89929078014185
4154	448.9795918367347	293.31063829787234
4188	517.0068027210884	355.72198581560286
4241	427.437641723356	292.1758865248227
4291	535.1473922902494	184.37446808510637
4342	430.83900226757373	436.2893617021276
4391	442.17687074829934	406.7858156028369
4442	359.4104308390023	300.11914893617023
4525	255.10204081632654	547.495035460993
4576	430.83900226757373	280.8283687943262
4616	353.74149659863946	215.0127659574468
4656	407.0294784580499	288.77163120567377
4692	519.2743764172335	228.62978723404254
4742	579.3650793650794	178.70070921985814
4780	489.7959183673469	195.72198581560284
4815	599.7732426303854	243.38156028368792
4857	400.2267573696145	270.6156028368794
4909	897.9591836734694	606.5021276595745
4949	783.4467120181405	409.0553191489362
4984	590.702947845805	488.4879432624114
5019	587.3015873015873	724.5163120567377
5075	495.4648526077097	547.495035460993
5120	629.2517006802722	284.23262411347514
5176	537.4149659863946	382.95602836879436
5222	709.7505668934241	175.2964539007092
5275	699.546485260771	343.23971631205677
5318	707.4829931972789	396.5730496453901
5359	757.3696145124717	308.06241134751775
5409	759.6371882086169	278.55886524822694
5459	351.47392290249434	301.25390070921986
5509	360.5442176870748	202.5304964539007
5551	446.7120181405896	220.68652482269502
5591	484.12698412698415	264.9418439716312
5624	424.0362811791383	285.3673758865248
5660	386.6213151927438	237.70780141843971
5700	290.24943310657596	174.16170212765957
5741	329.9319727891156	236.57304964539009
5792	282.312925170068	202.5304964539007
5841	224.48979591836735	192.3177304964539
5878	285.7142857142857	184.37446808510637
5920	308.39002267573693	215.0127659574468
5958	276.6439909297052	242.24680851063826
5997	117.91383219954649	287.6368794326241
6037	244.89795918367346	317.1404255319149
6073	344.671201814059	227.4950354609929
6115	339.00226757369614	221.82127659574468
6148	221.08843537414967	221.82127659574468
6185	353.74149659863946	215.0127659574468
6241	392.29024943310657	256.9985815602837
6291	383.2199546485261	304.6581560283688
6342	489.7959183673469	275.154609929078
6376	485.2607709750567	121.96312056737588
6422	723.3560090702947	146.92765957446807
6475	789.1156462585034	196.85673758865246
6518	786.8480725623582	117.42411347517732
6554	874.1496598639455	47.0695035460993
6590	848.0725623582766	121.96312056737588
6641	638.3219954648525	479.4099290780142
6692	702.9478458049887	127.63687943262411
6728	701.814058956916	541.8212765957447
6769	532.8798185941042	439.69361702127657
6825	278.9115646258503	472.6014184397163
6864	367.34693877551024	580.4028368794326
6906	317.46031746031747	353.4524822695036
6958	299.31972789115645	375.01276595744685
6997	259.63718820861675	384.090780141844
7038	205.2154195011338	502.1049645390071
7074	290.24943310657596	317.1404255319149
7126	223.3560090702948	402.24680851063835
7168	207.48299319727892	406.7858156028369
7207	176.87074829931973	376.1475177304965
7258	184.80725623582768	428.3460992907802
7300	227.89115646258503	409.0553191489362
7359	289.1156462585034	388.62978723404257
7408	343.5374149659864	390.8992907801418
7450	38.548752834467116	372.74326241134753
7488	251.70068027210885	406.7858156028369
7541	107.70975056689343	490.7574468085107
7584	430.83900226757373	393.16879432624114
7618	459.18367346938777	351.1829787234043
7653	541.9501133786848	464.6581560283688
7695	631.5192743764172	434.01985815602836
7731	650.7936507936508	213.87801418439713
7770	626.984126984127	355.72198581560286
7826	676.8707482993198	330.7574468085106
7870	760.7709750566893	436.2893617021276
7905	616.7800453514739	399.97730496453903
7945	678.0045351473923	389.7645390070922
7987	624.7165532879818	316.00567375886527
8025	572.5623582766441	364.8
8062	741.4965986394558	420.4028368794327
8097	741.4965986394558	234.30354609929077
8136	785.7142857142857	202.5304964539007
8171	840.1360544217688	277.4241134751773
8225	768.7074829931972	380.68652482269505
8272	668.9342403628118	201.39574468085107
8327	736.9614512471655	308.06241134751775
8373	781.1791383219954	143.52340425531915
8426	651.9274376417234	194.58723404255318
8469	746.031746031746	284.23262411347514
8507	619.047619047619	215.0127659574468
8543	675.7369614512472	60.68652482269504
8586	545.3514739229025	142.3886524822695
8621	789.1156462585034	140.1191489361702
8676	907.0294784580499	1.6794326241134756
8723	789.1156462585034	161.67943262411347
8775	968.2539682539683	-23.285106382978725
8815	816.3265306122449	76.57304964539009
8854	689.342403628118	221.82127659574468
8889	850.3401360544217	134.445390070922
8941	879.8185941043084	104.94184397163122
8979	870.7482993197278	119.69361702127661
9022	828.798185941043	86.78581560283688
9076	828.798185941043	10.757446808510638
9115	1057.8231292517007	-6.263829787234042
9154	875.2834467120182	212.7432624113475
9209	1064.625850340136	69.76453900709221
9253	900.2267573696146	61.82127659574469
9290	905.8956916099773	127.63687943262411
9341	845.8049886621314	250.1900709219858
9392	950.1133786848072	173.0269503546099
9430	875.2834467120182	224.09078014184396
9473	1063.4920634920634	235.43829787234043
9524	1004.5351473922904	235.43829787234043
9569	929.7052154195011	305.79290780141844
9608	877.5510204081633	360.26099290780144
9665	418.36734693877554	325.0836879432624
9709	476.19047619047615	289.9063829787234
9744	485.2607709750567	319.4099290780142
9779	551.0204081632653	452.1758865248227
9832	297.0521541950113	353.4524822695036
9876	464.85260770975054	320.54468085106384
9912	461.4512471655329	243.38156028368792
9953	445.578231292517	216.14751773049642
9990	276.6439909297052	357.9914893617021
10032	385.4875283446712	399.97730496453903
10071	517.0068027210884	197.99148936170212
10112	178.0045351473923	301.25390070921986
10152	285.7142857142857	187.7787234042553
10194	363.94557823129253	323.9489361702128
10229	646.2585034013606	197.99148936170212
10282	685.9410430839002	314.87092198581564
10323	765.3061224489795	203.66524822695035
10365	445.578231292517	276.2893617021276
10416	532.8798185941042	331.8921985815603
10456	659.8639455782312	275.154609929078
10494	648.5260770975057	227.4950354609929
10532	634.9206349206349	234.30354609929077
10567	522.6757369614512	241.11205673758863
10603	619.047619047619	268.34609929078016
10645	620.1814058956916	298.98439716312055
10681	626.984126984127	258.1333333333333
10732	570.2947845804989	148.06241134751772
10773	613.3786848072563	319.4099290780142
10833	620.1814058956916	253.59432624113475
10873	573.6961451247165	259.26808510638296
10911	546.4852607709751	418.1333333333334
10965	478.4580498866213	542.9560283687944
11011	696.1451247165534	514.5872340425532
11066	716.5532879818595	355.72198581560286
11108	753.968253968254	380.68652482269505
11141	549.8866213151928	301.25390070921986
11178	493.19727891156464	247.9205673758865
11233	733.5600907029478	162.8141843971631
11275	501.13378684807253	215.0127659574468
11312	497.7324263038549	152.6014184397163
11347	504.53514739229024	217.28226950354608
11398	436.5079365079365	203.66524822695035
11440	412.69841269841265	209.33900709219856
11499	429.70521541950114	61.82127659574469
11537	538.5487528344671	-28.95886524822695
11575	314.05895691609976	201.39574468085107
11632	351.47392290249434	134.445390070922
11674	513.6054421768707	227.4950354609929
11710	258.5034013605442	243.38156028368792
11766	195.01133786848075	260.40283687943264
11812	222.2222222222222	312.6014184397163
11846	187.0748299319728	272.8851063829787
11898	251.70068027210885	338.7007092198582
11948	247.1655328798186	150.331914893617
11999	366.21315192743765	171.89219858156025
12044	666.6666666666666	246.78581560283686
12078	430.83900226757373	284.23262411347514
12132	734.6938775510205	152.6014184397163
12176	704.0816326530612	186.64397163120566
12232	691.609977324263	115.15460992907802
12274	572.5623582766441	82.2468085106383
12332	555.5555555555555	258.1333333333333
12371	396.8253968253968	221.82127659574468
12411	497.7324263038549	313.736170212766
12466	278.9115646258503	377.2822695035461
12514	255.10204081632654	335.29645390070925
12553	275.51020408163265	327.35319148936173
12589	229.0249433106576	284.23262411347514
12624	172.3356009070295	268.34609929078016
12663	171.2018140589569	381.82127659574473
12754	327.66439909297054	227.4950354609929
12791	214.28571428571428	301.25390070921986
12828	304.9886621315193	161.67943262411347
12867	212.01814058956916	171.89219858156025
12907	412.69841269841265	227.4950354609929
12945	391.156462585034	243.38156028368792
12997	451.2471655328798	185.50921985815603
13036	428.57142857142856	195.72198581560284
13075	379.81859410430843	179.8354609929078
13115	342.4036281179138	259.26808510638296
13150	264.17233560090705	308.06241134751775
13186	353.74149659863946	306.9276595744681
13231	314.05895691609976	254.72907801418438
13269	510.2040816326531	262.6723404255319
13304	401.36054421768705	275.154609929078
13339	377.55102040816325	308.06241134751775
13383	336.734693877551	168.48794326241133
13419	359.4104308390023	175.2964539007092
13465	281.1791383219955	281.9631205673759
13501	233.56009070294783	243.38156028368792
13539	218.82086167800455	320.54468085106384
13573	283.4467120181406	188.91347517730495
13607	349.20634920634916	243.38156028368792
13645	527.2108843537416	166.21843971631205
13680	517.0068027210884	313.736170212766
13732	460.3174603174603	219.55177304964536
13776	437.6417233560091	208.20425531914896
13814	293.6507936507937	334.16170212765957
13865	402.49433106575964	338.7007092198582
13906	290.24943310657596	304.6581560283688
13943	390.0226757369615	204.8
13998	412.69841269841265	218.41702127659573
14040	368.48072562358277	146.92765957446807
14077	353.74149659863946	138.98439716312058
14112	231.29251700680274	375.01276595744685
14166	587.3015873015873	401.11205673758866
14207	453.51473922902494	399.97730496453903
14244	462.5850340136055	457.8496453900709
14280	554.4217687074829	466.9276595744681
14332	485.2607709750567	399.97730496453903
14371	410.4308390022676	435.154609929078
14410	361.67800453514735	421.5375886524823
14465	539.6825396825396	196.85673758865246
14508	428.57142857142856	376.1475177304965
14566	509.07029478458054	270.6156028368794
14608	575.9637188208617	220.68652482269502
14646	607.7097505668935	144.6581560283688
14698	541.9501133786848	229.7645390070922
14747	595.2380952380952	210.4737588652482
14798	311.79138321995464	328.48794326241136
14848	344.671201814059	276.2893617021276
14897	317.46031746031747	367.0695035460993
14948	183.67346938775512	261.53758865248227
14998	253.96825396825395	340.97021276595746
15044	167.80045351473925	447.63687943262414
15098	275.51020408163265	380.68652482269505
15148	205.2154195011338	395.43829787234046
15197	210.88435374149662	308.06241134751775
15248	318.59410430839	128.77163120567377
15298	306.12244897959187	85.65106382978725
15335	258.5034013605442	205.93475177304964
15370	232.42630385487527	266.07659574468084
15410	258.5034013605442	297.8496453900709
15465	265.30612244897964	266.07659574468084
15511	297.0521541950113	207.0695035460993
15547	267.5736961451247	247.9205673758865
15598	361.67800453514735	186.64397163120566
15647	242.63038548752834	118.55886524822697
15697	394.5578231292517	208.20425531914896
15748	309.5238095238095	269.4808510638298
15798	461.4512471655329	318.2751773049646
15847	527.2108843537416	295.58014184397166
15897	572.5623582766441	295.58014184397166
15947	431.97278911564626	311.4666666666667
15997	470.5215419501134	405.6510638297873
16031	569.1609977324264	149.19716312056735
16082	590.702947845805	83.38156028368795
16126	419.5011337868481	195.72198581560284
16182	394.5578231292517	118.55886524822697
16219	354.87528344671205	123.09787234042552
16259	396.8253968253968	245.6510638297872
16316	443.31065759637187	191.18297872340423
16366	295.9183673469388	226.36028368794325
16412	230.15873015873015	255.86382978723404
16466	589.5691609977324	266.07659574468084
16514	280.0453514739229	296.7148936170213
16566	350.34013605442175	544.090780141844
16633	246.03174603174602	461.25390070921986
16677	179.13832199546488	528.204255319149
16713	272.108843537415	473.736170212766
16765	206.34920634920633	288.77163120567377
16812	274.3764172335601	321.67943262411353
16865	343.5374149659864	333.02695035460994
16908	283.4467120181406	379.5517730496454
16948	359.4104308390023	388.62978723404257
16998	278.9115646258503	385.2255319148937
17035	333.3333333333333	329.622695035461
17071	264.17233560090705	229.7645390070922
17113	258.5034013605442	286.50212765957446
17166	317.46031746031747	296.7148936170213
17232	397.9591836734694	339.8354609929078
17275	318.59410430839	287.6368794326241
17332	348.0725623582767	228.62978723404254
17376	507.9365079365079	230.89929078014185
17414	306.12244897959187	287.6368794326241
17453	344.671201814059	319.4099290780142
17495	377.55102040816325	224.09078014184396
17533	261.9047619047619	306.9276595744681
17574	218.82086167800455	322.81418439716316
17611	270.9750566893424	302.3886524822695
17646	222.2222222222222	232.03404255319148
17698	332.1995464852608	249.05531914893615
17748	388.8888888888889	289.9063829787234
17798	217.68707482993196	316.00567375886527
17836	403.62811791383217	191.18297872340423
17872	392.29024943310657	177.5659574468085
17932	235.82766439909298	246.78581560283686
17976	215.41950113378687	302.3886524822695
18031	348.0725623582767	362.5304964539007
18073	391.156462585034	266.07659574468084
18113	244.89795918367346	393.16879432624114
18165	137.18820861678006	311.4666666666667
18205	12.471655328798187	435.154609929078
18241	75.96371882086169	306.9276595744681
18298	183.67346938775512	317.1404255319149
18336	173.46938775510205	317.1404255319149
18379	179.13832199546488	328.48794326241136
18418	173.46938775510205	302.3886524822695
18456	134.9206349206349	319.4099290780142
18494	298.18594104308386	311.4666666666667
18534	417.23356009070295	239.97730496453897
18570	427.437641723356	229.7645390070922
18612	249.4331065759637	296.7148936170213
18665	181.40589569160997	410.19007092198586
18708	356.0090702947846	276.2893617021276
18743	354.87528344671205	387.4950354609929
18779	244.89795918367346	289.9063829787234
18821	456.91609977324265	260.40283687943264
18861	424.0362811791383	228.62978723404254
18915	354.87528344671205	239.97730496453897
18965	362.81179138321994	452.1758865248227
19002	507.9365079365079	394.30354609929077
19038	360.5442176870748	411.3248226950355
19074	620.1814058956916	180.97021276595743
19110	443.31065759637187	322.81418439716316
19166	283.4467120181406	489.62269503546105
19213	376.4172335600907	439.69361702127657
19265	257.3696145124716	525.9347517730497
19309	306.12244897959187	429.48085106382985
19345	363.94557823129253	404.5163120567376
19397	369.61451247165536	458.9843971631206
19433	267.5736961451247	481.67943262411353
19474	197.27891156462584	434.01985815602836
19513	163.26530612244898	483.94893617021285
19566	183.67346938775512	513.4524822695035
19606	309.5238095238095	370.47375886524827
19642	298.18594104308386	251.32482269503544
19698	252.83446712018142	283.0978723404255
19748	303.85487528344675	322.81418439716316
19798	259.63718820861675	386.36028368794325
19848	287.98185941043084	321.67943262411353
19886	282.312925170068	291.0411347517731
19927	424.0362811791383	284.23262411347514
19981	534.0136054421769	276.2893617021276
20020	430.83900226757373	237.70780141843971
20060	500.0	219.55177304964536
20096	444.4444444444444	250.1900709219858
20147	505.66893424036283	212.7432624113475
20197	444.4444444444444	213.87801418439713
20247	354.87528344671205	370.47375886524827
20298	354.87528344671205	279.69361702127657
20347	342.4036281179138	327.35319148936173
20397	342.4036281179138	205.93475177304964
20448	292.5170068027211	245.6510638297872
20498	371.8820861678004	305.79290780141844
20539	446.7120181405896	297.8496453900709
20573	299.31972789115645	393.16879432624114
20608	452.3809523809524	184.37446808510637
20645	236.96145124716554	334.16170212765957
20697	429.70521541950114	243.38156028368792
20747	454.6485260770975	277.4241134751773
20798	374.1496598639456	356.8567375886525
20848	561.2244897959183	310.33191489361707
20898	354.87528344671205	350.04822695035466
20956	179.13832199546488	390.8992907801418
21031	475.0566893424036	412.4595744680851
21081	448.9795918367347	316.00567375886527
21132	472.78911564625855	556.57304964539
21175	370.7482993197279	491.89219858156036
21212	259.63718820861675	623.5234042553192
21246	286.84807256235825	601.9631205673759
21298	388.8888888888889	495.2964539007092
21338	274.3764172335601	410.19007092198586
21374	427.437641723356	409.0553191489362
21412	264.17233560090705	429.48085106382985
21465	145.12471655328798	355.72198581560286
21508	193.87755102040816	453.31063829787234
21543	166.66666666666666	370.47375886524827
21577	283.4467120181406	357.9914893617021
21613	156.4625850340136	395.43829787234046
21665	88.43537414965986	320.54468085106384
21707	107.70975056689343	410.19007092198586
21765	178.0045351473923	395.43829787234046
21808	94.10430839002268	478.2751773049646
21845	196.14512471655328	424.9418439716313
21898	422.9024943310657	241.11205673758863
21937	361.67800453514735	335.29645390070925
21974	419.5011337868481	205.93475177304964
22032	475.0566893424036	274.01985815602836
22075	106.57596371882086	432.8851063829787
22133	286.84807256235825	318.2751773049646
22175	343.5374149659864	354.58723404255323
22213	410.4308390022676	430.6156028368795
22265	326.53061224489795	342.10496453900714
22306	431.97278911564626	309.1971631205674
22344	208.61678004535148	376.1475177304965
22380	260.77097505668934	263.8070921985816
22432	328.7981859410431	306.9276595744681
22477	287.98185941043084	322.81418439716316
22513	244.89795918367346	436.2893617021276
22554	382.0861678004535	238.84255319148937
22591	354.87528344671205	440.82836879432625
22648	427.437641723356	268.34609929078016
22697	342.4036281179138	437.4241134751773
22747	578.2312925170068	209.33900709219856
22789	392.29024943310657	479.4099290780142
22826	356.0090702947846	589.4808510638298
22882	331.0657596371882	620.1191489361702
22920	485.2607709750567	535.0127659574468
22957	370.7482993197279	461.25390070921986
22994	404.76190476190476	455.58014184397166
23033	419.5011337868481	377.2822695035461
23069	399.092970521542	311.4666666666667
23107	537.4149659863946	372.74326241134753
23143	380.9523809523809	472.6014184397163
23177	370.7482993197279	461.25390070921986
23232	448.9795918367347	410.19007092198586
23273	392.29024943310657	375.01276595744685
23312	441.0430839002268	320.54468085106384
23365	421.76870748299325	260.40283687943264
23406	561.2244897959183	283.0978723404255
23446	399.092970521542	276.2893617021276
23497	472.78911564625855	260.40283687943264
23533	475.0566893424036	364.8
23582	344.671201814059	337.5659574468085
23621	438.7755102040816	293.31063829787234
23663	409.297052154195	287.6368794326241
23715	430.83900226757373	203.66524822695035
23754	439.9092970521542	237.70780141843971
23793	421.76870748299325	243.38156028368792
23847	360.5442176870748	312.6014184397163
23897	445.578231292517	359.12624113475175
23948	377.55102040816325	292.1758865248227
23982	520.4081632653061	263.8070921985816
24019	515.8730158730159	258.1333333333333
24057	314.05895691609976	311.4666666666667
24092	716.5532879818595	209.33900709219856
24126	556.6893424036281	566.7858156028369
24182	518.140589569161	600.8283687943263
24220	410.4308390022676	582.672340425532
24260	493.19727891156464	555.4382978723404
24295	505.66893424036283	566.7858156028369
24348	463.71882086167795	438.55886524822694
24398	427.437641723356	401.11205673758866
24435	589.5691609977324	335.29645390070925
24478	384.3537414965986	300.11914893617023
24532	448.9795918367347	345.50921985815603
24598	239.22902494331066	444.2326241134752
24647	348.0725623582767	405.6510638297873
24691	291.38321995464855	384.090780141844
24727	407.0294784580499	298.98439716312055
24771	190.47619047619045	353.4524822695036
24811	481.85941043083903	252.4595744680851
24865	388.8888888888889	386.36028368794325
24912	290.24943310657596	444.2326241134752
24965	256.2358276643991	276.2893617021276
25007	234.69387755102042	317.1404255319149
25046	304.9886621315193	280.8283687943262
25098	357.14285714285717	399.97730496453903
25147	316.32653061224494	380.68652482269505
25198	284.5804988662132	419.268085106383
25234	299.31972789115645	386.36028368794325
25270	268.7074829931973	364.8
25310	526.0770975056689	241.11205673758863
25345	529.4784580498866	298.98439716312055
25398	274.3764172335601	431.75035460992905
25444	526.0770975056689	280.8283687943262
25479	524.9433106575964	308.06241134751775
25532	545.3514739229025	331.8921985815603
25575	574.829931972789	314.87092198581564
25631	692.7437641723357	473.736170212766
25674	554.4217687074829	298.98439716312055
25710	657.5963718820861	301.25390070921986
25766	482.99319727891157	687.0695035460993
25812	342.4036281179138	550.8992907801419
25846	477.32426303854874	556.57304964539
25898	434.2403628117914	432.8851063829787
25948	509.07029478458054	416.99858156028375
25986	465.98639455782313	413.5943262411348
26027	560.0907029478458	318.2751773049646
26082	523.8095238095239	368.20425531914896
26120	545.3514739229025	288.77163120567377
26155	350.34013605442175	280.8283687943262
26194	281.1791383219955	397.7078014184397
26247	229.0249433106576	432.8851063829787
26297	197.27891156462584	434.01985815602836
26347	323.1292517006803	292.1758865248227
26393	356.0090702947846	295.58014184397166
26429	284.5804988662132	335.29645390070925
26482	316.32653061224494	362.5304964539007
26526	304.9886621315193	232.03404255319148
26581	226.75736961451247	268.34609929078016
26632	498.8662131519274	331.8921985815603
26673	250.56689342403627	331.8921985815603
26711	201.81405895691609	291.0411347517731
26766	204.08163265306123	195.72198581560284
26807	225.6235827664399	275.154609929078
26847	260.77097505668934	364.8
26897	138.3219954648526	195.72198581560284
26934	282.312925170068	258.1333333333333
26972	146.25850340136054	359.12624113475175
27011	122.44897959183673	326.21843971631205
27065	336.734693877551	233.16879432624114
27109	329.9319727891156	235.43829787234043
27146	111.1111111111111	261.53758865248227
27185	201.81405895691609	413.5943262411348
27228	414.96598639455783	160.54468085106382
27282	589.5691609977324	224.09078014184396
27323	336.734693877551	81.11205673758866
27364	484.12698412698415	175.2964539007092
27414	514.7392290249433	241.11205673758863
27466	589.5691609977324	249.05531914893615
27512	695.0113378684807	207.0695035460993
27565	596.3718820861677	237.70780141843971
27603	496.5986394557823	243.38156028368792
27640	218.82086167800455	405.6510638297873
27697	572.5623582766441	252.4595744680851
27747	235.82766439909298	344.3744680851064
27798	780.045351473923	178.70070921985814
27847	803.8548752834466	86.78581560283688
27898	863.9455782312925	-22.150354609929078
27936	863.9455782312925	194.58723404255318
27976	472.78911564625855	304.6581560283688
28012	222.2222222222222	226.36028368794325
28065	234.69387755102042	351.1829787234043
28106	63.49206349206349	327.35319148936173
28146	317.46031746031747	314.87092198581564
28185	82.76643990929705	481.67943262411353
28221	231.29251700680274	434.01985815602836
28261	165.5328798185941	372.74326241134753
28297	240.36281179138322	403.381560283688
28347	136.0544217687075	256.9985815602837
28397	321.9954648526077	352.3177304964539
28448	284.5804988662132	280.8283687943262
28498	222.2222222222222	264.9418439716312
28534	192.7437641723356	350.04822695035466
28571	165.5328798185941	376.1475177304965
28607	240.36281179138322	304.6581560283688
28643	300.45351473922904	370.47375886524827
28698	293.6507936507937	230.89929078014185
28743	280.0453514739229	238.84255319148937
28779	188.20861678004536	311.4666666666667
28814	361.67800453514735	447.63687943262414
28865	488.6621315192744	291.0411347517731
28907	732.4263038548753	376.1475177304965
28944	506.80272108843536	596.2893617021277
28998	417.23356009070295	670.0482269503547
29036	429.70521541950114	527.0695035460993
29076	272.108843537415	712.0340425531915
29132	496.5986394557823	422.67234042553196
29174	349.20634920634916	291.0411347517731
29233	215.41950113378687	465.79290780141844
29273	424.0362811791383	364.8
29315	521.5419501133787	418.1333333333334
29365	346.9387755102041	310.33191489361707
29411	333.3333333333333	423.8070921985816
29465	379.81859410430843	272.8851063829787
29503	438.7755102040816	317.1404255319149
29539	453.51473922902494	295.58014184397166
29602	377.55102040816325	288.77163120567377
29681	251.70068027210885	357.9914893617021
29718	413.83219954648524	387.4950354609929
29765	458.0498866213152	284.23262411347514
29804	300.45351473922904	331.8921985815603
29847	175.73696145124717	230.89929078014185
29883	509.07029478458054	207.0695035460993
29931	470.5215419501134	283.0978723404255
29972	303.85487528344675	292.1758865248227
30014	433.1065759637188	251.32482269503544
30051	189.34240362811792	270.6156028368794
30097	377.55102040816325	270.6156028368794
30133	352.60770975056687	127.63687943262411
30169	311.79138321995464	180.97021276595743
30209	289.1156462585034	276.2893617021276
30245	506.80272108843536	158.27517730496453
30278	369.61451247165536	190.0482269503546
30332	304.9886621315193	246.78581560283686
30376	615.6462585034013	262.6723404255319
30415	548.7528344671202	284.23262411347514
30465	421.76870748299325	512.3177304964539
30503	439.9092970521542	609.9063829787235
30545	421.76870748299325	564.5163120567375
30581	349.20634920634916	606.5021276595745
30633	418.36734693877554	445.3673758865248
30677	444.4444444444444	336.4312056737589
30734	522.6757369614512	271.75035460992905
30780	452.3809523809524	253.59432624113475
30816	394.5578231292517	476.00567375886527
30867	414.96598639455783	352.3177304964539
30906	503.4013605442177	412.4595744680851
30945	498.8662131519274	399.97730496453903
30983	531.7460317460317	396.5730496453901
31034	515.8730158730159	288.77163120567377
31081	460.3174603174603	309.1971631205674
31116	479.59183673469386	405.6510638297873
31167	562.358276643991	294.445390070922
31210	547.6190476190477	281.9631205673759
31246	607.7097505668935	258.1333333333333
31299	484.12698412698415	236.57304964539009
31339	492.06349206349205	244.51631205673755
31384	393.4240362811791	361.39574468085107
31422	412.69841269841265	354.58723404255323
31467	401.36054421768705	372.74326241134753
31503	514.7392290249433	305.79290780141844
31550	450.1133786848073	338.7007092198582
31584	546.4852607709751	193.45248226950355
31633	462.5850340136055	340.97021276595746
31680	485.2607709750567	339.8354609929078
31734	591.8367346938776	195.72198581560284
31778	873.015873015873	339.8354609929078
31813	424.0362811791383	528.204255319149
31867	534.0136054421769	533.8780141843972
31909	531.7460317460317	437.4241134751773
31944	497.7324263038549	486.2184397163121
31999	547.6190476190477	340.97021276595746
32045	454.6485260770975	388.62978723404257
32082	536.2811791383219	356.8567375886525
32134	523.8095238095239	272.8851063829787
32176	531.7460317460317	306.9276595744681
32234	393.4240362811791	205.93475177304964
32275	436.5079365079365	216.14751773049642
32315	528.3446712018141	414.72907801418444
32367	565.7596371882087	298.98439716312055
32404	522.6757369614512	381.82127659574473
32441	526.0770975056689	285.3673758865248
32478	445.578231292517	363.6652482269504
32534	716.5532879818595	254.72907801418438
32599	712.0181405895692	205.93475177304964
32649	501.13378684807253	293.31063829787234
32699	532.8798185941042	235.43829787234043
32749	433.1065759637188	195.72198581560284
32785	335.6009070294785	204.8
32827	451.2471655328798	243.38156028368792
32870	522.6757369614512	255.86382978723404
32908	417.23356009070295	308.06241134751775
32945	458.0498866213152	269.4808510638298
32987	401.36054421768705	238.84255319148937
33023	339.00226757369614	211.60851063829784
33062	445.578231292517	272.8851063829787
33097	429.70521541950114	168.48794326241133
33149	486.3945578231292	329.622695035461
33200	521.5419501133787	220.68652482269502
33249	498.8662131519274	287.6368794326241
33299	261.9047619047619	394.30354609929077
33349	565.7596371882087	525.9347517730497
33399	599.7732426303854	621.2539007092198
33449	583.9002267573696	496.4312056737588
33499	536.2811791383219	365.93475177304964
33538	475.0566893424036	381.82127659574473
33574	546.4852607709751	222.9560283687943
33610	453.51473922902494	196.85673758865246
33646	361.67800453514735	228.62978723404254
33699	487.5283446712018	362.5304964539007
33748	388.8888888888889	284.23262411347514
33786	402.49433106575964	261.53758865248227
33823	433.1065759637188	284.23262411347514
33863	625.8503401360545	174.16170212765957
33902	532.8798185941042	252.4595744680851
33944	540.8163265306123	182.10496453900709
33979	328.7981859410431	322.81418439716316
34016	447.8458049886621	120.82836879432624
34068	493.19727891156464	228.62978723404254
34108	426.30385487528343	343.23971631205677
34143	444.4444444444444	321.67943262411353
34179	382.0861678004535	230.89929078014185
34220	266.4399092970521	351.1829787234043
34260	312.9251700680272	293.31063829787234
34298	421.76870748299325	233.16879432624114
34350	412.69841269841265	295.58014184397166
34393	496.5986394557823	368.20425531914896
34449	426.30385487528343	253.59432624113475
34484	464.85260770975054	301.25390070921986
34534	382.0861678004535	298.98439716312055
34599	360.5442176870748	376.1475177304965
34649	544.21768707483	326.21843971631205
34699	302.72108843537416	295.58014184397166
34736	366.21315192743765	269.4808510638298
34772	396.8253968253968	196.85673758865246
34815	523.8095238095239	232.03404255319148
34867	309.5238095238095	114.01985815602838
34912	528.3446712018141	346.6439716312057
34947	416.09977324263036	329.622695035461
34999	592.9705215419501	480.5446808510639
35037	649.6598639455783	596.2893617021277
35073	625.8503401360545	352.3177304964539
35115	580.4988662131519	535.0127659574468
35167	603.1746031746031	499.83546099290777
35208	697.2789115646259	464.6581560283688
35247	674.6031746031747	209.33900709219856
35299	311.79138321995464	342.10496453900714
35350	218.82086167800455	348.913475177305
35392	437.6417233560091	258.1333333333333
35449	293.6507936507937	472.6014184397163
35499	51.02040816326531	426.0765957446809
35537	148.52607709750566	310.33191489361707
35575	180.2721088435374	399.97730496453903
35634	259.63718820861675	331.8921985815603
35678	221.08843537414967	326.21843971631205
35714	79.36507936507937	387.4950354609929
35766	52.15419501133787	493.02695035461
35809	195.01133786848075	361.39574468085107
35845	167.80045351473925	361.39574468085107
35899	176.87074829931973	444.2326241134752
35949	268.7074829931973	336.4312056737589
35996	205.2154195011338	524.8000000000001
36033	238.09523809523807	412.4595744680851
36077	250.56689342403627	427.21134751773053
36115	223.3560090702948	337.5659574468085
36167	429.70521541950114	317.1404255319149
36210	476.19047619047615	365.93475177304964
36248	132.65306122448982	317.1404255319149
36290	133.78684807256235	258.1333333333333
36326	113.37868480725623	258.1333333333333
36383	326.53061224489795	188.91347517730495
36425	301.58730158730157	78.84255319148936
36484	475.0566893424036	256.9985815602837
36534	375.28344671201813	203.66524822695035
36575	431.97278911564626	89.05531914893618
36614	455.78231292517006	91.32482269503546
36667	351.47392290249434	0.5446808510638302
36710	321.9954648526077	70.89929078014184
36744	404.76190476190476	126.50212765957447
36781	328.7981859410431	166.21843971631205
36833	325.3968253968254	146.92765957446807
36875	241.49659863945578	225.2255319148936
36912	126.98412698412697	174.16170212765957
36947	126.98412698412697	174.16170212765957
36999	65.75963718820861	272.8851063829787
37036	259.63718820861675	173.0269503546099
37072	436.5079365079365	145.79290780141844
37111	276.6439909297052	395.43829787234046
37167	154.19501133786846	354.58723404255323
37208	195.01133786848075	242.24680851063826
37245	107.70975056689343	232.03404255319148
37299	171.2018140589569	329.622695035461
37348	62.358276643990926	274.01985815602836
37400	192.7437641723356	159.40992907801416
37435	109.97732426303855	127.63687943262411
37483	385.4875283446712	78.84255319148936
37522	608.843537414966	101.53758865248228
37561	639.4557823129252	58.41702127659575
37598	587.3015873015873	100.40283687943263
37649	478.4580498866213	101.53758865248228
37699	503.4013605442177	177.5659574468085
37748	434.2403628117914	173.0269503546099
37799	332.1995464852608	288.77163120567377
37848	489.7959183673469	203.66524822695035
37938	479.59183673469386	281.9631205673759
37999	554.4217687074829	208.20425531914896
38039	435.3741496598639	232.03404255319148
38078	543.0839002267574	253.59432624113475
38134	468.25396825396825	74.30354609929078
38175	383.2199546485261	309.1971631205674
38214	539.6825396825396	167.3531914893617
38267	572.5623582766441	142.3886524822695
38312	442.17687074829934	300.11914893617023
38367	494.3310657596372	372.74326241134753
38408	459.18367346938777	283.0978723404255
38446	252.83446712018142	224.09078014184396
38500	187.0748299319728	238.84255319148937
38537	227.89115646258503	287.6368794326241
38574	286.84807256235825	219.55177304964536
38615	178.0045351473923	280.8283687943262
38667	226.75736961451247	280.8283687943262
38712	323.1292517006803	267.2113475177305
38767	206.34920634920633	263.8070921985816
38811	153.06122448979593	140.1191489361702
38847	325.3968253968254	303.5234042553192
38898	133.78684807256235	308.06241134751775
38941	256.2358276643991	310.33191489361707
38977	225.6235827664399	207.0695035460993
39034	545.3514739229025	207.0695035460993
39079	154.19501133786846	528.204255319149
39134	175.73696145124717	463.5234042553192
39170	136.0544217687075	580.4028368794326
39213	174.60317460317458	409.0553191489362
39267	357.14285714285717	392.0340425531915
39308	46.48526077097505	423.8070921985816
39346	68.02721088435375	412.4595744680851
39385	343.5374149659864	363.6652482269504
39423	259.63718820861675	310.33191489361707
39459	275.51020408163265	421.5375886524823
39496	207.48299319727892	376.1475177304965
39536	257.3696145124716	318.2751773049646
39573	187.0748299319728	340.97021276595746
39609	544.21768707483	217.28226950354608
39644	390.0226757369615	359.12624113475175
39681	365.07936507936506	270.6156028368794
39715	336.734693877551	364.8
39766	561.2244897959183	380.68652482269505
39808	1199.5464852607709	294.445390070922
39847	1328.7981859410431	300.11914893617023
39899	1151.9274376417234	327.35319148936173
39948	1285.7142857142858	167.3531914893617
39999	1212.0181405895692	320.54468085106384
40041	1385.4875283446713	109.48085106382979
40077	1336.734693877551	66.36028368794327
40118	1240.3628117913831	-24.41985815602837
40157	725.6235827664399	27.778723404255317
40194	282.312925170068	375.01276595744685
40236	387.7551020408163	201.39574468085107
40272	106.57596371882086	506.64397163120566
40308	335.6009070294785	256.9985815602837
40367	548.7528344671202	185.50921985815603
40408	495.4648526077097	244.51631205673755
40466	549.8866213151928	152.6014184397163
40510	484.12698412698415	192.3177304964539
40545	454.6485260770975	288.77163120567377
40580	548.7528344671202	135.58014184397166
40615	582.7664399092971	121.96312056737588
40653	569.1609977324264	222.9560283687943
40690	401.36054421768705	472.6014184397163
40725	510.2040816326531	301.25390070921986
40783	659.8639455782312	235.43829787234043
40827	695.0113378684807	116.28936170212766
40882	624.7165532879818	143.52340425531915
40924	679.1383219954648	135.58014184397166
40963	543.0839002267574	234.30354609929077
41016	463.71882086167795	262.6723404255319
41056	489.7959183673469	272.8851063829787
41105	238.09523809523807	430.6156028368795
41143	388.8888888888889	339.8354609929078
41187	367.34693877551024	338.7007092198582
41239	402.49433106575964	280.8283687943262
41289	324.26303854875283	309.1971631205674
41328	333.3333333333333	308.06241134751775
41389	250.56689342403627	330.7574468085106
41433	226.75736961451247	319.4099290780142
41472	249.4331065759637	362.5304964539007
41523	213.15192743764172	373.8780141843972
41567	195.01133786848075	308.06241134751775
41603	189.34240362811792	330.7574468085106
41639	227.89115646258503	439.69361702127657
41688	199.546485260771	298.98439716312055
41731	286.84807256235825	217.28226950354608
41768	384.3537414965986	430.6156028368795
41823	315.19274376417235	592.8851063829787
41866	141.7233560090703	605.3673758865249
41904	167.80045351473925	583.8070921985816
41956	106.57596371882086	576.9985815602837
42005	159.8639455782313	494.16170212765957
42043	87.30158730158729	465.79290780141844
42079	91.83673469387756	496.4312056737588
42121	58.956916099773245	426.0765957446809
42172	148.52607709750566	414.72907801418444
42209	243.7641723356009	340.97021276595746
42246	243.7641723356009	340.97021276595746
42284	331.0657596371882	352.3177304964539
42321	134.9206349206349	494.16170212765957
42358	200.68027210884352	319.4099290780142
42400	308.39002267573693	296.7148936170213
42436	253.96825396825395	359.12624113475175
42489	196.14512471655328	404.5163120567376
42527	531.7460317460317	252.4595744680851
42566	480.72562358276645	227.4950354609929
42602	535.1473922902494	363.6652482269504
42656	421.76870748299325	463.5234042553192
42698	308.39002267573693	329.622695035461
42732	253.96825396825395	384.090780141844
42768	316.32653061224494	275.154609929078
42823	281.1791383219955	456.7148936170213
42868	332.1995464852608	357.9914893617021
42906	367.34693877551024	360.26099290780144
42955	221.08843537414967	381.82127659574473
43005	549.8866213151928	314.87092198581564
43040	421.76870748299325	413.5943262411348
43077	467.12018140589566	446.50212765957446
43112	470.5215419501134	362.5304964539007
43147	546.4852607709751	322.81418439716316
43187	481.85941043083903	260.40283687943264
43238	329.9319727891156	375.01276595744685
43283	348.0725623582767	303.5234042553192
43320	373.015873015873	309.1971631205674
43360	407.0294784580499	426.0765957446809
43404	289.1156462585034	428.3460992907802
43456	435.3741496598639	312.6014184397163
43506	413.83219954648524	288.77163120567377
43546	430.83900226757373	322.81418439716316
43584	339.00226757369614	241.11205673758863
43638	277.77777777777777	386.36028368794325
43688	444.4444444444444	320.54468085106384
43729	512.4716553287982	197.99148936170212
43789	394.5578231292517	329.622695035461
43829	475.0566893424036	314.87092198581564
43871	456.91609977324265	318.2751773049646
43922	368.48072562358277	431.75035460992905
43966	540.8163265306123	365.93475177304964
44004	530.6122448979593	238.84255319148937
44055	505.66893424036283	360.26099290780144
44106	594.1043083900227	428.3460992907802
44143	526.0770975056689	386.36028368794325
44187	538.5487528344671	353.4524822695036
44238	532.8798185941042	331.8921985815603
44289	472.78911564625855	277.4241134751773
44327	521.5419501133787	288.77163120567377
44368	447.8458049886621	305.79290780141844
44408	596.3718820861677	264.9418439716312
44442	616.7800453514739	222.9560283687943
44485	486.3945578231292	322.81418439716316
44538	492.06349206349205	319.4099290780142
44594	594.1043083900227	376.1475177304965
44631	462.5850340136055	233.16879432624114
44689	469.38775510204084	238.84255319148937
44730	676.8707482993198	296.7148936170213
44765	507.9365079365079	310.33191489361707
44805	479.59183673469386	317.1404255319149
44854	362.81179138321994	353.4524822695036
44905	638.3219954648525	303.5234042553192
44956	611.1111111111112	331.8921985815603
44999	436.5079365079365	511.18297872340423
45056	342.4036281179138	588.3460992907802
45094	380.9523809523809	491.89219858156036
45137	448.9795918367347	346.6439716312057
45188	467.12018140589566	406.7858156028369
45226	414.96598639455783	388.62978723404257
45263	577.0975056689342	438.55886524822694
45302	743.7641723356008	357.9914893617021
45335	708.6167800453514	325.0836879432624
45388	465.98639455782313	368.20425531914896
45429	504.53514739229024	428.3460992907802
45468	599.7732426303854	347.77872340425535
45522	577.0975056689342	414.72907801418444
45568	590.702947845805	327.35319148936173
45603	638.3219954648525	312.6014184397163
45655	427.437641723356	387.4950354609929
45705	522.6757369614512	412.4595744680851
45755	507.9365079365079	249.05531914893615
45794	478.4580498866213	359.12624113475175
45832	365.07936507936506	448.77163120567377
45870	358.27664399092976	326.21843971631205
45923	397.9591836734694	363.6652482269504
45969	289.1156462585034	325.0836879432624
46003	272.108843537415	293.31063829787234
46055	314.05895691609976	466.9276595744681
46105	631.5192743764172	123.09787234042552
46143	646.2585034013606	137.84964539007092
46183	697.2789115646259	91.32482269503546
46229	653.0612244897959	151.46666666666667
46267	721.0884353741496	23.23971631205674
46302	775.5102040816327	86.78581560283688
46393	905.8956916099773	224.09078014184396
46430	852.6077097505669	300.11914893617023
46467	806.1224489795918	194.58723404255318
46503	787.9818594104308	138.98439716312058
46556	646.2585034013606	272.8851063829787
46595	662.1315192743764	244.51631205673755
46630	616.7800453514739	319.4099290780142
46665	688.2086167800453	194.58723404255318
46703	663.2653061224489	146.92765957446807
46755	571.4285714285714	298.98439716312055
46794	604.3083900226758	280.8283687943262
46834	476.19047619047615	339.8354609929078
46889	640.5895691609977	302.3886524822695
46927	553.2879818594104	166.21843971631205
46963	615.6462585034013	327.35319148936173
46998	604.3083900226758	251.32482269503544
47055	600.9070294784581	188.91347517730495
47094	538.5487528344671	321.67943262411353
47137	638.3219954648525	220.68652482269502
47189	438.7755102040816	69.76453900709221
47232	716.5532879818595	420.4028368794327
47269	418.36734693877554	571.3248226950354
47312	293.6507936507937	626.9276595744681
47354	393.4240362811791	404.5163120567376
47406	379.81859410430843	455.58014184397166
47456	502.2675736961452	319.4099290780142
47492	464.85260770975054	311.4666666666667
47528	316.32653061224494	419.268085106383
47565	413.83219954648524	395.43829787234046
47599	439.9092970521542	277.4241134751773
47654	462.5850340136055	232.03404255319148
47704	504.53514739229024	254.72907801418438
47755	301.58730158730157	277.4241134751773
47805	351.47392290249434	195.72198581560284
47843	339.00226757369614	406.7858156028369
47882	308.39002267573693	372.74326241134753
47938	342.4036281179138	396.5730496453901
47975	479.59183673469386	379.5517730496454
48014	349.20634920634916	286.50212765957446
48052	387.7551020408163	259.26808510638296
48087	413.83219954648524	275.154609929078
48138	487.5283446712018	222.9560283687943
48175	416.09977324263036	269.4808510638298
48217	362.81179138321994	280.8283687943262
48272	431.97278911564626	326.21843971631205
48312	534.0136054421769	394.30354609929077
48357	339.00226757369614	293.31063829787234
48394	486.3945578231292	319.4099290780142
48433	426.30385487528343	420.4028368794327
48470	670.0680272108843	242.24680851063826
48523	638.3219954648525	238.84255319148937
48588	546.4852607709751	262.6723404255319
48630	814.0589569160998	165.0836879432624
48666	585.0340136054422	187.7787234042553
48722	715.4195011337869	158.27517730496453
48771	558.9569160997733	114.01985815602838
48823	554.4217687074829	272.8851063829787
48888	586.1678004535147	195.72198581560284
48930	650.7936507936508	256.9985815602837
48989	575.9637188208617	310.33191489361707
49029	589.5691609977324	266.07659574468084
49070	448.9795918367347	244.51631205673755
49109	494.3310657596372	244.51631205673755
49144	382.0861678004535	254.72907801418438
49187	590.702947845805	303.5234042553192
49226	558.9569160997733	379.5517730496454
49269	462.5850340136055	254.72907801418438
49323	512.4716553287982	286.50212765957446
49369	665.5328798185941	525.9347517730497
49423	335.6009070294785	483.94893617021285
49471	629.2517006802722	294.445390070922
49523	716.5532879818595	345.50921985815603
49588	651.9274376417234	284.23262411347514
49627	645.124716553288	298.98439716312055
49666	718.8208616780046	188.91347517730495
49723	705.2154195011337	390.8992907801418
49771	722.2222222222222	230.89929078014185
49822	575.9637188208617	221.82127659574468
49866	609.9773242630386	173.0269503546099
49903	625.8503401360545	91.32482269503546
49954	631.5192743764172	93.59432624113475
50005	643.9909297052154	127.63687943262411
50047	758.5034013605442	168.48794326241133
50082	653.0612244897959	286.50212765957446
50138	688.2086167800453	200.2609929078014
50188	660.9977324263039	196.85673758865246
50233	727.8911564625851	152.6014184397163
50288	734.6938775510205	126.50212765957447
50328	709.7505668934241	137.84964539007092
50365	819.7278911564626	128.77163120567377
50401	890.0226757369614	137.84964539007092
50436	807.2562358276643	211.60851063829784
50473	807.2562358276643	211.60851063829784
50515	874.1496598639455	95.86382978723404
50571	863.9455782312925	107.21134751773049
50606	829.9319727891157	111.75035460992908
50656	702.9478458049887	-10.802836879432624
50694	793.6507936507936	6.218439716312058
50730	770.9750566893424	82.2468085106383
50788	831.0657596371882	92.45957446808511
50828	494.3310657596372	146.92765957446807
50871	437.6417233560091	112.88510638297873
50921	403.62811791383217	68.62978723404257
50967	373.015873015873	175.2964539007092
51002	324.26303854875283	159.40992907801416
51054	496.5986394557823	388.62978723404257
51105	657.5963718820861	284.23262411347514
51154	257.3696145124716	439.69361702127657
51193	346.9387755102041	314.87092198581564
51228	191.60997732426304	416.99858156028375
51270	160.99773242630386	428.3460992907802
51323	325.3968253968254	350.04822695035466
51365	200.68027210884352	359.12624113475175
51404	284.5804988662132	478.2751773049646
51455	551.0204081632653	157.14042553191487
51494	534.0136054421769	491.89219858156036
51528	318.59410430839	364.8
51570	413.83219954648524	385.2255319148937
51625	473.9229024943311	217.28226950354608
51668	434.2403628117914	259.26808510638296
51726	636.0544217687075	221.82127659574468
51766	529.4784580498866	166.21843971631205
51808	633.7868480725624	83.38156028368795
51858	562.358276643991	135.58014184397166
51896	646.2585034013606	163.94893617021276
51938	577.0975056689342	69.76453900709221
51992	643.9909297052154	92.45957446808511
52026	714.2857142857143	117.42411347517732
52071	683.6734693877551	82.2468085106383
52108	615.6462585034013	110.61560283687943
52147	649.6598639455783	243.38156028368792
52190	700.6802721088435	60.68652482269504
52228	793.6507936507936	70.89929078014184
52271	605.4421768707483	176.43120567375885
52325	527.2108843537416	158.27517730496453
52371	548.7528344671202	158.27517730496453
52410	624.7165532879818	26.643971631205677
52459	484.12698412698415	116.28936170212766
52501	470.5215419501134	121.96312056737588
52539	521.5419501133787	209.33900709219856
52591	529.4784580498866	225.2255319148936
52637	493.19727891156464	268.34609929078016
52673	448.9795918367347	197.99148936170212
52726	718.8208616780046	136.71489361702126
52769	810.657596371882	177.5659574468085
52806	810.657596371882	177.5659574468085
52848	846.9387755102041	84.5163120567376
52882	882.0861678004536	115.15460992907802
52941	858.2766439909298	51.60851063829788
52992	863.9455782312925	9.622695035460993
53027	659.8639455782312	174.16170212765957
53062	504.53514739229024	269.4808510638298
53099	463.71882086167795	156.0056737588652
53134	590.702947845805	125.36737588652483
53175	470.5215419501134	185.50921985815603
53215	357.14285714285717	212.7432624113475
53252	361.67800453514735	244.51631205673755
53307	416.09977324263036	217.28226950354608
53348	427.437641723356	62.95602836879433
53385	290.24943310657596	208.20425531914896
53422	393.4240362811791	230.89929078014185
53476	371.8820861678004	281.9631205673759
53518	341.26984126984127	320.54468085106384
53555	344.671201814059	266.07659574468084
53608	304.9886621315193	308.06241134751775
53658	341.26984126984127	295.58014184397166
53704	312.9251700680272	254.72907801418438
53757	530.6122448979593	207.0695035460993
53808	543.0839002267574	192.3177304964539
53849	572.5623582766441	148.06241134751772
53908	589.5691609977324	211.60851063829784
53959	526.0770975056689	333.02695035460994
54002	439.9092970521542	264.9418439716312
54037	509.07029478458054	254.72907801418438
54073	612.2448979591837	314.87092198581564
54111	471.65532879818596	330.7574468085106
54147	421.76870748299325	435.154609929078
54191	340.1360544217687	514.5872340425532
54241	340.1360544217687	292.1758865248227
54278	341.26984126984127	424.9418439716313
54320	418.36734693877554	399.97730496453903
54375	566.8934240362812	390.8992907801418
54417	647.3922902494331	390.8992907801418
54453	521.5419501133787	278.55886524822694
54509	579.3650793650794	236.57304964539009
54549	619.047619047619	309.1971631205674
54582	680.2721088435374	259.26808510638296
54616	699.546485260771	220.68652482269502
54652	722.2222222222222	201.39574468085107
54708	836.7346938775511	144.6581560283688
54745	739.2290249433107	117.42411347517732
54782	808.390022675737	188.91347517730495
54871	824.2630385487528	204.8
54926	718.8208616780046	73.16879432624114
54968	706.3492063492064	168.48794326241133
55005	706.3492063492064	168.48794326241133
55059	797.0521541950113	123.09787234042552
55097	784.5804988662131	131.04113475177306
55134	763.0385487528345	146.92765957446807
55170	849.2063492063492	81.11205673758866
55207	887.7551020408163	144.6581560283688
55258	828.798185941043	126.50212765957447
55300	655.3287981859411	136.71489361702126
55339	587.3015873015873	217.28226950354608
55391	710.8843537414966	197.99148936170212
55432	568.0272108843537	111.75035460992908
55470	400.2267573696145	175.2964539007092
55526	511.3378684807256	260.40283687943264
55568	558.9569160997733	204.8
55602	413.83219954648524	165.0836879432624
55640	543.0839002267574	25.50921985815603
55692	488.6621315192744	102.67234042553193
55736	534.0136054421769	193.45248226950355
55777	676.8707482993198	56.14751773049645
55841	505.66893424036283	145.79290780141844
55877	555.5555555555555	90.19007092198582
55915	603.1746031746031	186.64397163120566
55950	492.06349206349205	142.3886524822695
55985	462.5850340136055	117.42411347517732
56021	680.2721088435374	268.34609929078016
56075	597.5056689342404	167.3531914893617
56120	647.3922902494331	600.8283687943263
56155	726.7573696145124	685.9347517730496
56197	484.12698412698415	646.2184397163121
56237	602.0408163265306	469.1971631205674
56275	582.7664399092971	261.53758865248227
56325	511.3378684807256	357.9914893617021
56373	465.98639455782313	320.54468085106384
56425	497.7324263038549	213.87801418439713
56462	409.297052154195	152.6014184397163
56505	632.6530612244899	47.0695035460993
56559	469.38775510204084	203.66524822695035
56597	452.3809523809524	187.7787234042553
56635	443.31065759637187	190.0482269503546
56670	464.85260770975054	209.33900709219856
56725	448.9795918367347	196.85673758865246
56766	532.8798185941042	150.331914893617
56803	549.8866213151928	201.39574468085107
56859	835.6009070294784	150.331914893617
56899	527.2108843537416	179.8354609929078
56937	460.3174603174603	195.72198581560284
56991	498.8662131519274	304.6581560283688
57030	490.9297052154195	283.0978723404255
57066	392.29024943310657	243.38156028368792
57100	345.8049886621315	188.91347517730495
57159	213.15192743764172	142.3886524822695
57199	129.2517006802721	191.18297872340423
57239	106.57596371882086	252.4595744680851
57291	183.67346938775512	280.8283687943262
57336	266.4399092970521	150.331914893617
57371	379.81859410430843	222.9560283687943
57426	295.9183673469388	118.55886524822697
57468	391.156462585034	170.75744680851062
57502	259.63718820861675	107.21134751773049
57558	460.3174603174603	268.34609929078016
57608	320.8616780045351	250.1900709219858
57648	402.49433106575964	148.06241134751772
57684	238.09523809523807	302.3886524822695
57721	520.4081632653061	174.16170212765957
57764	733.5600907029478	270.6156028368794
57799	362.81179138321994	647.3531914893617
57858	309.5238095238095	411.3248226950355
57895	253.96825396825395	494.16170212765957
57935	192.7437641723356	443.0978723404255
57991	141.7233560090703	325.0836879432624
58031	216.5532879818594	160.54468085106382
58069	283.4467120181406	222.9560283687943
58110	316.32653061224494	224.09078014184396
58146	329.9319727891156	85.65106382978725
58189	176.87074829931973	201.39574468085107
58241	429.70521541950114	81.11205673758866
58291	535.1473922902494	137.84964539007092
58332	570.2947845804989	200.2609929078014
58372	479.59183673469386	171.89219858156025
58425	653.0612244897959	124.23262411347518
58468	673.469387755102	213.87801418439713
58505	680.2721088435374	89.05531914893618
58539	484.12698412698415	124.23262411347518
58591	626.984126984127	250.1900709219858
58629	418.36734693877554	107.21134751773049
58671	673.469387755102	95.86382978723404
58710	486.3945578231292	107.21134751773049
58758	421.76870748299325	114.01985815602838
58802	349.20634920634916	150.331914893617
58837	441.0430839002268	103.80709219858157
58871	437.6417233560091	143.52340425531915
58925	611.1111111111112	168.48794326241133
58970	640.5895691609977	199.12624113475178
59008	640.5895691609977	199.12624113475178
59048	693.8775510204082	112.88510638297873
59082	699.546485260771	93.59432624113475
59123	667.8004535147393	85.65106382978725
59174	548.7528344671202	287.6368794326241
59219	625.8503401360545	239.97730496453897
59256	555.5555555555555	144.6581560283688
59307	434.2403628117914	199.12624113475178
59358	366.21315192743765	232.03404255319148
59398	459.18367346938777	205.93475177304964
59439	341.26984126984127	216.14751773049642
59475	277.77777777777777	157.14042553191487
59526	367.34693877551024	205.93475177304964
59571	315.19274376417235	342.10496453900714
59625	248.29931972789115	294.445390070922
59667	312.9251700680272	234.30354609929077
59705	325.3968253968254	267.2113475177305
59742	301.58730158730157	229.7645390070922
59776	243.7641723356009	284.23262411347514
59818	329.9319727891156	178.70070921985814
59875	421.76870748299325	228.62978723404254
59930	304.9886621315193	160.54468085106382
59965	371.8820861678004	228.62978723404254
60003	395.6916099773243	188.91347517730495
60058	467.12018140589566	220.68652482269502
60097	531.7460317460317	190.0482269503546
60138	554.4217687074829	110.61560283687943
60190	530.6122448979593	159.40992907801416
60241	537.4149659863946	104.94184397163122
60291	481.85941043083903	127.63687943262411
60328	724.4897959183673	144.6581560283688
60368	507.9365079365079	228.62978723404254
60404	617.9138321995464	190.0482269503546
60458	581.6326530612245	11.892198581560285
60508	633.7868480725624	111.75035460992908
60553	475.0566893424036	66.36028368794327
60588	472.78911564625855	180.97021276595743
60641	482.99319727891157	193.45248226950355
60692	435.3741496598639	398.8425531914894
60728	425.17006802721085	253.59432624113475
60772	569.1609977324264	415.86382978723407
60825	424.0362811791383	564.5163120567375
60867	451.2471655328798	466.9276595744681
60925	427.437641723356	451.04113475177303
60967	336.734693877551	376.1475177304965
61006	239.22902494331066	362.5304964539007
61041	213.15192743764172	293.31063829787234
61092	215.41950113378687	318.2751773049646
61142	45.35147392290249	306.9276595744681
61184	229.0249433106576	60.68652482269504
61222	171.2018140589569	264.9418439716312
61275	164.39909297052154	428.3460992907802
61319	184.80725623582768	296.7148936170213
61355	70.29478458049887	225.2255319148936
61407	247.1655328798186	128.77163120567377
61458	413.83219954648524	199.12624113475178
61497	387.7551020408163	239.97730496453897
61532	337.8684807256236	286.50212765957446
61573	374.1496598639456	204.8
61626	387.7551020408163	106.07659574468084
61667	430.83900226757373	183.23971631205674
61710	303.85487528344675	212.7432624113475
61747	384.3537414965986	174.16170212765957
61790	413.83219954648524	188.91347517730495
61841	506.80272108843536	149.19716312056735
61891	494.3310657596372	228.62978723404254
61934	400.2267573696145	207.0695035460993
61972	502.2675736961452	92.45957446808511
62011	596.3718820861677	179.8354609929078
62048	371.8820861678004	271.75035460992905
62083	391.156462585034	241.11205673758863
62134	374.1496598639456	308.06241134751775
62180	323.1292517006803	355.72198581560286
62214	258.5034013605442	394.30354609929077
62267	198.4126984126984	266.07659574468084
62318	132.65306122448982	279.69361702127657
62364	342.4036281179138	250.1900709219858
62418	316.32653061224494	150.331914893617
62459	353.74149659863946	271.75035460992905
62496	270.9750566893424	255.86382978723404
62533	336.734693877551	249.05531914893615
62566	478.4580498866213	76.57304964539009
62617	458.0498866213152	171.89219858156025
62657	515.8730158730159	111.75035460992908
62697	444.4444444444444	119.69361702127661
62750	384.3537414965986	128.77163120567377
62801	656.4625850340135	233.16879432624114
62845	639.4557823129252	494.16170212765957
62882	493.19727891156464	653.02695035461
62934	620.1814058956916	570.1900709219858
62977	540.8163265306123	495.2964539007092
63034	498.8662131519274	523.6652482269503
63075	497.7324263038549	357.9914893617021
63111	357.14285714285717	269.4808510638298
63167	535.1473922902494	229.7645390070922
63232	358.27664399092976	284.23262411347514
63317	582.7664399092971	203.66524822695035
63363	560.0907029478458	311.4666666666667
63418	443.31065759637187	278.55886524822694
63463	470.5215419501134	274.01985815602836
63499	505.66893424036283	222.9560283687943
63539	526.0770975056689	157.14042553191487
63577	342.4036281179138	177.5659574468085
63635	470.5215419501134	208.20425531914896
63674	368.48072562358277	224.09078014184396
63716	482.99319727891157	255.86382978723404
63766	515.8730158730159	202.5304964539007
63817	485.2607709750567	218.41702127659573
63861	467.12018140589566	384.090780141844
63898	422.9024943310657	256.9985815602837
63941	374.1496598639456	277.4241134751773
63985	384.3537414965986	243.38156028368792
64034	420.63492063492066	270.6156028368794
64084	373.015873015873	284.23262411347514
64128	414.96598639455783	249.05531914893615
64163	407.0294784580499	338.7007092198582
64218	125.85034013605443	347.77872340425535
64254	299.31972789115645	275.154609929078
64293	333.3333333333333	330.7574468085106
64340	178.0045351473923	353.4524822695036
64381	234.69387755102042	333.02695035460994
64434	214.28571428571428	396.5730496453901
64485	172.3356009070295	370.47375886524827
64529	174.60317460317458	363.6652482269504
64566	153.06122448979593	375.01276595744685
64599	153.06122448979593	375.01276595744685
64649	61.224489795918366	357.9914893617021
64699	104.30839002267574	278.55886524822694
64750	162.13151927437642	422.67234042553196
64800	299.31972789115645	368.20425531914896
64840	368.48072562358277	286.50212765957446
64874	458.0498866213152	215.0127659574468
64913	314.05895691609976	258.1333333333333
64966	436.5079365079365	440.82836879432625
65019	378.68480725623584	455.58014184397166
65066	295.9183673469388	394.30354609929077
65100	439.9092970521542	420.4028368794327
65150	255.10204081632654	245.6510638297872
65200	283.4467120181406	321.67943262411353
65250	303.85487528344675	311.4666666666667
65301	209.75056689342404	362.5304964539007
65340	348.0725623582767	292.1758865248227
65377	187.0748299319728	494.16170212765957
65434	257.3696145124716	445.3673758865248
65476	113.37868480725623	454.445390070922
65511	350.34013605442175	480.5446808510639
65550	520.4081632653061	460.11914893617023
65601	519.2743764172335	490.7574468085107
65641	286.84807256235825	428.3460992907802
65676	386.6213151927438	451.04113475177303
65735	456.91609977324265	440.82836879432625
65773	247.1655328798186	582.672340425532
65810	239.22902494331066	452.1758865248227
65849	320.8616780045351	538.4170212765957
65900	251.70068027210885	346.6439716312057
65942	156.4625850340136	544.090780141844
65977	116.78004535147392	452.1758865248227
66012	166.66666666666666	507.7787234042553
66067	215.41950113378687	444.2326241134752
66102	170.06802721088434	399.97730496453903
66151	85.03401360544217	392.0340425531915
66197	141.7233560090703	508.913475177305
66251	41.95011337868481	497.5659574468085
66286	213.15192743764172	380.68652482269505
66323	131.51927437641723	439.69361702127657
66361	147.3922902494331	559.977304964539
66398	140.58956916099774	480.5446808510639
66450	390.0226757369615	313.736170212766
66500	401.36054421768705	300.11914893617023
66535	465.98639455782313	250.1900709219858
66572	419.5011337868481	219.55177304964536
66607	529.4784580498866	118.55886524822697
66646	515.8730158730159	103.80709219858157
66699	543.0839002267574	84.5163120567376
66738	556.6893424036281	-7.398581560283687
66774	527.2108843537416	162.8141843971631
66816	540.8163265306123	111.75035460992908
66868	614.5124716553288	75.43829787234043
66908	552.1541950113378	65.22553191489362
66946	628.1179138321995	-72.07943262411347
66983	679.1383219954648	77.70780141843973
67033	643.9909297052154	99.26808510638298
67074	680.2721088435374	70.89929078014184
67108	622.4489795918367	73.16879432624114
67144	680.2721088435374	67.49503546099291
67183	727.8911564625851	115.15460992907802
67226	697.2789115646259	140.1191489361702
67265	654.1950113378686	110.61560283687943
67318	681.40589569161	212.7432624113475
67362	902.4943310657596	123.09787234042552
67397	834.4671201814059	15.29645390070922
67432	578.2312925170068	95.86382978723404
67483	679.1383219954648	24.374468085106383
67525	699.546485260771	8.487943262411347
67562	698.4126984126983	39.12624113475178
67599	787.9818594104308	-39.171631205673755
67649	785.7142857142857	-13.072340425531914
67699	853.7414965986394	87.92056737588652
67733	1003.4013605442176	89.05531914893618
67785	799.3197278911565	61.82127659574469
67827	837.8684807256236	111.75035460992908
67863	741.4965986394558	133.31063829787234
67899	612.2448979591837	52.74326241134752
67951	549.8866213151928	73.16879432624114
67995	558.9569160997733	15.29645390070922
68033	502.2675736961452	1.6794326241134756
68085	675.7369614512472	104.94184397163122
68127	589.5691609977324	-15.341843971631205
68184	657.5963718820861	83.38156028368795
68221	497.7324263038549	156.0056737588652
68261	395.6916099773243	15.29645390070922
68297	229.0249433106576	135.58014184397166
68331	167.80045351473925	186.64397163120566
68371	222.2222222222222	177.5659574468085
68409	200.68027210884352	112.88510638297873
68445	153.06122448979593	170.75744680851062
68501	165.5328798185941	169.622695035461
68540	145.12471655328798	156.0056737588652
68577	157.59637188208617	143.52340425531915
68614	238.09523809523807	96.9985815602837
68667	225.6235827664399	95.86382978723404
68706	65.75963718820861	141.25390070921986
68743	-24.943310657596374	94.7290780141844
68778	95.23809523809523	93.59432624113475
68835	40.816326530612244	117.42411347517732
68875	162.13151927437642	64.09078014184398
68911	79.36507936507937	50.47375886524823
68948	105.44217687074831	126.50212765957447
69000	274.3764172335601	20.970212765957445
69037	217.68707482993196	64.09078014184398
69073	242.63038548752834	100.40283687943263
69108	139.45578231292515	168.48794326241133
69150	218.82086167800455	101.53758865248228
69184	265.30612244897964	-13.072340425531914
69234	290.24943310657596	73.16879432624114
69270	307.2562358276644	150.331914893617
69309	346.9387755102041	47.0695035460993
69344	417.23356009070295	-21.01560283687943
69382	368.48072562358277	108.34609929078015
69434	476.19047619047615	34.58723404255319
69473	623.5827664399093	18.700709219858155
69513	588.4353741496599	-36.90212765957446
69553	622.4489795918367	41.395744680851074
69595	522.6757369614512	27.778723404255317
69650	541.9501133786848	15.29645390070922
69699	402.49433106575964	57.282269503546104
69752	385.4875283446712	9.622695035460993
69788	396.8253968253968	0.5446808510638302
69826	378.68480725623584	34.58723404255319
69870	421.76870748299325	109.48085106382979
69908	424.0362811791383	58.41702127659575
69947	370.7482993197279	126.50212765957447
70000	590.702947845805	27.778723404255317
70033	670.0680272108843	-21.01560283687943
70085	640.5895691609977	-21.01560283687943
70126	655.3287981859411	65.22553191489362
70184	638.3219954648525	31.182978723404254
70231	473.9229024943311	100.40283687943263
70286	526.0770975056689	72.0340425531915
70327	604.3083900226758	64.09078014184398
70385	709.7505668934241	-90.2354609929078
70423	819.7278911564626	-126.54751773049644
70464	759.6371882086169	-89.10070921985816
70518	797.0521541950113	-143.56879432624112
70558	873.015873015873	-55.058156028368785
70594	853.7414965986394	-53.92340425531914
70630	859.4104308390023	-127.68226950354608
70672	919.5011337868481	-100.44822695035461
70716	845.8049886621314	-84.56170212765957
70766	894.5578231292517	-5.129078014184397
70808	827.6643990929705	19.8354609929078
70846	951.2471655328798	-44.84539007092198
70882	993.1972789115646	-26.689361702127655
70933	982.9931972789116	397.7078014184397
70985	1004.5351473922904	385.2255319148937
71034	750.5668934240363	232.03404255319148
71072	753.968253968254	143.52340425531915
71105	651.9274376417234	187.7787234042553
71141	794.7845804988663	104.94184397163122
71199	884.3537414965987	100.40283687943263
71234	666.6666666666666	124.23262411347518
71283	563.4920634920635	166.21843971631205
71326	428.57142857142856	194.58723404255318
71364	292.5170068027211	50.47375886524823
71418	341.26984126984127	69.76453900709221
71466	304.9886621315193	75.43829787234043
71507	321.9954648526077	109.48085106382979
71549	295.9183673469388	100.40283687943263
71583	311.79138321995464	111.75035460992908
71669	668.9342403628118	317.1404255319149
71717	363.94557823129253	269.4808510638298
71762	430.83900226757373	418.1333333333334
71817	204.08163265306123	413.5943262411348
71860	214.28571428571428	331.8921985815603
71897	187.0748299319728	263.8070921985816
71932	277.77777777777777	215.0127659574468
71985	201.81405895691609	121.96312056737588
72024	87.30158730158729	133.31063829787234
72065	196.14512471655328	96.9985815602837
72118	318.59410430839	186.64397163120566
72158	269.8412698412698	90.19007092198582
72218	171.2018140589569	209.33900709219856
72260	344.671201814059	108.34609929078015
72318	259.63718820861675	106.07659574468084
72364	340.1360544217687	30.04822695035461
72399	308.39002267573693	-24.41985815602837
72450	252.83446712018142	-9.668085106382978
72497	386.6213151927438	-31.22836879432624
72534	583.9002267573696	-78.88794326241134
72572	639.4557823129252	-53.92340425531914
72612	631.5192743764172	-68.67517730496454
72646	662.1315192743764	-132.22127659574468
72686	719.954648526077	-110.6609929078014
72722	750.5668934240363	-230.94468085106382
72782	690.4761904761905	-69.80992907801418
72830	557.8231292517006	-24.41985815602837
72870	561.2244897959183	-30.093617021276597
72913	566.8934240362812	-67.54042553191489
72950	1003.4013605442176	-2.859574468085106
72987	1201.8140589569161	188.91347517730495
73023	1137.18820861678	460.11914893617023
73080	1202.9478458049887	274.01985815602836
73125	1123.5827664399094	348.913475177305
73166	1207.4829931972788	289.9063829787234
73213	1014.7392290249433	361.39574468085107
73263	1087.3015873015872	301.25390070921986
73300	1143.9909297052154	180.97021276595743
73337	1027.2108843537414	200.2609929078014
73380	1229.0249433106576	224.09078014184396
73416	1113.3786848072561	294.445390070922
73451	1034.0136054421769	323.9489361702128
73491	1037.4149659863945	379.5517730496454
73533	1039.6825396825398	565.6510638297872
73579	755.1020408163265	687.0695035460993
73630	713.1519274376418	739.268085106383
73671	502.2675736961452	941.2539007092199
73709	554.4217687074829	919.6936170212766
73748	685.9410430839002	826.6439716312057
73796	660.9977324263039	868.6297872340425
73846	658.7301587301587	869.7645390070923
73896	713.1519274376418	767.6368794326241
73928	640.5895691609977	820.9702127659575
73980	660.9977324263039	834.5872340425532
74030	727.8911564625851	660.9702127659575
74066	899.0929705215419	649.622695035461
74102	716.5532879818595	786.9276595744682
74137	959.1836734693877	701.8212765957447
74195	1069.1609977324263	786.9276595744682
74246	1113.3786848072561	721.1120567375887
74290	1197.2789115646258	707.4950354609929
74326	1191.609977324263	681.3957446808511
74368	1215.419501133787	744.9418439716312
74409	1206.3492063492063	732.4595744680852
74448	1232.4263038548752	676.8567375886525
74497	1235.8276643990928	642.8141843971631
74531	1172.3356009070294	828.913475177305
74570	1234.6938775510203	794.8709219858157
74613	1104.3083900226757	911.7503546099291
74663	1206.3492063492063	613.3106382978724
74713	1179.1383219954648	595.1546099290781
74749	1183.6734693877552	591.7503546099291
74813	1181.40589569161	367.0695035460993
