time	x	y
1	782.9203539823009	478.13259668508283
40	684.4690265486726	474.81767955801104
67	155.7079646017699	454.9281767955801
97	336.01769911504425	465.9779005524862
129	741.9911504424779	452.7182320441988
162	962.1238938053098	459.34806629834253
192	869.2035398230088	217.35911602209947
219	834.9115044247787	493.6022099447514
247	942.212389380531	482.55248618784526
296	963.2300884955753	501.3370165745856
325	802.8318584070796	462.6629834254143
355	607.0353982300885	504.65193370165747
386	785.1327433628319	520.121546961326
414	831.5929203539822	472.6077348066299
442	336.01769911504425	541.1160220994475
473	48.40707964601769	319.01657458563534
501	173.40707964601768	258.24309392265195
530	-109.77876106194691	135.59116022099448
559	-180.57522123893807	162.11049723756906
589	-217.07964601769913	231.72375690607737
621	225.39823008849558	336.69613259668506
652	483.14159292035396	190.83977900552486
687	432.25663716814154	277.02762430939225
717	566.1061946902655	194.1546961325967
745	156.81415929203538	263.76795580110496
776	138.0088495575221	-43.41436464088398
809	249.73451327433628	229.51381215469615
839	447.7433628318584	82.5524861878453
870	293.98230088495575	214.04419889502765
901	-8.008849557522135	259.34806629834253
936	313.8938053097345	256.03314917127074
984	495.3097345132743	280.3425414364641
1013	376.94690265486724	212.939226519337
1042	480.929203539823	208.51933701657458
1070	220.97345132743362	219.5690607734807
1100	278.49557522123894	247.19337016574588
1130	138.0088495575221	185.31491712707182
1159	330.4867256637168	85.86740331491714
1187	435.57522123893807	96.91712707182322
1218	707.6991150442477	281.4475138121547
1249	459.91150442477874	128.96132596685084
1277	548.4070796460177	323.43646408839777
1306	-46.72566371681417	204.09944751381218
1333	531.8141592920354	144.43093922651934
1366	622.5221238938053	81.44751381215471
1396	381.3716814159292	304.6519337016574
1428	474.29203539823004	153.2707182320442
1455	474.29203539823004	153.2707182320442
1482	746.4159292035398	195.25966850828732
1512	316.10619469026545	368.7403314917127
1543	458.8053097345133	285.8674033149171
1572	459.91150442477874	426.1988950276243
1599	421.1946902654867	340.01104972375686
1638	153.49557522123894	193.04972375690608
1690	569.4247787610619	328.96132596685084
1716	343.76106194690266	290.28729281767954
1746	535.1327433628319	263.76795580110496
1776	552.8318584070796	354.3756906077348
1803	363.6725663716814	195.25966850828732
1834	759.6902654867257	396.36464088397787
1861	619.2035398230088	313.4917127071823
1893	602.6106194690265	340.01104972375686
1923	312.78761061946904	340.01104972375686
1952	267.43362831858406	286.9723756906077
1981	317.21238938053096	282.5524861878453
2007	763.0088495575221	496.9171270718232
2041	497.5221238938053	299.1270718232044
2068	394.6460176991151	283.6574585635359
2099	287.3451327433628	554.3756906077348
2128	434.46902654867256	285.8674033149171
2161	290.6637168141593	414.04419889502765
2211	99.29203539823007	231.72375690607737
2242	735.353982300885	373.1602209944751
2279	413.4513274336283	261.55801104972375
2318	719.8672566371681	313.4917127071823
2358	595.9734513274336	384.2099447513812
2400	302.83185840707966	387.524861878453
2429	401.2831858407079	205.20441988950276
2455	401.2831858407079	205.20441988950276
2484	425.6194690265487	282.5524861878453
2513	390.2212389380531	368.7403314917127
2543	755.2654867256638	464.8729281767956
2573	696.637168141593	482.55248618784526
2601	521.858407079646	351.06077348066293
2631	642.433628318584	306.8618784530387
2658	771.858407079646	249.4033149171271
2696	732.0353982300885	507.9668508287293
2744	747.5221238938053	353.27071823204415
2772	422.30088495575217	416.2541436464088
2802	323.8495575221239	368.7403314917127
2833	553.9380530973451	330.0662983425414
2862	587.1238938053098	428.40883977900546
2895	747.5221238938053	372.0552486187845
2926	1051.725663716814	430.61878453038673
2952	1076.0619469026549	475.9226519337016
2981	599.29203539823	467.08287292817676
3014	641.3274336283185	432.8287292817679
3042	465.4424778761062	251.6132596685083
3071	515.221238938053	474.81767955801104
3102	507.4778761061947	451.61325966850825
3130	468.76106194690266	351.06077348066293
3160	406.8141592920354	337.80110497237564
3211	478.716814159292	481.4475138121547
3245	343.76106194690266	278.1325966850829
3280	522.9646017699115	341.1160220994475
3309	412.3451327433628	442.7734806629834
3342	428.9380530973451	416.2541436464088
3373	547.3008849557523	402.9944751381215
3405	556.1504424778761	365.42541436464086
3432	501.9469026548673	544.4309392265193
3466	673.4070796460177	417.3591160220994
3494	552.8318584070796	404.09944751381215
3523	295.0884955752212	402.9944751381215
3550	340.4424778761062	347.74585635359114
3579	451.0619469026548	368.7403314917127
3610	521.858407079646	429.51381215469615
3638	587.1238938053098	366.5303867403315
3669	680.0442477876106	425.09392265193367
3695	571.637168141593	402.9944751381215
3721	652.3893805309734	364.3204419889503
3750	318.3185840707964	204.09944751381218
3780	157.92035398230087	144.43093922651934
3808	157.92035398230087	144.43093922651934
3837	653.4955752212389	324.5414364640884
3866	164.5575221238938	277.02762430939225
3944	470.9734513274336	388.6298342541436
3979	432.25663716814154	330.0662983425414
4015	451.0619469026548	348.8508287292818
4047	536.2389380530973	384.2099447513812
4075	308.36283185840705	340.01104972375686
4101	566.1061946902655	406.30939226519337
4131	240.8849557522124	251.6132596685083
4160	375.8407079646018	271.50276243093924
4185	313.8938053097345	365.42541436464086
4216	500.8407079646018	300.232044198895
4245	507.4778761061947	254.92817679558013
4276	308.36283185840705	285.8674033149171
4304	516.3274336283185	296.9171270718232
4334	761.9026548672566	470.3977900552486
4364	396.858407079646	364.3204419889503
4392	329.3805309734513	270.39779005524866
4423	271.858407079646	401.8895027624309
4450	187.78761061946904	391.94475138121544
4481	427.83185840707966	405.20441988950273
4508	417.87610619469024	437.24861878453044
4539	477.6106194690266	310.1767955801105
4570	337.1238938053097	369.8453038674033
4596	-25.707964601769923	299.1270718232044
4626	503.0530973451327	336.69613259668506
4654	635.7964601769911	490.28729281767954
4709	181.15044247787608	404.09944751381215
4741	620.3097345132743	485.8674033149171
4766	882.4778761061947	491.3922651933701
4795	645.7522123893805	391.94475138121544
4826	351.50442477876106	389.7348066298342
4857	567.212389380531	408.5193370165745
4890	139.11504424778758	323.43646408839777
4918	562.787610619469	439.4585635359116
4949	365.88495575221236	619.5690607734807
4981	431.1504424778761	572.0552486187846
5012	623.6283185840707	354.3756906077348
5044	786.2389380530973	446.08839779005524
5088	601.5044247787611	480.3425414364641
5139	558.362831858407	344.43093922651934
5166	576.0619469026549	443.87845303867397
5195	621.4159292035398	451.61325966850825
5221	558.362831858407	400.7845303867403
5250	618.0973451327434	430.61878453038673
5281	646.858407079646	431.7237569060773
5311	664.5575221238937	463.7679558011049
5345	668.9823008849557	331.17127071823205
5373	552.8318584070796	451.61325966850825
5403	601.5044247787611	531.171270718232
5432	1172.300884955752	498.02209944751377
5461	662.3451327433628	384.2099447513812
5491	684.4690265486726	388.6298342541436
5522	416.7699115044248	454.9281767955801
5554	666.7699115044247	448.2983425414364
5586	578.2743362831858	458.24309392265195
5617	670.0884955752213	430.61878453038673
5647	718.7610619469026	491.3922651933701
5680	621.4159292035398	588.6298342541437
5709	753.0530973451328	513.4917127071823
5739	404.60176991150445	554.3756906077348
5767	632.4778761061947	515.7016574585635
5796	272.9646017699115	389.7348066298342
5824	336.01769911504425	422.88397790055245
5857	722.0796460176991	488.07734806629827
5892	453.2743362831858	453.8232044198895
5922	584.9115044247787	593.0497237569061
5952	332.6991150442478	312.3867403314917
5982	600.3982300884956	353.27071823204415
6007	490.88495575221236	626.1988950276243
6037	477.6106194690266	553.2707182320441
6068	299.5132743362832	537.8011049723757
6098	182.2566371681416	647.1933701657459
6125	260.79646017699116	499.12707182320435
6157	404.60176991150445	567.6353591160221
6184	590.4424778761062	590.8397790055249
6215	436.6814159292035	490.28729281767954
6247	311.6814159292035	586.4198895027624
6274	547.3008849557523	593.0497237569061
6302	415.6637168141593	573.1602209944751
6327	321.63716814159295	500.23204419889504
6359	171.1946902654867	456.0331491712707
6388	347.0796460176991	448.2983425414364
6419	659.0265486725664	404.09944751381215
6448	616.9911504424779	548.8508287292817
6480	370.3097345132743	414.04419889502765
6504	546.1946902654868	432.8287292817679
6532	530.70796460177	557.6906077348066
6563	779.6017699115044	531.171270718232
6591	727.6106194690265	607.4143646408841
6619	301.72566371681415	544.4309392265193
6647	215.44247787610618	588.6298342541437
6679	474.29203539823004	608.5193370165746
6708	579.3805309734513	449.4033149171271
6737	454.3805309734513	506.8618784530386
6767	369.20353982300884	499.12707182320435
6795	40.66371681415929	319.01657458563534
6823	212.1238938053097	365.42541436464086
6852	540.6637168141592	547.7458563535912
6883	394.6460176991151	517.9116022099447
6914	254.1592920353982	552.1657458563536
6943	173.40707964601768	509.0718232044199
6973	301.72566371681415	585.3149171270719
7003	-25.707964601769923	565.4254143646408
7031	447.7433628318584	426.1988950276243
7060	288.4513274336283	470.3977900552486
7088	243.09734513274336	595.2596685082874
7117	326.0619469026548	614.0441988950276
7146	673.4070796460177	503.5469613259668
7177	245.30973451327432	290.28729281767954
7204	684.4690265486726	444.98342541436455
7235	511.9026548672566	284.7624309392265
7264	676.7256637168142	251.6132596685083
7295	89.3362831858407	104.65193370165747
7322	171.1946902654867	9.624309392265195
7351	490.88495575221236	262.6629834254144
7379	135.79646017699116	218.46408839779005
7407	274.07079646017695	164.32044198895028
7435	299.5132743362832	147.74585635359117
7467	229.8230088495575	170.95027624309392
7497	175.61946902654864	64.87292817679558
7526	353.716814159292	114.59668508287292
7556	374.7345132743363	305.75690607734805
7586	520.7522123893805	240.5635359116022
7616	569.4247787610619	75.92265193370167
7648	644.646017699115	237.2486187845304
7679	80.4867256637168	107.96685082872929
7705	177.83185840707964	177.5801104972376
7736	337.1238938053097	279.23756906077347
7765	116.99115044247786	103.54696132596686
7797	361.46017699115043	52.7182320441989
7825	339.33628318584067	33.93370165745856
7854	201.06194690265485	73.71270718232044
7885	652.3893805309734	190.83977900552486
7915	605.929203539823	89.18232044198896
7945	621.4159292035398	262.6629834254144
7975	831.5929203539822	119.01657458563537
8007	505.2654867256637	237.2486187845304
8038	239.7787610619469	281.4475138121547
8073	711.0176991150443	251.6132596685083
8103	707.6991150442477	174.26519337016575
8132	415.6637168141593	335.5911602209944
8162	615.8849557522124	328.96132596685084
8191	508.5840707964602	211.83425414364643
8219	532.9203539823009	357.6906077348066
8247	516.3274336283185	685.8674033149172
8278	630.2654867256638	863.7679558011049
8302	331.5929203539823	958.7955801104973
8332	-89.86725663716815	695.8121546961327
8358	445.53097345132744	1052.7182320441989
8387	145.75221238938053	942.2209944751381
8414	192.21238938053096	811.8342541436464
8445	397.9646017699115	549.9558011049724
8475	732.0353982300885	596.3646408839779
8504	1034.0265486725664	642.7734806629835
8532	591.5486725663717	322.33149171270713
8561	813.8938053097345	436.14364640883974
8590	433.36283185840705	389.7348066298342
8617	727.6106194690265	180.8950276243094
8647	560.575221238938	348.8508287292818
8676	436.6814159292035	251.6132596685083
8706	497.5221238938053	250.50828729281767
8735	631.3716814159292	361.0055248618784
8765	750.8407079646017	398.5745856353591
8799	467.6548672566372	421.7790055248619
8824	463.2300884955752	311.2817679558011
8856	368.0973451327433	411.8342541436464
8907	789.5575221238937	252.7182320441989
8934	321.63716814159295	218.46408839779005
8968	594.8672566371681	336.69613259668506
9000	514.1150442477876	304.6519337016574
9026	371.4159292035398	221.7790055248619
9058	203.27433628318585	206.30939226519337
9086	206.5929203539823	204.09944751381218
9116	525.1769911504425	80.3425414364641
9147	20.75221238938052	-40.09944751381215
9176	537.3451327433628	299.1270718232044
9206	420.0884955752212	379.7900552486188
9238	437.78761061946904	294.707182320442
9267	437.78761061946904	294.707182320442
9291	522.9646017699115	489.18232044198896
9321	498.6283185840708	316.8066298342541
9355	485.3539823008849	237.2486187845304
9386	565.0	242.77348066298345
9417	26.283185840707954	126.75138121546962
9446	529.6017699115044	151.060773480663
9476	563.8938053097345	157.69060773480663
9507	73.84955752212389	138.9060773480663
9539	301.72566371681415	30.61878453038674
9568	414.5575221238938	90.28729281767957
9597	517.433628318584	259.34806629834253
9628	310.57522123893807	291.3922651933702
9660	282.92035398230087	148.85082872928177
9688	507.4778761061947	223.98895027624312
9714	755.2654867256638	217.35911602209947
9744	525.1769911504425	51.61325966850829
9776	265.2212389380531	247.19337016574588
9812	463.2300884955752	317.9116022099447
9846	472.0796460176991	254.92817679558013
9876	571.637168141593	270.39779005524866
9906	571.637168141593	270.39779005524866
9931	15.221238938053087	332.27624309392263
9963	340.4424778761062	268.18784530386745
9991	538.4513274336283	321.22651933701655
10019	480.929203539823	145.53591160220995
10052	434.46902654867256	331.17127071823205
10083	255.2654867256637	140.0110497237569
10158	529.6017699115044	218.46408839779005
10196	620.3097345132743	443.87845303867397
10231	476.50442477876106	472.6077348066299
10260	532.9203539823009	322.33149171270713
10290	249.73451327433628	196.36464088397793
10322	447.7433628318584	352.16574585635357
10353	399.07079646017695	315.7016574585635
10406	212.1238938053097	162.11049723756906
10463	-133.00884955752213	277.02762430939225
10494	354.82300884955754	321.22651933701655
10520	90.44247787610618	285.8674033149171
10552	165.66371681415927	174.26519337016575
10581	343.76106194690266	312.3867403314917
10610	671.1946902654868	341.1160220994475
10643	128.05309734513273	274.81767955801104
10674	201.06194690265485	260.45303867403317
10701	338.2300884955752	228.40883977900552
10729	407.92035398230087	251.6132596685083
10757	423.4070796460177	295.81215469613255
10787	470.9734513274336	327.8563535911602
10816	289.5575221238938	428.40883977900546
10843	-119.7345132743363	218.46408839779005
10874	389.1150442477876	321.22651933701655
10902	550.6194690265487	421.7790055248619
10935	691.1061946902655	361.0055248618784
10962	539.5575221238937	264.8729281767956
10995	406.8141592920354	285.8674033149171
11028	584.9115044247787	431.7237569060773
11059	749.7345132743362	356.585635359116
11086	749.7345132743362	356.585635359116
11115	632.4778761061947	281.4475138121547
11152	411.23893805309734	378.68508287292815
11214	582.6991150442477	304.6519337016574
11256	499.7345132743363	244.98342541436466
11289	655.70796460177	303.54696132596683
11339	453.2743362831858	323.43646408839777
11391	281.8141592920354	435.03867403314916
11424	571.637168141593	330.0662983425414
11454	129.1592920353982	480.3425414364641
11484	407.92035398230087	340.01104972375686
11512	285.13274336283183	330.0662983425414
11540	329.3805309734513	457.1381215469613
11564	192.21238938053096	265.9779005524862
11590	94.86725663716814	299.1270718232044
11619	308.36283185840705	402.9944751381215
11646	254.1592920353982	373.1602209944751
11674	167.87610619469027	368.7403314917127
11705	-10.221238938053109	327.8563535911602
11733	257.4778761061947	293.6022099447514
11762	580.4867256637168	397.4696132596685
11790	560.575221238938	310.1767955801105
11818	-8.008849557522135	285.8674033149171
11846	279.60176991150445	355.48066298342536
11872	483.14159292035396	364.3204419889503
11899	202.16814159292034	309.0718232044199
11931	351.50442477876106	372.0552486187845
11959	526.283185840708	348.8508287292818
11988	215.44247787610618	299.1270718232044
12020	288.4513274336283	338.9060773480663
12047	78.27433628318583	263.76795580110496
12076	178.93805309734512	353.27071823204415
12104	538.4513274336283	264.8729281767956
12132	216.54867256637166	433.9337016574586
12159	400.17699115044246	358.7955801104972
12190	10.79646017699114	260.45303867403317
12219	650.1769911504425	433.9337016574586
12249	237.56637168141592	177.5801104972376
12283	740.8849557522124	419.56906077348066
12332	519.646017699115	258.24309392265195
12358	205.4867256637168	311.2817679558011
12384	208.8053097345133	323.43646408839777
12412	271.858407079646	317.9116022099447
12439	320.53097345132744	385.3149171270718
12470	461.01769911504425	370.95027624309387
12501	350.39823008849555	380.89502762430936
12528	371.4159292035398	282.5524861878453
12556	483.14159292035396	444.98342541436455
12587	296.1946902654867	270.39779005524866
12618	443.3185840707964	459.34806629834253
12651	173.40707964601768	209.62430939226522
12682	142.43362831858406	298.02209944751377
12708	748.6283185840707	473.71270718232046
12737	414.5575221238938	376.47513812154693
12771	381.3716814159292	416.2541436464088
12800	378.05309734513276	301.3370165745856
12828	176.72566371681415	200.78453038674033
12859	655.70796460177	486.9723756906077
12886	241.99115044247787	415.1491712707182
12913	241.99115044247787	415.1491712707182
12941	559.4690265486726	387.524861878453
12970	397.9646017699115	484.76243093922653
12999	250.8407079646018	302.4419889502762
13027	288.4513274336283	283.6574585635359
13058	629.1592920353983	408.5193370165745
13088	155.7079646017699	262.6629834254144
13117	354.82300884955754	438.353591160221
13145	298.4070796460177	406.30939226519337
13175	72.74336283185839	212.939226519337
13203	438.8938053097345	397.4696132596685
13231	527.3893805309734	532.2762430939226
13258	24.070796460176982	267.0828729281768
13287	380.26548672566366	358.7955801104972
13316	433.36283185840705	457.1381215469613
13346	824.9557522123894	596.3646408839779
13379	519.646017699115	247.19337016574588
13408	519.646017699115	247.19337016574588
13439	920.0884955752213	590.8397790055249
13468	741.9911504424779	534.4861878453038
13498	614.7787610619469	337.80110497237564
13528	251.94690265486724	367.6353591160221
13565	510.7964601769911	383.1049723756906
13617	229.8230088495575	265.9779005524862
13645	321.63716814159295	453.8232044198895
13673	258.5840707964602	353.27071823204415
13707	344.8672566371681	496.9171270718232
13737	186.68141592920352	220.67403314917127
13765	69.42477876106194	456.0331491712707
13799	453.2743362831858	491.3922651933701
13837	388.0088495575221	357.6906077348066
13866	417.87610619469024	454.9281767955801
13899	-68.8495575221239	364.3204419889503
13925	425.6194690265487	284.7624309392265
13954	422.30088495575217	302.4419889502762
13982	311.6814159292035	343.3259668508287
14013	345.9734513274336	396.36464088397787
14044	728.716814159292	362.11049723756906
14082	237.56637168141592	235.0386740331492
14110	582.6991150442477	472.6077348066299
14139	680.0442477876106	498.02209944751377
14168	422.30088495575217	397.4696132596685
14198	518.5398230088496	341.1160220994475
14228	326.0619469026548	191.94475138121547
14257	388.0088495575221	386.41988950276243
14297	549.5132743362832	322.33149171270713
14353	385.79646017699116	349.95580110497235
14385	619.2035398230088	233.93370165745858
14416	676.7256637168142	449.4033149171271
14441	328.2743362831858	321.22651933701655
14469	486.46017699115043	388.6298342541436
14502	503.0530973451327	368.7403314917127
14533	447.7433628318584	426.1988950276243
14561	447.7433628318584	426.1988950276243
14587	522.9646017699115	280.3425414364641
14620	541.7699115044247	352.16574585635357
14647	654.6017699115044	368.7403314917127
14673	644.646017699115	340.01104972375686
14702	527.3893805309734	401.8895027624309
14729	383.5840707964602	227.30386740331494
14759	411.23893805309734	319.01657458563534
14788	459.91150442477874	438.353591160221
14818	641.3274336283185	356.585635359116
14847	121.41592920353982	486.9723756906077
14878	355.929203539823	382.0
14914	522.9646017699115	465.9779005524862
14952	119.20353982300884	521.2265193370166
14986	139.11504424778758	441.6685082872928
15016	415.6637168141593	489.18232044198896
15047	244.20353982300884	479.23756906077347
15074	363.6725663716814	349.95580110497235
15108	466.5486725663717	608.5193370165746
15138	1.9469026548672466	486.9723756906077
15169	233.14159292035396	389.7348066298342
15203	790.6637168141592	567.6353591160221
15236	240.8849557522124	630.6187845303868
15267	468.76106194690266	540.0110497237569
15297	468.76106194690266	540.0110497237569
15325	265.2212389380531	524.5414364640884
15353	416.7699115044248	327.8563535911602
15384	384.69026548672565	383.1049723756906
15420	518.5398230088496	376.47513812154693
15449	369.20353982300884	307.96685082872926
15503	597.0796460176991	576.475138121547
15556	338.2300884955752	378.68508287292815
15586	351.50442477876106	469.292817679558
15616	452.16814159292034	355.48066298342536
15642	557.2566371681415	582.0
15673	287.3451327433628	516.8066298342542
15701	488.6725663716814	449.4033149171271
15732	412.3451327433628	542.2209944751381
15759	416.7699115044248	512.3867403314918
15790	396.858407079646	492.49723756906076
15816	509.6902654867257	471.5027624309392
15847	583.8053097345132	406.30939226519337
15880	500.8407079646018	470.3977900552486
15909	824.9557522123894	531.171270718232
15940	560.575221238938	492.49723756906076
15969	566.1061946902655	444.98342541436455
15999	942.212389380531	782.0
16027	572.7433628318585	504.65193370165747
16057	722.0796460176991	660.4530386740332
16089	722.0796460176991	660.4530386740332
16120	609.2477876106195	530.0662983425414
16154	143.53982300884954	513.4917127071823
16186	382.4778761061947	620.6740331491714
16221	153.49557522123894	516.8066298342542
16255	176.72566371681415	351.06077348066293
16286	320.53097345132744	547.7458563535912
16321	583.8053097345132	626.1988950276243
16354	322.7433628318584	391.94475138121544
16402	259.69026548672565	552.1657458563536
16442	397.9646017699115	650.5082872928177
16485	69.42477876106194	426.1988950276243
16516	270.75221238938053	513.4917127071823
16549	389.1150442477876	361.0055248618784
16575	307.25663716814154	514.5966850828729
16603	-4.690265486725673	572.0552486187846
16632	499.7345132743363	555.4806629834254
16663	399.07079646017695	328.96132596685084
16736	461.01769911504425	383.1049723756906
16772	351.50442477876106	454.9281767955801
16809	357.0353982300885	422.88397790055245
16836	255.2654867256637	566.5303867403316
16867	418.98230088495575	486.9723756906077
16900	209.91150442477874	452.7182320441988
16930	401.2831858407079	512.3867403314918
16963	249.73451327433628	535.5911602209945
16992	480.929203539823	462.6629834254143
17023	518.5398230088496	451.61325966850825
17054	680.0442477876106	521.2265193370166
17081	476.50442477876106	554.3756906077348
17109	519.646017699115	622.8839779005525
17139	584.9115044247787	612.939226519337
17171	454.3805309734513	498.02209944751377
17202	601.5044247787611	477.02762430939225
17233	331.5929203539823	599.6795580110498
17261	540.6637168141592	551.060773480663
17289	559.4690265486726	683.6574585635359
17316	195.5309734513274	411.8342541436464
17347	589.3362831858408	423.98895027624303
17376	625.8407079646017	427.3038674033149
17409	479.82300884955754	628.4088397790056
17441	441.10619469026545	468.18784530386733
17472	454.3805309734513	510.1767955801105
17502	313.8938053097345	499.12707182320435
17534	559.4690265486726	542.2209944751381
17561	616.9911504424779	471.5027624309392
17587	574.9557522123894	490.28729281767954
17615	736.4601769911504	493.6022099447514
17642	509.6902654867257	605.2044198895028
17672	424.5132743362832	467.08287292817676
17701	274.07079646017695	543.3259668508288
17728	519.646017699115	505.75690607734805
17755	403.49557522123894	512.3867403314918
17784	366.9911504424779	495.81215469613255
17812	834.9115044247787	602.9944751381215
17840	837.1238938053098	573.1602209944751
17869	636.9026548672566	625.0939226519338
17898	849.29203539823	533.3812154696133
17928	573.8495575221239	453.8232044198895
17961	803.9380530973451	696.9171270718232
18017	532.9203539823009	737.8011049723757
18045	536.2389380530973	602.9944751381215
18072	665.6637168141592	488.07734806629827
18101	883.5840707964602	617.3591160220994
18131	691.1061946902655	702.4419889502763
18160	581.5929203539822	762.1104972375691
18187	597.0796460176991	688.0773480662983
18215	418.98230088495575	579.7900552486188
18249	614.7787610619469	534.4861878453038
18284	632.4778761061947	535.5911602209945
18315	727.6106194690265	407.41436464088395
18346	541.7699115044247	604.0994475138123
18374	428.9380530973451	632.828729281768
18411	548.4070796460177	656.0331491712708
18464	487.56637168141594	773.1602209944751
18496	488.6725663716814	657.1381215469613
18526	874.7345132743362	514.5966850828729
18556	780.70796460177	366.5303867403315
18586	727.6106194690265	521.2265193370166
18613	548.4070796460177	355.48066298342536
18640	755.2654867256638	408.5193370165745
18669	641.3274336283185	570.950276243094
18696	358.14159292035396	491.3922651933701
18725	708.8053097345132	584.2099447513813
18757	787.3451327433628	512.3867403314918
18788	272.9646017699115	557.6906077348066
18820	196.6371681415929	597.4696132596686
18849	309.46902654867256	734.4861878453039
18877	878.0530973451328	543.3259668508288
18907	532.9203539823009	419.56906077348066
18937	642.433628318584	486.9723756906077
18968	382.4778761061947	554.3756906077348
19017	778.4955752212389	567.6353591160221
19057	583.8053097345132	517.9116022099447
19104	442.21238938053096	407.41436464088395
19150	374.7345132743363	483.65745856353584
19179	824.9557522123894	491.3922651933701
19208	628.0530973451328	507.9668508287293
19237	562.787610619469	399.6795580110497
19265	543.9823008849557	390.8397790055248
19294	705.4867256637168	502.4419889502762
19326	559.4690265486726	566.5303867403316
19359	562.787610619469	562.110497237569
19389	537.3451327433628	589.7348066298343
19419	581.5929203539822	495.81215469613255
19446	490.88495575221236	587.5248618784531
19474	781.8141592920354	382.0
19509	661.2389380530973	477.02762430939225
19536	674.5132743362832	341.1160220994475
19565	616.9911504424779	516.8066298342542
19617	715.4424778761062	495.81215469613255
19683	852.6106194690265	503.5469613259668
19712	665.6637168141592	658.2430939226521
19741	754.1592920353983	644.9834254143647
19770	599.29203539823	493.6022099447514
19816	778.4955752212389	519.0165745856353
19845	723.1858407079645	384.2099447513812
19876	726.5044247787611	541.1160220994475
19906	843.7610619469026	401.8895027624309
19934	832.6991150442477	374.2651933701657
19964	832.6991150442477	374.2651933701657
19997	632.4778761061947	580.8950276243095
20049	604.8230088495575	703.5469613259669
20082	592.6548672566372	574.2651933701658
20111	621.4159292035398	527.8563535911602
20137	586.0176991150443	501.3370165745856
20166	568.3185840707965	549.9558011049724
20198	718.7610619469026	636.1436464088398
20229	270.75221238938053	383.1049723756906
20256	409.0265486725664	449.4033149171271
20284	526.283185840708	490.28729281767954
20315	341.5486725663717	471.5027624309392
20346	469.8672566371681	654.9281767955802
20378	486.46017699115043	515.7016574585635
20410	174.51327433628316	517.9116022099447
20437	326.0619469026548	524.5414364640884
20469	323.8495575221239	618.4640883977901
20501	427.83185840707966	696.9171270718232
20531	271.858407079646	447.1933701657458
20560	383.5840707964602	587.5248618784531
20587	365.88495575221236	459.34806629834253
20616	280.7079646017699	555.4806629834254
20644	353.716814159292	602.9944751381215
20673	323.8495575221239	563.2154696132596
20707	754.1592920353983	587.5248618784531
20737	323.8495575221239	435.03867403314916
20770	463.2300884955752	426.1988950276243
20800	708.8053097345132	483.65745856353584
20829	375.8407079646018	373.1602209944751
20854	444.42477876106193	584.2099447513813
20883	599.29203539823	493.6022099447514
20908	832.6991150442477	456.0331491712707
20936	550.6194690265487	633.9337016574585
20963	522.9646017699115	623.9889502762431
21016	1046.1946902654865	1012.939226519337
21070	709.9115044247787	837.2486187845304
21103	957.6991150442477	841.6685082872929
21136	579.3805309734513	617.3591160220994
21167	874.7345132743362	692.4972375690608
21203	410.13274336283183	602.9944751381215
21231	525.1769911504425	662.6629834254144
21262	507.4778761061947	546.6408839779004
21290	424.5132743362832	541.1160220994475
21319	541.7699115044247	356.585635359116
21349	205.4867256637168	473.71270718232046
21377	534.0265486725664	464.8729281767956
21405	588.2300884955753	450.50828729281767
21436	495.3097345132743	453.8232044198895
21469	529.6017699115044	626.1988950276243
21497	447.7433628318584	419.56906077348066
21527	318.3185840707964	503.5469613259668
21556	109.24778761061945	448.2983425414364
21585	123.6283185840708	463.7679558011049
21614	280.7079646017699	406.30939226519337
21645	560.575221238938	459.34806629834253
21674	341.5486725663717	649.4033149171271
21706	223.1858407079646	393.049723756906
21741	243.09734513274336	423.98895027624303
21769	537.3451327433628	407.41436464088395
21803	808.362831858407	513.4917127071823
21837	824.9557522123894	590.8397790055249
21870	831.5929203539822	417.3591160220994
21900	727.6106194690265	474.81767955801104
21931	695.5309734513274	470.3977900552486
21960	741.9911504424779	433.9337016574586
21990	581.5929203539822	279.23756906077347
22019	682.2566371681415	500.23204419889504
22048	646.858407079646	397.4696132596685
22079	811.6814159292035	622.8839779005525
22109	798.4070796460177	486.9723756906077
22136	784.0265486725664	441.6685082872928
22166	801.7256637168142	554.3756906077348
22192	620.3097345132743	480.3425414364641
22222	745.3097345132743	573.1602209944751
22249	945.5309734513274	565.4254143646408
22278	539.5575221238937	418.4640883977901
22310	477.6106194690266	462.6629834254143
22340	421.1946902654867	526.7513812154696
22366	532.9203539823009	591.9447513812155
22394	767.433628318584	481.4475138121547
22428	514.1150442477876	523.4364640883978
22455	769.646017699115	580.8950276243095
22485	511.9026548672566	482.55248618784526
22519	530.70796460177	315.7016574585635
22550	726.5044247787611	412.93922651933696
22584	755.2654867256638	230.61878453038673
22616	369.20353982300884	79.2375690607735
22665	687.787610619469	324.5414364640884
22717	586.0176991150443	138.9060773480663
22751	699.9557522123894	154.3756906077348
22784	498.6283185840708	322.33149171270713
22817	298.4070796460177	296.9171270718232
22847	433.36283185840705	214.04419889502765
22876	313.8938053097345	152.1657458563536
22905	372.5221238938053	179.79005524861878
22933	477.6106194690266	306.8618784530387
22964	615.8849557522124	219.5690607734807
22999	620.3097345132743	155.48066298342542
23027	443.3185840707964	250.50828729281767
23059	701.0619469026549	133.38121546961327
23085	488.6725663716814	193.04972375690608
23116	568.3185840707965	21.77900552486188
23147	552.8318584070796	271.50276243093924
23174	668.9823008849557	138.9060773480663
23205	543.9823008849557	268.18784530386745
23284	821.637168141593	201.88950276243096
23321	611.4601769911504	115.70165745856353
23355	772.9646017699115	418.4640883977901
23385	536.2389380530973	343.3259668508287
23431	817.212389380531	196.36464088397793
23460	723.1858407079645	341.1160220994475
23498	589.3362831858408	273.71270718232046
23533	917.8761061946902	220.67403314917127
23562	883.5840707964602	379.7900552486188
23592	621.4159292035398	298.02209944751377
23622	757.4778761061947	281.4475138121547
23650	650.1769911504425	388.6298342541436
23675	844.8672566371681	488.07734806629827
23704	965.4424778761062	623.9889502762431
23739	354.82300884955754	291.3922651933702
23769	694.4247787610619	573.1602209944751
23799	517.433628318584	469.292817679558
23831	739.7787610619469	632.828729281768
23862	758.5840707964602	604.0994475138123
23893	579.3805309734513	528.9613259668508
23924	765.221238938053	420.67403314917124
23952	802.8318584070796	385.3149171270718
23983	719.8672566371681	363.21546961325964
24009	781.8141592920354	386.41988950276243
24039	788.4513274336283	500.23204419889504
24063	977.6106194690265	537.8011049723757
24093	872.5221238938053	492.49723756906076
24123	636.9026548672566	346.64088397790056
24153	797.3008849557523	580.8950276243095
24185	802.8318584070796	440.5635359116022
24211	576.0619469026549	538.9060773480662
24241	749.7345132743362	567.6353591160221
24271	506.3716814159291	442.7734806629834
24301	610.353982300885	488.07734806629827
24331	812.787610619469	267.0828729281768
24360	812.787610619469	267.0828729281768
24392	827.1681415929203	605.2044198895028
24420	903.4955752212389	495.81215469613255
24450	750.8407079646017	503.5469613259668
24483	716.5486725663717	643.878453038674
24516	754.1592920353983	549.9558011049724
24553	831.5929203539822	257.1381215469613
24587	808.362831858407	555.4806629834254
24623	857.0353982300885	470.3977900552486
24655	772.9646017699115	534.4861878453038
24684	643.5398230088496	686.9723756906078
24710	552.8318584070796	678.132596685083
24737	656.8141592920354	672.6077348066299
24767	855.929203539823	605.2044198895028
24798	682.2566371681415	460.4530386740331
24829	771.858407079646	405.20441988950273
24861	474.29203539823004	313.4917127071823
24893	644.646017699115	299.1270718232044
24924	668.9823008849557	544.4309392265193
24951	830.4867256637168	521.2265193370166
24981	588.2300884955753	587.5248618784531
25009	921.1946902654868	654.9281767955802
25040	854.8230088495575	509.0718232044199
25072	827.1681415929203	738.9060773480663
25100	885.7964601769911	736.6961325966852
25130	734.2477876106195	460.4530386740331
25165	851.5044247787611	469.292817679558
25199	660.1327433628319	672.6077348066299
25246	857.0353982300885	512.3867403314918
25273	849.29203539823	611.8342541436465
25307	870.3097345132743	653.8232044198895
25334	803.9380530973451	580.8950276243095
25363	889.1150442477876	694.707182320442
25389	860.353982300885	677.0276243093923
25416	747.5221238938053	531.171270718232
25445	864.7787610619469	325.646408839779
25479	722.0796460176991	758.7955801104972
25508	874.7345132743362	545.5359116022099
25538	352.6106194690266	552.1657458563536
25565	927.8318584070796	657.1381215469613
25592	572.7433628318585	683.6574585635359
25618	308.36283185840705	596.3646408839779
25650	122.5221238938053	601.889502762431
25678	311.6814159292035	548.8508287292817
25710	309.46902654867256	572.0552486187846
25739	156.81415929203538	328.96132596685084
25771	445.53097345132744	617.3591160220994
25801	562.787610619469	522.3314917127071
25829	289.5575221238938	414.04419889502765
25860	133.58407079646017	488.07734806629827
25891	336.01769911504425	264.8729281767956
25922	340.4424778761062	274.81767955801104
25952	461.01769911504425	417.3591160220994
25982	600.3982300884956	222.88397790055248
26012	490.88495575221236	569.8453038674033
26043	490.88495575221236	488.07734806629827
26075	707.6991150442477	586.4198895027624
26103	312.78761061946904	575.3701657458564
26132	616.9911504424779	459.34806629834253
26168	485.3539823008849	521.2265193370166
26222	691.1061946902655	313.4917127071823
26253	611.4601769911504	356.585635359116
26282	629.1592920353983	567.6353591160221
26310	483.14159292035396	480.3425414364641
26336	446.63716814159295	791.9447513812155
26369	441.10619469026545	438.353591160221
26400	670.0884955752213	346.64088397790056
26431	704.3805309734513	545.5359116022099
26457	183.36283185840708	747.7458563535912
26484	417.87610619469024	474.81767955801104
26516	468.76106194690266	712.3867403314918
26545	513.0088495575221	601.889502762431
26575	580.4867256637168	561.0055248618784
26602	711.0176991150443	415.1491712707182
26632	482.0353982300885	552.1657458563536
26660	589.3362831858408	566.5303867403316
26691	476.50442477876106	611.8342541436465
26723	181.15044247787608	679.2375690607736
26752	576.0619469026549	442.7734806629834
26781	510.7964601769911	618.4640883977901
26808	551.7256637168142	540.0110497237569
26836	455.4867256637168	632.828729281768
26866	618.0973451327434	667.0828729281768
26898	723.1858407079645	501.3370165745856
26928	372.5221238938053	534.4861878453038
26955	598.1858407079645	638.3535911602211
26986	567.212389380531	542.2209944751381
27015	743.0973451327434	588.6298342541437
27062	411.23893805309734	751.060773480663
27093	371.4159292035398	516.8066298342542
27125	347.0796460176991	448.2983425414364
27159	463.2300884955752	387.524861878453
27189	135.79646017699116	698.0220994475138
27220	644.646017699115	653.8232044198895
27248	192.21238938053096	554.3756906077348
27281	264.1150442477876	629.5138121546961
27309	102.61061946902655	639.4585635359117
27342	560.575221238938	615.1491712707183
27371	323.8495575221239	553.2707182320441
27402	609.2477876106195	561.0055248618784
27430	347.0796460176991	600.7845303867404
27460	308.36283185840705	617.3591160220994
27493	288.4513274336283	617.3591160220994
27523	571.637168141593	351.06077348066293
27555	507.4778761061947	562.110497237569
27585	323.8495575221239	361.0055248618784
27616	538.4513274336283	538.9060773480662
27646	393.53982300884957	553.2707182320441
27673	440.0	576.475138121547
27702	257.4778761061947	408.5193370165745
27730	402.3893805309734	525.6464088397789
27758	256.3716814159292	449.4033149171271
27787	542.8761061946902	544.4309392265193
27815	525.1769911504425	505.75690607734805
27845	504.1592920353982	481.4475138121547
27874	532.9203539823009	442.7734806629834
27905	565.0	519.0165745856353
27936	238.6725663716814	535.5911602209945
27965	438.8938053097345	450.50828729281767
27993	323.8495575221239	452.7182320441988
28024	827.1681415929203	621.7790055248619
28051	322.7433628318584	570.950276243094
28080	324.95575221238937	491.3922651933701
28108	720.9734513274336	648.2983425414365
28135	380.26548672566366	396.36464088397787
28165	654.6017699115044	685.8674033149172
28211	909.0265486725664	452.7182320441988
28240	800.6194690265487	605.2044198895028
28272	484.24778761061947	1002.9944751381215
28306	395.75221238938053	1104.6519337016575
28336	577.1681415929203	1110.1767955801104
28363	616.9911504424779	853.8232044198896
28393	663.4513274336283	703.5469613259669
28422	744.2035398230088	821.7790055248619
28451	435.57522123893807	661.5580110497237
28481	613.6725663716815	816.2541436464089
28512	897.9646017699115	566.5303867403316
28541	663.4513274336283	531.171270718232
28573	698.8495575221239	691.3922651933702
28601	201.06194690265485	584.2099447513813
28631	598.1858407079645	646.0883977900553
28660	444.42477876106193	473.71270718232046
28689	138.0088495575221	507.9668508287293
28714	509.6902654867257	587.5248618784531
28742	237.56637168141592	506.8618784530386
28775	393.53982300884957	367.6353591160221
28803	475.39823008849555	352.16574585635357
28831	472.0796460176991	536.6961325966851
28868	402.3893805309734	472.6077348066299
28898	240.8849557522124	429.51381215469615
28929	281.8141592920354	472.6077348066299
28959	301.72566371681415	345.5359116022099
28990	212.1238938053097	309.0718232044199
29025	146.858407079646	538.9060773480662
29052	207.69911504424778	401.8895027624309
29081	217.65486725663715	444.98342541436455
29119	537.3451327433628	662.6629834254144
29174	253.05309734513276	385.3149171270718
29211	321.63716814159295	631.7237569060774
29240	476.50442477876106	349.95580110497235
29268	566.1061946902655	384.2099447513812
29297	659.0265486725664	343.3259668508287
29326	695.5309734513274	517.9116022099447
29356	531.8141592920354	490.28729281767954
29384	507.4778761061947	502.4419889502762
29415	443.3185840707964	516.8066298342542
29445	440.0	267.0828729281768
29473	482.0353982300885	564.3204419889503
29502	430.04424778761063	521.2265193370166
29531	433.36283185840705	410.7292817679558
29559	42.87610619469025	504.65193370165747
29590	438.8938053097345	353.27071823204415
29620	775.1769911504425	354.3756906077348
29650	864.7787610619469	451.61325966850825
29682	601.5044247787611	363.21546961325964
29762	254.1592920353982	289.18232044198896
29801	570.5309734513274	493.6022099447514
29834	518.5398230088496	321.22651933701655
29862	338.2300884955752	306.8618784530387
29891	307.25663716814154	439.4585635359116
29919	386.9026548672566	474.81767955801104
29947	516.3274336283185	538.9060773480662
29976	755.2654867256638	584.2099447513813
30008	555.0442477876106	382.0
30038	736.4601769911504	464.8729281767956
30067	363.6725663716814	351.06077348066293
30093	573.8495575221239	464.8729281767956
30122	923.4070796460177	365.42541436464086
30151	734.2477876106195	422.88397790055245
30181	779.6017699115044	332.27624309392263
30211	817.212389380531	458.24309392265195
30238	552.8318584070796	463.7679558011049
30272	712.1238938053098	458.24309392265195
30308	659.0265486725664	452.7182320441988
30338	686.6814159292035	612.939226519337
30370	416.7699115044248	564.3204419889503
30402	563.8938053097345	565.4254143646408
30429	501.9469026548673	537.8011049723757
30457	233.14159292035396	473.71270718232046
30486	201.06194690265485	536.6961325966851
30515	462.1238938053097	262.6629834254144
30548	286.23893805309734	501.3370165745856
30578	427.83185840707966	558.7955801104972
30609	68.31858407079645	589.7348066298343
30640	592.6548672566372	710.1767955801106
30670	600.3982300884956	138.9060773480663
30700	312.78761061946904	538.9060773480662
30730	163.4513274336283	546.6408839779004
30762	662.3451327433628	605.2044198895028
30792	550.6194690265487	439.4585635359116
30820	358.14159292035396	572.0552486187846
30847	358.14159292035396	572.0552486187846
30880	618.0973451327434	674.8176795580112
30911	425.6194690265487	419.56906077348066
30941	360.3539823008849	625.0939226519338
30972	412.3451327433628	516.8066298342542
31005	448.8495575221239	629.5138121546961
31032	364.7787610619469	342.2209944751381
31064	388.0088495575221	564.3204419889503
31094	413.4513274336283	384.2099447513812
31142	525.1769911504425	683.6574585635359
31174	625.8407079646017	633.9337016574585
31214	386.9026548672566	347.74585635359114
31249	560.575221238938	496.9171270718232
31279	434.46902654867256	336.69613259668506
31310	796.1946902654868	582.0
31340	227.61061946902652	654.9281767955802
31368	216.54867256637166	618.4640883977901
31398	525.1769911504425	380.89502762430936
31428	660.1327433628319	591.9447513812155
31455	667.8761061946902	591.9447513812155
31487	358.14159292035396	604.0994475138123
31514	626.9469026548672	530.0662983425414
31542	272.9646017699115	584.2099447513813
31592	864.7787610619469	683.6574585635359
31622	674.5132743362832	609.6243093922652
31654	495.3097345132743	767.6353591160221
31685	445.53097345132744	570.950276243094
31714	465.4424778761062	377.58011049723757
31744	583.8053097345132	661.5580110497237
31775	469.8672566371681	606.3093922651934
31807	496.4159292035398	542.2209944751381
31842	514.1150442477876	654.9281767955802
31871	416.7699115044248	576.475138121547
31903	426.72566371681415	584.2099447513813
31938	687.787610619469	524.5414364640884
31967	629.1592920353983	682.5524861878454
31996	735.353982300885	556.585635359116
32025	633.5840707964602	812.939226519337
32056	447.7433628318584	602.9944751381215
32088	376.94690265486724	456.0331491712707
32118	688.8938053097345	726.7513812154697
32146	720.9734513274336	557.6906077348066
32174	705.4867256637168	525.6464088397789
32202	833.8053097345132	768.7403314917128
32231	925.6194690265487	543.3259668508288
32258	534.0265486725664	556.585635359116
32289	751.9469026548672	573.1602209944751
32317	480.929203539823	573.1602209944751
32346	610.353982300885	619.5690607734807
32376	394.6460176991151	482.55248618784526
32425	519.646017699115	561.0055248618784
32456	734.2477876106195	696.9171270718232
32489	561.6814159292035	659.3480662983426
32519	857.0353982300885	534.4861878453038
32550	574.9557522123894	663.767955801105
32585	797.3008849557523	633.9337016574585
32614	618.0973451327434	679.2375690607736
32645	621.4159292035398	648.2983425414365
32675	713.2300884955753	677.0276243093923
32704	672.3008849557523	699.1270718232045
32733	905.70796460177	688.0773480662983
32765	642.433628318584	540.0110497237569
32796	980.929203539823	727.8563535911602
32829	797.3008849557523	730.0662983425415
32875	771.858407079646	797.4696132596686
32908	968.7610619469026	859.3480662983426
32939	853.716814159292	612.939226519337
32969	712.1238938053098	682.5524861878454
33002	478.716814159292	432.8287292817679
33032	620.3097345132743	787.5248618784531
33063	753.0530973451328	617.3591160220994
33095	1011.9026548672567	629.5138121546961
33125	529.6017699115044	640.5635359116022
33156	954.3805309734513	623.9889502762431
33187	1045.0884955752213	728.961325966851
33218	696.637168141593	573.1602209944751
33247	938.8938053097345	732.2762430939226
33273	535.1327433628319	704.6519337016574
33302	705.4867256637168	536.6961325966851
33329	668.9823008849557	249.4033149171271
33359	933.362831858407	541.1160220994475
33387	632.4778761061947	282.5524861878453
33421	591.5486725663717	299.1270718232044
33455	384.69026548672565	494.707182320442
33484	712.1238938053098	553.2707182320441
33511	714.3362831858408	514.5966850828729
33539	779.6017699115044	547.7458563535912
33569	808.362831858407	595.2596685082874
33595	589.3362831858408	545.5359116022099
33624	463.2300884955752	631.7237569060774
33649	540.6637168141592	545.5359116022099
33678	543.9823008849557	631.7237569060774
33712	726.5044247787611	816.2541436464089
33740	633.5840707964602	646.0883977900553
33770	654.6017699115044	575.3701657458564
33803	383.5840707964602	516.8066298342542
33834	550.6194690265487	717.9116022099448
33862	646.858407079646	568.7403314917128
33891	232.03539823008848	692.4972375690608
33922	542.8761061946902	591.9447513812155
33957	746.4159292035398	662.6629834254144
33986	513.0088495575221	493.6022099447514
34014	649.070796460177	408.5193370165745
34044	347.0796460176991	507.9668508287293
34075	776.283185840708	547.7458563535912
34107	820.5309734513274	757.6906077348067
34140	375.8407079646018	766.5303867403316
34172	459.91150442477874	558.7955801104972
34200	437.78761061946904	519.0165745856353
34235	503.0530973451327	589.7348066298343
34261	682.2566371681415	574.2651933701658
34291	351.50442477876106	554.3756906077348
34319	836.0176991150443	629.5138121546961
34350	435.57522123893807	617.3591160220994
34374	626.9469026548672	761.0055248618785
34405	623.6283185840707	698.0220994475138
34438	1029.6017699115043	686.9723756906078
34466	1104.8230088495575	526.7513812154696
34498	628.0530973451328	521.2265193370166
34555	843.7610619469026	716.8066298342542
34583	862.566371681416	485.8674033149171
34611	697.7433628318585	664.8729281767955
34642	749.7345132743362	549.9558011049724
34670	650.1769911504425	556.585635359116
34695	388.0088495575221	587.5248618784531
34726	675.6194690265487	486.9723756906077
34755	517.433628318584	680.3425414364641
34784	748.6283185840707	674.8176795580112
34819	667.8761061946902	722.3314917127072
34876	751.9469026548672	608.5193370165746
34912	705.4867256637168	422.88397790055245
34941	435.57522123893807	733.3812154696134
34971	674.5132743362832	400.7845303867403
34998	605.929203539823	520.121546961326
35028	240.8849557522124	586.4198895027624
35060	577.1681415929203	753.2707182320443
35088	511.9026548672566	736.6961325966852
35118	560.575221238938	673.7127071823205
35146	628.0530973451328	679.2375690607736
35177	539.5575221238937	629.5138121546961
35206	526.283185840708	710.1767955801106
35237	618.0973451327434	766.5303867403316
35268	923.4070796460177	438.353591160221
35297	811.6814159292035	686.9723756906078
35325	790.6637168141592	646.0883977900553
35361	737.566371681416	717.9116022099448
35394	603.716814159292	778.6850828729282
35427	790.6637168141592	713.4917127071824
35456	706.5929203539822	702.4419889502763
35484	675.6194690265487	570.950276243094
35515	788.4513274336283	513.4917127071823
35543	824.9557522123894	425.09392265193367
35576	868.0973451327434	501.3370165745856
35605	515.221238938053	587.5248618784531
35635	693.3185840707965	537.8011049723757
35667	1080.4867256637167	383.1049723756906
35694	706.5929203539822	405.20441988950273
35722	677.8318584070796	584.2099447513813
35750	727.6106194690265	475.9226519337016
35775	809.4690265486726	395.2596685082873
35805	811.6814159292035	552.1657458563536
35833	805.0442477876106	732.2762430939226
35860	673.4070796460177	685.8674033149172
35889	891.3274336283185	615.1491712707183
35917	628.0530973451328	783.1049723756906
35947	642.433628318584	633.9337016574585
35977	1040.6637168141592	672.6077348066299
36006	1016.3274336283185	604.0994475138123
36036	806.1504424778761	373.1602209944751
36068	826.0619469026549	388.6298342541436
36098	851.5044247787611	379.7900552486188
36126	771.858407079646	514.5966850828729
36155	1027.3893805309735	576.475138121547
36183	778.4955752212389	514.5966850828729
36212	713.2300884955753	639.4585635359117
36294	913.4513274336283	555.4806629834254
36332	629.1592920353983	491.3922651933701
36364	874.7345132743362	472.6077348066299
36394	688.8938053097345	607.4143646408841
36423	645.7522123893805	751.060773480663
36451	516.3274336283185	671.5027624309392
36482	1000.8407079646017	617.3591160220994
36511	1038.4513274336282	537.8011049723757
36539	784.0265486725664	612.939226519337
36567	772.9646017699115	703.5469613259669
36595	569.4247787610619	678.132596685083
36623	841.5486725663717	401.8895027624309
36652	878.0530973451328	643.878453038674
36680	931.1504424778761	716.8066298342542
36710	667.8761061946902	570.950276243094
36738	882.4778761061947	606.3093922651934
36771	882.4778761061947	606.3093922651934
36804	1039.5575221238937	532.2762430939226
36833	840.4424778761062	585.3149171270719
36861	843.7610619469026	602.9944751381215
36893	911.2389380530973	790.8397790055249
36920	397.9646017699115	597.4696132596686
36954	786.2389380530973	559.9005524861878
36986	680.0442477876106	535.5911602209945
37019	922.3008849557523	549.9558011049724
37048	738.6725663716815	367.6353591160221
37075	745.3097345132743	671.5027624309392
37102	702.1681415929203	752.1657458563536
37130	786.2389380530973	463.7679558011049
37159	489.7787610619469	423.98895027624303
37192	686.6814159292035	340.01104972375686
37218	853.716814159292	623.9889502762431
37249	712.1238938053098	507.9668508287293
37277	688.8938053097345	638.3535911602211
37309	792.8761061946902	659.3480662983426
37337	410.13274336283183	599.6795580110498
37370	792.8761061946902	485.8674033149171
37399	668.9823008849557	648.2983425414365
37428	633.5840707964602	616.2541436464089
37457	653.4955752212389	205.20441988950276
37484	586.0176991150443	576.475138121547
37515	843.7610619469026	646.0883977900553
37543	884.6902654867257	579.7900552486188
37574	734.2477876106195	665.9779005524863
37606	643.5398230088496	516.8066298342542
37634	782.9203539823009	551.060773480663
37672	786.2389380530973	353.27071823204415
37702	829.3805309734513	640.5635359116022
37732	784.0265486725664	702.4419889502763
37760	878.0530973451328	505.75690607734805
37787	751.9469026548672	558.7955801104972
37828	681.1504424778761	669.292817679558
37866	787.3451327433628	490.28729281767954
37921	755.2654867256638	586.4198895027624
37958	691.1061946902655	437.24861878453044
37992	1004.1592920353982	379.7900552486188
38025	851.5044247787611	588.6298342541437
38061	747.5221238938053	486.9723756906077
38095	758.5840707964602	554.3756906077348
38128	747.5221238938053	747.7458563535912
38164	470.9734513274336	566.5303867403316
38221	571.637168141593	607.4143646408841
38271	422.30088495575217	515.7016574585635
38321	650.1769911504425	253.8232044198895
38370	916.7699115044247	498.02209944751377
38421	781.8141592920354	559.9005524861878
38471	786.2389380530973	305.75690607734805
38503	922.3008849557523	700.2320441988951
38535	687.787610619469	469.292817679558
38569	711.0176991150443	541.1160220994475
38598	809.4690265486726	670.3977900552487
38628	1003.0530973451329	688.0773480662983
38657	774.070796460177	629.5138121546961
38687	1057.2566371681417	642.7734806629835
38715	800.6194690265487	564.3204419889503
38747	1128.0530973451328	667.0828729281768
38778	771.858407079646	561.0055248618784
38811	561.6814159292035	764.3204419889504
38841	720.9734513274336	707.9668508287293
38873	475.39823008849555	566.5303867403316
38904	624.7345132743362	549.9558011049724
38935	391.32743362831854	501.3370165745856
38966	442.21238938053096	711.2817679558011
38996	690.0	510.1767955801105
39025	580.4867256637168	664.8729281767955
39055	692.212389380531	586.4198895027624
39104	646.858407079646	698.0220994475138
39136	696.637168141593	713.4917127071824
39170	380.26548672566366	651.6132596685084
39205	851.5044247787611	583.1049723756906
39234	764.1150442477876	585.3149171270719
39262	758.5840707964602	638.3535911602211
39291	761.9026548672566	596.3646408839779
39338	698.8495575221239	622.8839779005525
39365	684.4690265486726	796.3646408839779
39401	626.9469026548672	629.5138121546961
39429	751.9469026548672	580.8950276243095
39458	751.9469026548672	580.8950276243095
39486	677.8318584070796	766.5303867403316
39512	622.5221238938053	516.8066298342542
39537	707.6991150442477	549.9558011049724
39565	657.9203539823009	669.292817679558
39590	372.5221238938053	553.2707182320441
39637	441.10619469026545	797.4696132596686
39682	160.13274336283183	696.9171270718232
39714	807.2566371681415	759.9005524861878
39747	342.6548672566372	545.5359116022099
39779	580.4867256637168	812.939226519337
39810	510.7964601769911	484.76243093922653
39840	570.5309734513274	774.2651933701658
39887	709.9115044247787	878.132596685083
39918	704.3805309734513	895.8121546961327
39951	362.56637168141594	703.5469613259669
39990	1063.8938053097345	667.0828729281768
40026	843.7610619469026	764.3204419889504
40053	593.7610619469026	698.0220994475138
40081	553.9380530973451	716.8066298342542
40106	662.3451327433628	798.5745856353591
40135	425.6194690265487	741.1160220994476
40167	712.1238938053098	736.6961325966852
40194	507.4778761061947	839.4585635359116
40222	315.0	537.8011049723757
40251	467.6548672566372	628.4088397790056
40278	432.25663716814154	641.6685082872929
40306	567.212389380531	363.21546961325964
40336	402.3893805309734	467.08287292817676
40366	326.0619469026548	460.4530386740331
40395	553.9380530973451	776.475138121547
40427	534.0265486725664	505.75690607734805
40458	272.9646017699115	453.8232044198895
40493	441.10619469026545	516.8066298342542
40531	303.9380530973451	470.3977900552486
40554	862.566371681416	651.6132596685084
40586	680.0442477876106	642.7734806629835
40615	251.94690265486724	701.3370165745857
40640	444.42477876106193	713.4917127071824
40668	472.0796460176991	661.5580110497237
40700	545.0884955752213	511.28176795580106
40732	386.9026548672566	599.6795580110498
40761	319.42477876106193	738.9060773480663
40791	432.25663716814154	552.1657458563536
40820	622.5221238938053	817.3591160220996
40852	313.8938053097345	426.1988950276243
40881	628.0530973451328	627.3038674033149
40907	491.9911504424779	480.3425414364641
40936	217.65486725663715	611.8342541436465
40966	558.362831858407	580.8950276243095
40997	704.3805309734513	731.1712707182321
41028	441.10619469026545	615.1491712707183
41056	551.7256637168142	653.8232044198895
41083	558.362831858407	590.8397790055249
41110	258.5840707964602	517.9116022099447
41134	409.0265486725664	530.0662983425414
41161	650.1769911504425	570.950276243094
41187	527.3893805309734	728.961325966851
41216	630.2654867256638	594.1546961325967
41245	434.46902654867256	493.6022099447514
41275	431.1504424778761	682.5524861878454
41303	489.7787610619469	474.81767955801104
41330	437.78761061946904	401.8895027624309
41361	680.0442477876106	736.6961325966852
41387	143.53982300884954	657.1381215469613
41417	655.70796460177	673.7127071823205
41449	792.8761061946902	543.3259668508288
41479	572.7433628318585	491.3922651933701
41507	552.8318584070796	665.9779005524863
41538	400.17699115044246	589.7348066298343
41564	772.9646017699115	648.2983425414365
41594	459.91150442477874	521.2265193370166
41624	723.1858407079645	684.7624309392265
41653	738.6725663716815	593.0497237569061
41679	397.9646017699115	659.3480662983426
41710	332.6991150442478	606.3093922651934
41745	583.8053097345132	461.55801104972375
41775	499.7345132743363	610.7292817679559
41805	559.4690265486726	570.950276243094
41833	613.6725663716815	704.6519337016574
41863	370.3097345132743	693.6022099447515
41891	403.49557522123894	563.2154696132596
41921	521.858407079646	604.0994475138123
41953	578.2743362831858	601.889502762431
41983	686.6814159292035	600.7845303867404
42010	626.9469026548672	745.53591160221
42040	556.1504424778761	325.646408839779
42070	741.9911504424779	620.6740331491714
42096	792.8761061946902	675.9226519337017
42126	811.6814159292035	555.4806629834254
42156	894.646017699115	640.5635359116022
42186	843.7610619469026	584.2099447513813
42216	508.5840707964602	395.2596685082873
42247	790.6637168141592	568.7403314917128
42279	583.8053097345132	694.707182320442
42307	561.6814159292035	577.5801104972376
42335	329.3805309734513	510.1767955801105
42364	416.7699115044248	546.6408839779004
42393	951.0619469026549	555.4806629834254
42421	329.3805309734513	506.8618784530386
42452	891.3274336283185	641.6685082872929
42480	497.5221238938053	672.6077348066299
42509	620.3097345132743	587.5248618784531
42536	457.6991150442478	626.1988950276243
42565	770.7522123893805	631.7237569060774
42596	654.6017699115044	584.2099447513813
42620	717.6548672566372	589.7348066298343
42651	808.362831858407	670.3977900552487
42681	976.5044247787611	627.3038674033149
42709	767.433628318584	691.3922651933702
42737	681.1504424778761	322.33149171270713
42768	414.5575221238938	328.96132596685084
42797	748.6283185840707	504.65193370165747
42876	840.4424778761062	590.8397790055249
42915	499.7345132743363	701.3370165745857
42946	713.2300884955753	337.80110497237564
42981	722.0796460176991	678.132596685083
43035	463.2300884955752	438.353591160221
43062	553.9380530973451	625.0939226519338
43091	758.5840707964602	673.7127071823205
43122	529.6017699115044	657.1381215469613
43168	626.9469026548672	788.6298342541437
43198	580.4867256637168	782.0
43228	303.9380530973451	609.6243093922652
43254	111.46017699115043	703.5469613259669
43281	170.08849557522123	683.6574585635359
43308	371.4159292035398	693.6022099447515
43338	361.46017699115043	693.6022099447515
43371	459.91150442477874	685.8674033149172
43398	402.3893805309734	481.4475138121547
43428	823.8495575221239	505.75690607734805
43455	869.2035398230088	447.1933701657458
43486	317.21238938053096	704.6519337016574
43518	534.0265486725664	521.2265193370166
43550	761.9026548672566	777.5801104972376
43578	693.3185840707965	1028.4088397790056
43610	328.2743362831858	998.5745856353592
43642	770.7522123893805	833.9337016574585
43673	703.2743362831858	919.0165745856355
43704	703.2743362831858	713.4917127071824
43737	734.2477876106195	869.2928176795581
43769	614.7787610619469	759.9005524861878
43800	402.3893805309734	606.3093922651934
43835	796.1946902654868	658.2430939226521
43867	636.9026548672566	547.7458563535912
43897	769.646017699115	609.6243093922652
43929	573.8495575221239	533.3812154696133
43957	836.0176991150443	590.8397790055249
43986	476.50442477876106	594.1546961325967
44015	525.1769911504425	369.8453038674033
44050	591.5486725663717	374.2651933701657
44079	889.1150442477876	626.1988950276243
44107	516.3274336283185	515.7016574585635
44141	626.9469026548672	334.48618784530385
44171	628.0530973451328	481.4475138121547
44204	985.353982300885	554.3756906077348
44237	857.0353982300885	779.7900552486188
44265	793.9823008849557	465.9779005524862
44298	673.4070796460177	552.1657458563536
44328	446.63716814159295	648.2983425414365
44354	446.63716814159295	648.2983425414365
44383	625.8407079646017	464.8729281767956
44410	472.0796460176991	606.3093922651934
44440	389.1150442477876	343.3259668508287
44470	467.6548672566372	569.8453038674033
44498	688.8938053097345	535.5911602209945
44532	598.1858407079645	473.71270718232046
44562	566.1061946902655	386.41988950276243
44591	520.7522123893805	387.524861878453
44621	703.2743362831858	407.41436464088395
44651	790.6637168141592	415.1491712707182
44679	769.646017699115	635.0386740331493
44709	343.76106194690266	396.36464088397787
44740	727.6106194690265	552.1657458563536
44765	509.6902654867257	523.4364640883978
44791	489.7787610619469	582.0
44821	577.1681415929203	338.9060773480663
44848	431.1504424778761	375.3701657458563
44876	973.1858407079645	427.3038674033149
44906	530.70796460177	457.1381215469613
44938	586.0176991150443	391.94475138121544
44965	515.221238938053	452.7182320441988
44993	438.8938053097345	548.8508287292817
45024	469.8672566371681	604.0994475138123
45050	563.8938053097345	425.09392265193367
45079	725.3982300884956	469.292817679558
45111	496.4159292035398	538.9060773480662
45138	613.6725663716815	628.4088397790056
45166	639.1150442477876	616.2541436464089
45193	365.88495575221236	545.5359116022099
45223	816.1061946902655	576.475138121547
45253	269.6460176991151	416.2541436464088
45285	353.716814159292	544.4309392265193
45318	548.4070796460177	482.55248618784526
45349	375.8407079646018	418.4640883977901
45380	508.5840707964602	652.7182320441989
45409	474.29203539823004	509.0718232044199
45436	299.5132743362832	577.5801104972376
45464	311.6814159292035	584.2099447513813
45493	333.8053097345133	443.87845303867397
45523	609.2477876106195	351.06077348066293
45552	290.6637168141593	457.1381215469613
45584	807.2566371681415	625.0939226519338
45623	559.4690265486726	551.060773480663
45655	491.9911504424779	561.0055248618784
45687	567.212389380531	386.41988950276243
45717	323.8495575221239	555.4806629834254
45747	437.78761061946904	471.5027624309392
45778	605.929203539823	498.02209944751377
45810	695.5309734513274	665.9779005524863
45865	826.0619469026549	590.8397790055249
45893	420.0884955752212	565.4254143646408
45921	756.3716814159292	475.9226519337016
45954	440.0	511.28176795580106
45985	597.0796460176991	710.1767955801106
46014	535.1327433628319	570.950276243094
46045	736.4601769911504	490.28729281767954
46070	592.6548672566372	563.2154696132596
46102	595.9734513274336	632.828729281768
46129	829.3805309734513	674.8176795580112
46154	313.8938053097345	515.7016574585635
46184	748.6283185840707	402.9944751381215
46213	983.141592920354	726.7513812154697
46241	641.3274336283185	567.6353591160221
46271	521.858407079646	576.475138121547
46302	424.5132743362832	651.6132596685084
46336	379.1592920353982	597.4696132596686
46371	424.5132743362832	574.2651933701658
46402	337.1238938053097	528.9613259668508
46431	598.1858407079645	644.9834254143647
46461	556.1504424778761	648.2983425414365
46490	312.78761061946904	525.6464088397789
46516	714.3362831858408	589.7348066298343
46546	623.6283185840707	742.2209944751381
46576	895.7522123893805	758.7955801104972
46603	547.3008849557523	757.6906077348067
46631	537.3451327433628	809.6243093922652
46660	571.637168141593	689.182320441989
46689	479.82300884955754	720.121546961326
46718	370.3097345132743	832.8287292817681
46747	139.11504424778758	646.0883977900553
46779	709.9115044247787	597.4696132596686
46807	695.5309734513274	649.4033149171271
46836	643.5398230088496	494.707182320442
46864	660.1327433628319	511.28176795580106
46892	771.858407079646	744.4309392265194
46920	911.2389380530973	704.6519337016574
46956	1045.0884955752213	595.2596685082874
46986	836.0176991150443	596.3646408839779
47011	802.8318584070796	456.0331491712707
47038	861.4601769911504	538.9060773480662
47067	743.0973451327434	501.3370165745856
47091	876.9469026548672	554.3756906077348
47122	1015.221238938053	611.8342541436465
47150	915.6637168141592	387.524861878453
47181	778.4955752212389	461.55801104972375
47212	461.01769911504425	468.18784530386733
47244	389.1150442477876	482.55248618784526
47274	632.4778761061947	459.34806629834253
47302	503.0530973451327	730.0662983425415
47330	452.16814159292034	494.707182320442
47360	529.6017699115044	498.02209944751377
47392	638.0088495575221	498.02209944751377
47422	820.5309734513274	658.2430939226521
47453	463.2300884955752	531.171270718232
47480	444.42477876106193	706.8618784530387
47508	374.7345132743363	559.9005524861878
47539	727.6106194690265	599.6795580110498
47565	493.0973451327433	656.0331491712708
47594	723.1858407079645	659.3480662983426
47623	732.0353982300885	719.0165745856353
47651	817.212389380531	664.8729281767955
47676	555.0442477876106	658.2430939226521
47705	671.1946902654868	675.9226519337017
47732	587.1238938053098	628.4088397790056
47762	423.4070796460177	638.3535911602211
47790	505.2654867256637	496.9171270718232
47817	121.41592920353982	685.8674033149172
47846	371.4159292035398	681.4475138121547
47898	276.2831858407079	652.7182320441989
47952	613.6725663716815	643.878453038674
47982	607.0353982300885	637.2486187845304
48016	431.1504424778761	743.3259668508288
48047	333.8053097345133	561.0055248618784
48077	415.6637168141593	652.7182320441989
48108	373.6283185840708	864.8729281767955
48137	315.0	725.646408839779
48166	672.3008849557523	622.8839779005525
48193	421.1946902654867	588.6298342541437
48223	723.1858407079645	727.8563535911602
48248	435.57522123893807	706.8618784530387
48281	847.0796460176991	559.9005524861878
48308	801.7256637168142	702.4419889502763
48337	476.50442477876106	596.3646408839779
48366	628.0530973451328	591.9447513812155
48394	691.1061946902655	640.5635359116022
48418	390.2212389380531	710.1767955801106
48448	657.9203539823009	574.2651933701658
48478	555.0442477876106	704.6519337016574
48508	417.87610619469024	617.3591160220994
48538	560.575221238938	595.2596685082874
48570	629.1592920353983	614.0441988950276
48605	682.2566371681415	664.8729281767955
48662	412.3451327433628	556.585635359116
48695	615.8849557522124	749.9558011049725
48728	708.8053097345132	633.9337016574585
48759	595.9734513274336	686.9723756906078
48788	448.8495575221239	734.4861878453039
48818	342.6548672566372	700.2320441988951
48845	568.3185840707965	615.1491712707183
48874	628.0530973451328	688.0773480662983
48904	491.9911504424779	566.5303867403316
48932	299.5132743362832	578.6850828729282
48962	735.353982300885	751.060773480663
48992	265.2212389380531	577.5801104972376
49021	555.0442477876106	611.8342541436465
49048	665.6637168141592	853.8232044198896
49079	626.9469026548672	684.7624309392265
49108	604.8230088495575	695.8121546961327
49136	647.9646017699115	748.8508287292818
49166	595.9734513274336	492.49723756906076
49195	697.7433628318585	702.4419889502763
49224	350.39823008849555	685.8674033149172
49253	342.6548672566372	635.0386740331493
49330	578.2743362831858	728.961325966851
49368	414.5575221238938	577.5801104972376
49405	72.74336283185839	791.9447513812155
49437	427.83185840707966	693.6022099447515
49467	496.4159292035398	667.0828729281768
49500	562.787610619469	722.3314917127072
49529	517.433628318584	738.9060773480663
49559	1029.6017699115043	694.707182320442
49586	551.7256637168142	709.07182320442
49619	765.221238938053	644.9834254143647
49646	675.6194690265487	647.1933701657459
49676	427.83185840707966	769.8453038674033
49704	213.23008849557522	782.0
49734	626.9469026548672	810.7292817679559
49761	587.1238938053098	680.3425414364641
49793	744.2035398230088	744.4309392265194
49823	738.6725663716815	768.7403314917128
49851	624.7345132743362	749.9558011049725
49882	518.5398230088496	802.9944751381215
49911	674.5132743362832	777.5801104972376
49941	590.4424778761062	597.4696132596686
49969	496.4159292035398	758.7955801104972
49996	788.4513274336283	844.9834254143648
50028	329.3805309734513	746.6408839779006
50080	536.2389380530973	626.1988950276243
50109	386.9026548672566	753.2707182320443
50142	333.8053097345133	692.4972375690608
50175	812.787610619469	682.5524861878454
50209	836.0176991150443	701.3370165745857
50238	489.7787610619469	706.8618784530387
50268	555.0442477876106	552.1657458563536
50300	636.9026548672566	593.0497237569061
50332	822.7433628318585	686.9723756906078
50364	453.2743362831858	743.3259668508288
50396	646.858407079646	679.2375690607736
50427	844.8672566371681	714.596685082873
50460	947.7433628318585	730.0662983425415
50491	524.070796460177	819.5690607734807
50517	540.6637168141592	553.2707182320441
50546	761.9026548672566	468.18784530386733
50575	622.5221238938053	585.3149171270719
50601	844.8672566371681	477.02762430939225
50630	871.4159292035398	548.8508287292817
50659	537.3451327433628	512.3867403314918
50690	493.0973451327433	333.3812154696132
50720	571.637168141593	674.8176795580112
50763	410.13274336283183	394.15469613259665
50801	685.575221238938	430.61878453038673
50832	549.5132743362832	626.1988950276243
50864	644.646017699115	473.71270718232046
50896	515.221238938053	229.51381215469615
50929	725.3982300884956	696.9171270718232
50964	605.929203539823	236.14364640883977
50996	1004.1592920353982	479.23756906077347
51029	613.6725663716815	744.4309392265194
51063	698.8495575221239	594.1546961325967
51113	775.1769911504425	608.5193370165746
51162	747.5221238938053	607.4143646408841
51213	728.716814159292	705.7569060773482
51251	842.6548672566372	607.4143646408841
51296	928.9380530973451	608.5193370165746
51330	907.9203539823009	544.4309392265193
51365	997.5221238938053	546.6408839779004
51396	673.4070796460177	583.1049723756906
51429	746.4159292035398	458.24309392265195
51463	848.1858407079645	685.8674033149172
51496	694.4247787610619	465.9779005524862
51529	754.1592920353983	505.75690607734805
51559	653.4955752212389	566.5303867403316
51596	626.9469026548672	549.9558011049724
51629	1302.8318584070796	590.8397790055249
51663	889.1150442477876	554.3756906077348
51699	610.353982300885	612.939226519337
51732	775.1769911504425	625.0939226519338
51762	837.1238938053098	534.4861878453038
51796	638.0088495575221	611.8342541436465
51829	539.5575221238937	549.9558011049724
51862	897.9646017699115	564.3204419889503
51895	649.070796460177	495.81215469613255
51929	842.6548672566372	643.878453038674
51962	874.7345132743362	488.07734806629827
51996	833.8053097345132	702.4419889502763
52029	516.3274336283185	536.6961325966851
52062	888.0088495575221	683.6574585635359
52095	486.46017699115043	593.0497237569061
52123	555.0442477876106	691.3922651933702
52153	989.7787610619469	644.9834254143647
52184	897.9646017699115	546.6408839779004
52212	993.0973451327434	689.182320441989
52241	938.8938053097345	682.5524861878454
52270	1140.2212389380531	575.3701657458564
52300	745.3097345132743	562.110497237569
52330	347.0796460176991	555.4806629834254
52360	623.6283185840707	615.1491712707183
52390	823.8495575221239	525.6464088397789
52416	749.7345132743362	640.5635359116022
52446	696.637168141593	674.8176795580112
52480	855.929203539823	628.4088397790056
52525	956.5929203539822	582.0
52578	864.7787610619469	625.0939226519338
52616	1092.654867256637	696.9171270718232
52655	958.8053097345132	682.5524861878454
52694	1080.4867256637167	677.0276243093923
52728	598.1858407079645	822.8839779005525
52760	987.566371681416	632.828729281768
52811	845.9734513274336	674.8176795580112
52848	899.070796460177	563.2154696132596
52887	383.5840707964602	728.961325966851
52945	113.67256637168141	871.5027624309392
52978	253.05309734513276	629.5138121546961
53005	330.4867256637168	872.60773480663
53033	780.70796460177	867.0828729281768
53064	792.8761061946902	916.8066298342542
53093	724.29203539823	1058.243093922652
53123	904.6017699115044	1099.1270718232045
53154	962.1238938053098	1062.6629834254145
53180	982.0353982300885	1009.6243093922652
53208	760.7964601769911	1027.3038674033148
53235	922.3008849557523	1012.939226519337
53261	545.0884955752213	937.8011049723757
53291	496.4159292035398	888.0773480662984
53320	634.6902654867257	1083.657458563536
53350	948.8495575221239	1083.657458563536
53380	705.4867256637168	999.6795580110497
53409	586.0176991150443	1220.6740331491712
53437	727.6106194690265	1023.988950276243
53467	675.6194690265487	915.7016574585637
53495	787.3451327433628	1120.121546961326
53526	655.70796460177	1248.2983425414366
53555	681.1504424778761	1165.4254143646408
53585	622.5221238938053	1148.8508287292818
53616	652.3893805309734	1104.6519337016575
53646	568.3185840707965	1054.9281767955802
53687	745.3097345132743	1242.7734806629835
53726	831.5929203539822	1212.9392265193371
53777	797.3008849557523	1228.4088397790056
53815	696.637168141593	1111.2817679558011
53851	590.4424778761062	1098.0220994475137
53887	735.353982300885	1144.4309392265193
53924	811.6814159292035	1041.668508287293
53966	488.6725663716814	928.9613259668508
54001	962.1238938053098	825.0939226519338
54041	657.9203539823009	685.8674033149172
54094	501.9469026548673	778.6850828729282
54144	910.1327433628319	865.9779005524863
54184	402.3893805309734	768.7403314917128
54218	756.3716814159292	716.8066298342542
54255	1014.1150442477875	934.486187845304
54291	365.88495575221236	588.6298342541437
54326	167.87610619469027	608.5193370165746
54377	740.8849557522124	702.4419889502763
54415	229.8230088495575	482.55248618784526
54449	407.92035398230087	696.9171270718232
54487	485.3539823008849	767.6353591160221
54523	633.5840707964602	625.0939226519338
54558	747.5221238938053	740.0110497237569
54610	395.75221238938053	551.060773480663
54644	440.0	574.2651933701658
54694	693.3185840707965	731.1712707182321
54724	933.362831858407	619.5690607734807
54752	733.141592920354	705.7569060773482
54782	551.7256637168142	575.3701657458564
54811	701.0619469026549	558.7955801104972
54843	781.8141592920354	758.7955801104972
54877	826.0619469026549	745.53591160221
54910	791.7699115044247	564.3204419889503
54944	1396.858407079646	620.6740331491714
54977	1511.9026548672566	621.7790055248619
55010	1449.9557522123894	604.0994475138123
55044	1032.9203539823009	512.3867403314918
55077	921.1946902654868	577.5801104972376
55111	847.0796460176991	561.0055248618784
55143	870.3097345132743	577.5801104972376
55178	519.646017699115	582.0
55210	195.5309734513274	383.1049723756906
55243	494.20353982300884	541.1160220994475
55277	183.36283185840708	296.9171270718232
55310	553.9380530973451	325.646408839779
55345	622.5221238938053	416.2541436464088
55381	404.60176991150445	328.96132596685084
55412	444.42477876106193	299.1270718232044
55440	-271.283185840708	209.62430939226522
55477	-316.63716814159295	115.70165745856353
55510	-209.33628318584073	168.74033149171274
55543	-336.5486725663717	126.75138121546962
55577	9.690265486725654	322.33149171270713
55610	-191.63716814159292	207.414364640884
55643	56.1504424778761	152.1657458563536
55683	316.10619469026545	189.73480662983425
55770	-116.41592920353983	155.48066298342542
55816	-97.61061946902656	235.0386740331492
55853	-1.3716814159292137	188.62983425414365
55893	299.5132743362832	374.2651933701657
55925	114.7787610619469	351.06077348066293
55959	135.79646017699116	265.9779005524862
55993	60.57522123893804	289.18232044198896
56028	-40.088495575221245	117.91160220994476
56060	613.6725663716815	311.2817679558011
56093	-92.07964601769912	289.18232044198896
56124	463.2300884955752	312.3867403314917
56153	9.690265486725654	292.49723756906076
56183	-108.67256637168143	384.2099447513812
56210	394.6460176991151	486.9723756906077
56238	331.5929203539823	755.4806629834254
56268	191.10619469026545	597.4696132596686
56295	560.575221238938	822.8839779005525
56343	86.01769911504424	598.5745856353591
56383	546.1946902654868	808.5193370165746
56418	488.6725663716814	912.3867403314919
56446	381.3716814159292	747.7458563535912
56478	555.0442477876106	847.1933701657459
56509	392.43362831858406	938.9060773480663
56536	243.09734513274336	784.2099447513813
56564	705.4867256637168	909.07182320442
56625	1416.7699115044247	681.4475138121547
56665	1162.345132743363	216.25414364640883
