time	x	y
202786	1031.40164684355	172.22526636225265
202897	1167.0	252.00608828006088
202973	1164.864592863678	193.75342465753423
203042	972.6779505946936	127.90258751902587
203106	1093.3284537968893	-91.17808219178082
203198	1087.9899359560843	2.532724505327245
203276	1022.8600182982617	-13.929984779299847
203342	997.2351326623971	101.3089802130898
203423	1172.3385178408053	50.6544901065449
203508	897.9387008234218	216.54794520547944
203576	969.4748398902104	-26.59360730593607
203641	1080.516010978957	144.36529680365297
203706	1179.8124428179324	22.794520547945204
203795	932.1052150045746	35.45814307458143
203883	1114.68252516011	-63.31811263318112
203976	985.4903934126258	188.68797564687975
204055	1014.3183897529735	-94.97716894977168
204123	1026.0631290027447	60.78538812785388
204188	1028.1985361390668	59.51902587519025
204277	1061.2973467520585	151.9634703196347
204354	1049.5526075022874	87.37899543378995
204418	923.5635864592864	27.859969558599694
204483	1044.2140896614821	-56.986301369863014
204549	1032.4693504117108	122.83713850837138
204620	960.9332113449223	79.78082191780821
204687	940.6468435498628	131.70167427701674
204752	1050.6203110704485	11.397260273972602
204816	929.9698078682526	94.97716894977168
204898	1019.6569075937787	-43.05631659056316
204990	940.6468435498628	96.2435312024353
205086	995.0997255260751	-8.864535768645357
205172	1096.5315645013725	78.51445966514459
179288	972.6779505946936	538.2039573820396
179412	954.5269899359561	353.31506849315065
179499	892.6001829826167	497.68036529680364
179570	970.5425434583715	359.64687975646876
179638	968.4071363220495	448.2922374429223
179703	1084.7868252516012	331.7869101978691
179772	880.8554437328454	476.152207001522
179842	897.9387008234218	464.75494672754945
179905	967.3394327538884	533.138508371385
179969	1064.5004574565417	173.49162861491627
180038	1012.1829826166514	552.1339421613394
180130	919.2927721866423	210.21613394216132
180205	972.6779505946936	288.73059360730593
180271	825.3348581884721	426.76407914764076
180340	978.0164684354986	460.95585996955856
180429	859.501372369625	472.3531202435312
180502	971.6102470265325	439.427701674277
180564	803.9807868252516	473.6194824961948
180628	899.0064043915828	369.77777777777777
180695	907.548032936871	445.7595129375951
180759	979.0841720036597	417.8995433789954
180846	905.412625800549	495.14764079147636
180927	970.5425434583715	273.5342465753424
180991	1021.7923147301007	466.02130898021306
181057	944.9176578225068	449.558599695586
181127	952.3915827996341	430.56316590563165
181195	1078.380603842635	279.86605783866054
181261	922.4958828911253	623.0502283105022
181337	1115.750228728271	343.1841704718417
181415	982.2872827081428	443.2267884322679
181508	824.2671546203111	384.9741248097412
181590	967.3394327538884	468.5540334855403
183156	640.6221408966148	449.558599695586
183257	689.736505032022	473.6194824961948
183339	597.9139981701738	433.0958904109589
183410	530.6486733760293	416.6331811263318
183474	586.1692589204026	355.8477929984779
183543	563.747483989021	452.0913242009132
183609	651.2991765782251	241.8751902587519
183680	507.15919487648677	542.0030441400304
183751	482.6020128087832	297.5951293759513
183817	387.576395242452	481.2176560121765
183886	577.6276303751143	447.0258751902587
183957	616.0649588289112	445.7595129375951
184022	555.2058554437328	486.283105022831
184092	600.0494053064959	445.7595129375951
184173	650.2314730100641	443.2267884322679
184241	591.5077767612077	334.31963470319636
184312	603.252516010979	487.54946727549464
184378	602.1848124428179	477.4185692541857
184441	576.5599268069534	315.324200913242
184506	503.95608417200367	405.2359208523592
184599	468.72186642268986	398.90410958904107
184678	585.1015553522416	515.4094368340943
184743	632.0805123513267	506.544901065449
184826	628.8774016468436	324.18873668188735
184922	561.612076852699	379.9086757990867
184998	560.544373284538	352.04870624048704
185068	451.63860933211345	359.64687975646876
185133	509.2946020128088	462.2222222222222
185199	559.4766697163769	401.4368340943683
185272	585.1015553522416	449.558599695586
185336	691.871912168344	360.9132420091324
185402	543.4611161939616	384.9741248097412
185469	528.5132662397073	464.75494672754945
187057	270.12900274473924	516.6757990867579
187175	116.37968892955169	767.4155251141552
187252	160.1555352241537	720.5601217656011
187317	142.00457456541628	826.9345509893454
187380	357.6806953339433	631.9147640791476
187448	137.7337602927722	772.4809741248097
187521	107.8380603842635	702.8310502283105
187587	171.90027447392498	795.2754946727549
187652	222.08234217749316	749.6864535768646
187716	209.26989935956084	740.8219178082192
187784	155.88472095150962	759.8173515981734
187852	118.51509606587375	750.9528158295282
187916	190.0512351326624	810.4718417047184
187987	57.655992680695334	814.2709284627092
188074	289.3476669716377	719.2937595129375
188152	239.16559926806954	838.3318112633181
188218	405.7273559011894	581.2602739726027
188285	154.8170173833486	699.0319634703196
188376	301.09240622140896	838.3318112633181
188458	93.95791399817017	786.4109589041095
188527	212.47301006404393	819.3363774733638
188620	144.13998170173835	701.5646879756468
188698	248.77493138151877	709.1628614916285
188765	260.51967063129	773.7473363774733
188848	104.63494967978042	905.44901065449
188931	176.17108874656907	801.607305936073
188998	265.85818847209515	777.5464231354642
189064	121.71820677035682	840.8645357686453
189128	199.66056724611164	826.9345509893454
189217	183.64501372369625	839.5981735159817
189292	202.8636779505947	723.0928462709285
189359	249.8426349496798	790.2100456621004
190926	912.8865507776761	868.724505327245
191058	918.2250686184813	787.6773211567731
191147	884.0585544373284	671.1719939117199
191249	1021.7923147301007	605.3211567732116
191332	782.6267154620311	792.7427701674277
191397	832.8087831655993	778.8127853881278
191468	908.615736505032	809.2054794520548
191557	759.1372369624886	858.5936073059361
191647	798.6422689844466	838.3318112633181
191724	797.5745654162855	845.9299847792998
191789	984.4226898444648	750.9528158295282
191853	740.9862763037512	823.1354642313546
191933	864.83989021043	710.4292237442922
192019	947.0530649588289	956.103500761035
192129	794.3714547118024	756.0182648401826
192212	841.3504117108874	828.200913242009
192278	794.3714547118024	923.1780821917807
192349	913.9542543458372	910.5144596651445
192415	730.3092406221409	730.6910197869101
192478	730.3092406221409	776.2800608828005
192544	873.3815187557183	871.2572298325722
192609	951.323879231473	800.3409436834094
192678	832.8087831655993	861.1263318112633
192742	917.1573650503202	652.1765601217655
192809	935.3083257090577	938.3744292237442
192873	853.0951509606588	801.607305936073
192940	887.2616651418116	707.8964992389649
193012	1041.0109789569992	643.3120243531203
193078	893.6678865507777	907.9817351598173
193144	927.8344007319305	754.751902587519
194736	260.51967063129	425.49771689497715
194856	191.11893870082343	433.0958904109589
194936	127.05672461116194	346.98325722983253
195004	272.2644098810613	471.08675799086757
195073	289.3476669716377	455.8904109589041
195151	167.6294602012809	481.2176560121765
195230	227.42086001829827	602.7884322678843
195325	190.0512351326624	493.88127853881275
195409	156.95242451967064	574.9284627092846
195473	145.20768526989937	469.82039573820396
195578	270.12900274473924	307.7260273972603
195696	301.09240622140896	463.48858447488584
195780	196.45745654162855	502.7458143074581
195855	222.08234217749316	424.23135464231353
195930	161.22323879231473	467.2876712328767
195997	52.31747483989021	435.6286149162861
196087	81.14547118023788	573.6621004566209
196166	321.37877401646847	614.1856925418568
196233	167.6294602012809	654.7092846270928
196313	183.64501372369625	479.9512937595129
196414	281.8737419945105	536.937595129376
196491	216.74382433668802	624.3165905631658
196555	294.68618481244283	596.4566210045662
196619	170.83257090576396	410.3013698630137
196685	214.60841720036598	330.52054794520546
196751	235.96248856358648	614.1856925418568
196819	124.9213174748399	636.9802130898021
196882	210.33760292772186	638.2465753424657
196948	374.7639524245197	547.0684931506848
197012	303.227813357731	453.35768645357683
197076	301.09240622140896	441.9604261796042
197171	152.68161024702653	406.5022831050228
198748	199.66056724611164	158.2952815829528
198857	248.77493138151877	214.01522070015218
198935	310.7017383348582	202.6179604261796
199023	116.37968892955169	183.62252663622525
199101	201.79597438243368	172.22526636225265
199166	274.3998170173834	165.89345509893454
199231	124.9213174748399	100.04261796042617
199309	206.06678865507777	169.6925418569254
199401	302.16010978957	179.82343987823438
199490	341.6651418115279	322.92237442922374
199577	207.1344922232388	169.6925418569254
199645	324.5818847209515	117.77168949771689
199712	239.16559926806954	119.0380517503805
199786	284.00914913083255	107.64079147640791
199862	213.54071363220496	198.81887366818873
199926	170.83257090576396	193.75342465753423
200021	279.73833485818847	158.2952815829528
200096	198.5928636779506	206.41704718417046
200163	311.76944190301924	148.16438356164383
200253	167.6294602012809	249.47336377473363
200343	261.58737419945106	205.15068493150685
200429	309.6340347666972	191.220700152207
200526	177.23879231473012	126.63622526636225
200605	357.6806953339433	139.29984779299846
200670	287.21225983531565	134.234398782344
200748	261.58737419945106	143.09893455098933
200845	354.47758462946024	272.2678843226788
200928	240.23330283623056	97.50989345509893
200993	298.9569990850869	140.5662100456621
201058	344.868252516011	129.16894977168948
201121	384.3732845379689	149.43074581430744
201188	218.87923147301007	178.55707762557077
