time	x	y
1	14.500683994528037	53.0051282051282
25	141.7236662106703	53.0051282051282
41	137.61969904240763	37.96239316239316
66	102.05198358413132	43.43247863247863
86	102.05198358413132	43.43247863247863
109	114.36388508891929	42.064957264957265
125	169.08344733242134	-20.84102564102564
143	169.08344733242134	-20.84102564102564
161	169.08344733242134	-20.84102564102564
180	361.9699042407661	148.73162393162394
202	474.1450068399453	102.23589743589744
218	379.7537619699043	28.38974358974359
237	609.5759233926129	63.94529914529914
256	431.7373461012312	69.41538461538461
272	327.77017783857724	66.68034188034187
291	327.77017783857724	66.68034188034187
313	359.233926128591	125.48376068376068
335	392.06566347469226	40.697435897435895
352	392.06566347469226	40.697435897435895
370	464.56908344733245	77.62051282051281
390	482.3529411764706	121.38119658119659
409	558.9603283173735	58.47521367521368
430	433.10533515731873	80.35555555555555
447	433.10533515731873	80.35555555555555
465	520.656634746922	69.41538461538461
483	520.656634746922	69.41538461538461
503	520.656634746922	69.41538461538461
522	515.1846785225719	73.51794871794871
543	558.9603283173735	-67.33675213675214
566	446.7852257181943	-41.353846153846156
584	293.5704514363885	57.107692307692304
601	340.08207934336525	84.45811965811966
622	323.6662106703146	-18.105982905982906
641	333.24213406292745	-15.37094017094017
661	333.24213406292745	-15.37094017094017
680	331.8741450068399	94.03076923076924
704	248.4268125854993	-98.78974358974358
729	248.4268125854993	-98.78974358974358
751	259.3707250341997	-90.58461538461538
776	303.1463748290014	-90.58461538461538
799	364.7058823529412	-12.635897435897437
821	206.0191518467852	-19.473504273504275
842	242.9548563611491	-33.14871794871795
865	242.9548563611491	-33.14871794871795
886	305.88235294117646	57.107692307692304
911	118.46785225718195	66.68034188034187
934	204.65116279069767	80.35555555555555
956	173.18741450068399	145.99658119658122
976	201.91518467852256	77.62051282051281
998	174.55540355677155	115.91111111111113
1019	273.0506155950752	115.91111111111113
1040	290.83447332421343	-12.635897435897437
1059	290.83447332421343	-12.635897435897437
1083	282.6265389876881	18.817094017094014
1115	309.98632010943913	-105.62735042735044
1148	489.1928864569084	7.876923076923077
1170	367.4418604651163	-27.67863247863248
1190	456.36114911080716	-57.76410256410257
1213	335.9781121751026	61.210256410256406
1234	219.69904240766073	47.53504273504273
1252	364.7058823529412	74.88547008547009
1273	356.4979480164159	-16.73846153846154
1295	456.36114911080716	103.6034188034188
1316	370.1778385772914	55.74017094017094
1339	413.95348837209303	159.67179487179487
1359	1040.4924760601914	260.86837606837605
1385	1080.1641586867306	91.2957264957265
1408	1266.2106703146374	37.96239316239316
1431	1266.2106703146374	37.96239316239316
1453	1033.6525307797538	58.47521367521368
1475	1181.3953488372092	-11.268376068376067
1498	1181.3953488372092	-11.268376068376067
1521	1159.5075239398084	137.79145299145299
1547	1242.9548563611493	163.774358974359
1568	935.1573187414501	330.61196581196583
1590	903.6935704514364	352.49230769230763
1616	591.7920656634748	565.825641025641
1638	591.7920656634748	565.825641025641
1660	601.3679890560876	513.859829059829
1680	546.6484268125855	528.9025641025642
1703	538.4404924760602	512.4923076923077
1723	504.2407660738715	553.5179487179487
1746	381.12175102599184	610.9538461538461
1769	537.0725034199727	635.5692307692308
1789	445.41723666210675	606.851282051282
1811	314.09028727770175	535.740170940171
1834	314.09028727770175	535.740170940171
1856	398.90560875513	578.1333333333333
1879	203.2831737346101	501.5521367521368
1902	381.12175102599184	533.0051282051282
1926	381.12175102599184	533.0051282051282
1948	311.3543091655266	442.7487179487179
1975	259.3707250341997	560.3555555555555
2002	173.18741450068399	530.2700854700855
2034	390.6976744186047	660.1846153846154
2072	468.6730506155951	743.6034188034188
2095	493.296853625171	650.6119658119658
2116	463.2010943912449	731.2957264957265
2149	487.8248974008208	653.3470085470085
2170	355.12995896032834	686.1675213675213
2189	463.2010943912449	760.0136752136752
2217	346.922024623803	746.3384615384615
2241	341.4500683994528	647.876923076923
2263	341.4500683994528	647.876923076923
2287	430.36935704514366	694.3726495726495
2313	430.36935704514366	694.3726495726495
2336	190.97127222982215	728.5606837606838
2363	345.55403556771546	697.1076923076923
2386	307.25034199726406	645.1418803418803
2411	307.25034199726406	645.1418803418803
2444	264.84268125854993	664.2871794871794
2470	334.61012311901504	699.8427350427351
2496	149.93160054719561	545.3128205128205
2520	305.88235294117646	580.868376068376
2545	252.53077975376198	582.2358974358974
2569	270.31463748290014	673.859829059829
2592	524.7606019151847	690.2700854700854
2617	175.9233926128591	498.81709401709406
2641	543.9124487004104	710.782905982906
2663	383.8577291381669	697.1076923076923
2687	411.2175102599179	650.6119658119658
2711	426.265389876881	661.5521367521367
2733	424.89740082079345	635.5692307692308
2756	386.59370725034205	672.4923076923077
2780	412.5854993160055	621.894017094017
2805	206.0191518467852	604.1162393162393
2828	331.8741450068399	694.3726495726495
2853	323.6662106703146	623.2615384615385
2877	311.3543091655266	632.8341880341881
2900	296.30642954856364	710.782905982906
2930	188.23529411764704	337.44957264957264
2955	115.73187414500684	17.44957264957265
2980	-32.01094391244871	80.35555555555555
3003	-32.01094391244871	80.35555555555555
3028	169.08344733242134	-130.24273504273503
3053	45.964432284541715	-63.23418803418803
3076	144.4596443228454	-85.11452991452991
3105	-118.19425444596445	-52.2940170940171
3127	62.38030095759233	-72.8068376068376
3150	-135.9781121751026	-122.03760683760683
3173	211.49110807113541	-122.03760683760683
3198	2.188782489740074	-23.576068376068378
3220	199.17920656634746	-1.6957264957264961
3243	199.17920656634746	-1.6957264957264961
3264	528.8645690834473	-197.25128205128206
3288	600.0	125.48376068376068
3312	545.2804377564979	72.15042735042735
3336	240.218878248974	-23.576068376068378
3359	691.6552667578659	163.774358974359
3382	630.0957592339262	143.26153846153846
3406	524.7606019151847	61.210256410256406
3429	493.296853625171	88.56068376068377
3451	590.4240766073872	36.59487179487179
3478	346.922024623803	78.98803418803418
3501	601.3679890560876	31.124786324786324
3523	747.7428180574556	139.15897435897438
3548	747.7428180574556	139.15897435897438
3571	672.5034199726402	156.93675213675215
3596	769.6306429548564	114.54358974358976
3620	645.1436388508893	95.3982905982906
3643	728.5909712722298	99.50085470085472
3666	679.343365253078	65.31282051282051
3690	412.5854993160055	167.87692307692308
3713	639.6716826265391	118.64615384615385
3737	639.6716826265391	118.64615384615385
3760	677.9753761969904	178.817094017094
3783	677.9753761969904	178.817094017094
3813	605.4719562243503	132.32136752136753
3837	691.6552667578659	114.54358974358976
3861	638.3036935704515	202.06495726495723
3883	758.686730506156	286.85128205128206
3906	738.1668946648427	299.1589743589743
3931	755.9507523939809	124.11623931623932
3952	623.2558139534884	303.26153846153846
3974	768.2626538987688	238.98803418803416
4000	595.8960328317374	237.6205128205128
4022	784.6785225718195	260.86837606837605
4048	742.2708618331053	147.36410256410258
4072	742.2708618331053	147.36410256410258
4129	799.7264021887826	96.76581196581198
4152	924.2134062927497	140.52649572649574
4175	884.5417236662107	61.210256410256406
4200	858.5499316005472	129.58632478632478
4226	710.8071135430916	155.56923076923078
4247	974.8290013679891	166.50940170940171
4281	885.9097127222982	208.9025641025641
4309	1024.076607387141	497.4495726495727
4334	788.7824897400822	522.0649572649573
4360	734.0629274965801	548.0478632478632
4387	474.1450068399453	593.1760683760683
4413	474.1450068399453	593.1760683760683
4436	931.0533515731875	459.1589743589743
4461	1004.9247606019152	429.0735042735043
4487	1052.8043775649796	323.77435897435896
4517	1171.8194254445964	125.48376068376068
4542	1089.7400820793434	251.29572649572646
4566	1103.419972640219	211.63760683760682
4596	1199.1792065663476	307.36410256410255
4621	1199.1792065663476	307.36410256410255
4648	509.7127222982216	218.47521367521367
4676	385.2257181942545	219.84273504273503
4705	281.25854993160056	195.22735042735042
4729	178.6593707250342	99.50085470085472
4752	121.20383036935705	92.66324786324786
4778	121.20383036935705	92.66324786324786
4801	167.71545827633378	144.62905982905983
4826	167.71545827633378	144.62905982905983
4850	114.36388508891929	55.74017094017094
4874	128.0437756497948	47.53504273504273
4898	61.01231190150478	42.064957264957265
4926	32.2845417236662	66.68034188034187
4949	32.2845417236662	66.68034188034187
4976	114.36388508891929	6.509401709401709
5002	175.9233926128591	59.84273504273504
5026	181.3953488372093	28.38974358974359
5049	255.26675786593705	3.774358974358974
5075	256.6347469220246	51.63760683760683
5100	319.56224350205196	85.82564102564102
5125	223.8030095759234	111.80854700854701
5148	211.49110807113541	37.96239316239316
5168	340.08207934336525	461.89401709401704
5194	340.08207934336525	461.89401709401704
5219	735.4309165526676	523.4324786324787
5246	520.656634746922	630.0991452991453
5268	441.3132694938441	638.3042735042735
5297	524.7606019151847	471.4666666666666
5320	593.1600547195623	433.1760683760684
5342	578.1121751025992	275.9111111111111
5364	697.1272229822162	311.46666666666664
5385	616.4158686730507	307.36410256410255
5407	437.2093023255814	295.05641025641023
5448	501.5047879616963	296.4239316239316
5473	501.5047879616963	353.85982905982905
5495	641.0396716826266	263.6034188034188
5520	727.2229822161423	344.28717948717946
5544	727.2229822161423	344.28717948717946
5565	727.2229822161423	344.28717948717946
5588	630.0957592339262	325.1418803418803
5613	717.6470588235294	260.86837606837605
5636	598.6320109439125	340.18461538461537
5660	598.6320109439125	340.18461538461537
5681	621.8878248974008	348.38974358974355
5704	742.2708618331053	286.85128205128206
5728	586.3201094391245	278.6461538461539
5751	639.6716826265391	330.61196581196583
5775	613.6798905608756	327.87692307692305
5798	708.0711354309166	318.3042735042735
5820	708.0711354309166	318.3042735042735
5844	762.7906976744187	364.79999999999995
5866	898.2216142270862	409.9282051282051
5889	898.2216142270862	409.9282051282051
5913	877.7017783857729	367.53504273504274
5935	776.4705882352941	326.5094017094017
5959	776.4705882352941	326.5094017094017
5983	801.09439124487	258.1333333333333
6010	880.437756497948	241.72307692307692
6033	747.7428180574556	259.5008547008547
6057	747.7428180574556	259.5008547008547
6085	864.0218878248974	307.36410256410255
6112	866.7578659370724	260.86837606837605
6135	838.030095759234	288.2188034188034
6158	872.2298221614227	185.65470085470085
6183	865.389876880985	221.2102564102564
6208	920.109439124487	166.50940170940171
6234	761.4227086183311	232.15042735042735
6258	684.8153214774281	273.1760683760684
6281	764.1586867305062	315.5692307692307
6306	754.5827633378933	286.85128205128206
6328	631.4637482900138	243.09059829059828
6349	816.1422708618331	232.15042735042735
6372	713.5430916552667	202.06495726495723
6398	690.2872777017784	192.49230769230766
6419	690.2872777017784	192.49230769230766
6442	459.09712722298224	252.66324786324782
6464	613.6798905608756	218.47521367521367
6489	613.6798905608756	218.47521367521367
6512	743.6388508891929	195.22735042735042
6536	694.3912448700411	161.03931623931624
6561	712.1751025991792	232.15042735042735
6585	712.1751025991792	232.15042735042735
6610	527.4965800273598	188.38974358974357
6635	527.4965800273598	188.38974358974357
6657	676.6073871409028	213.0051282051282
6680	584.952120383037	143.26153846153846
6706	634.1997264021888	237.6205128205128
6732	634.1997264021888	237.6205128205128
6757	530.232558139535	195.22735042735042
6783	657.4555403556772	269.0735042735043
6807	600.0	293.68888888888887
6829	645.1436388508893	336.0820512820513
6850	673.8714090287277	347.0222222222222
6875	472.7770177838578	716.2529914529914
6898	820.2462380300958	595.911111111111
6930	251.16279069767438	553.5179487179487
6953	278.5225718194254	582.2358974358974
6979	773.7346101231191	478.3042735042735
7002	569.9042407660739	661.5521367521367
7028	976.1969904240766	377.1076923076923
7052	969.3570451436389	502.91965811965815
7079	1004.9247606019152	371.6376068376068
7105	946.1012311901505	318.3042735042735
7129	884.5417236662107	290.95384615384614
7151	835.2941176470589	218.47521367521367
7175	853.0779753761971	202.06495726495723
7203	947.469220246238	158.3042735042735
7228	947.469220246238	158.3042735042735
7252	1015.8686730506157	161.03931623931624
7277	929.6853625170999	145.99658119658122
7300	1084.268125854993	-3.0632478632478635
7326	1084.268125854993	-3.0632478632478635
7350	1085.6361149110808	77.62051282051281
7373	1085.6361149110808	77.62051282051281
7395	1067.8522571819426	151.4666666666667
7418	1045.9644322845418	240.35555555555553
7447	610.9439124487004	230.782905982906
7469	600.0	162.4068376068376
7492	335.9781121751026	84.45811965811966
7518	325.03419972640216	130.95384615384614
7539	301.77838577291385	114.54358974358976
7564	301.77838577291385	114.54358974358976
7586	234.7469220246238	206.16752136752137
7608	173.18741450068399	117.27863247863249
7631	344.18604651162786	113.17606837606837
7655	117.0998632010944	113.17606837606837
7677	123.93980848153214	132.32136752136753
7703	123.93980848153214	132.32136752136753
7726	319.56224350205196	107.70598290598292
7748	143.09165526675784	151.4666666666667
7773	277.1545827633379	125.48376068376068
7794	203.2831737346101	65.31282051282051
7816	240.218878248974	171.9794871794872
7837	82.9001367989056	171.9794871794872
7862	82.9001367989056	171.9794871794872
7885	108.89192886456908	133.6888888888889
7906	29.5485636114911	162.4068376068376
7927	61.01231190150478	177.44957264957264
7946	32.2845417236662	221.2102564102564
7980	73.32421340629274	159.67179487179487
8005	353.7619699042408	110.44102564102565
8028	311.3543091655266	170.61196581196583
8050	304.5143638850889	148.73162393162394
8072	304.5143638850889	148.73162393162394
8095	412.5854993160055	95.3982905982906
8118	352.39398084815326	125.48376068376068
8145	349.6580027359781	304.6290598290598
8169	349.6580027359781	304.6290598290598
8192	490.56087551299595	177.44957264957264
8226	479.61696306429553	208.9025641025641
8249	498.76880984952123	195.22735042735042
8273	576.7441860465117	236.25299145299144
8294	552.1203830369358	222.57777777777775
8316	716.2790697674419	62.577777777777776
8339	667.03146374829	70.78290598290597
8360	667.03146374829	70.78290598290597
8382	627.3597811217511	579.5008547008547
8405	675.2393980848153	651.9794871794873
8426	534.3365253077975	606.851282051282
8449	743.6388508891929	586.3384615384615
8474	377.01778385772917	537.1076923076923
8498	665.6634746922024	597.2786324786325
8519	858.5499316005472	426.33846153846156
8542	842.1340629274966	311.46666666666664
8568	842.1340629274966	311.46666666666664
8590	795.6224350205199	418.13333333333327
8614	905.061559507524	401.7230769230769
8637	817.5102599179207	348.38974358974355
8660	817.5102599179207	348.38974358974355
8682	898.2216142270862	327.87692307692305
8707	732.6949384404925	304.6290598290598
8728	732.6949384404925	304.6290598290598
8771	781.9425444596444	337.44957264957264
8796	742.2708618331053	314.20170940170937
8821	848.9740082079344	245.825641025641
8848	764.1586867305062	259.5008547008547
8873	764.1586867305062	259.5008547008547
8894	791.5184678522572	284.11623931623933
8917	703.9671682626539	240.35555555555553
8944	701.2311901504788	180.18461538461537
8969	701.2311901504788	180.18461538461537
9027	595.8960328317374	176.08205128205128
9050	617.7838577291383	223.94529914529912
9072	546.6484268125855	169.24444444444444
9101	647.8796169630643	240.35555555555553
9122	635.5677154582764	281.3811965811966
9149	635.5677154582764	281.3811965811966
9173	662.9274965800273	255.3982905982906
9203	531.6005471956224	645.1418803418803
9231	605.4719562243503	691.6376068376068
9254	558.9603283173735	658.817094017094
9277	558.9603283173735	658.817094017094
9301	739.5348837209302	645.1418803418803
9327	764.1586867305062	356.5948717948718
9350	723.1190150478797	256.76581196581196
9374	702.5991792065663	277.27863247863246
9398	702.5991792065663	277.27863247863246
9423	760.0547195622436	344.28717948717946
9450	710.8071135430916	225.31282051282048
9471	746.374829001368	325.1418803418803
9495	746.374829001368	325.1418803418803
9516	746.374829001368	325.1418803418803
9539	738.1668946648427	360.69743589743587
9568	751.8467852257182	277.27863247863246
9590	783.3105335157319	457.79145299145296
9614	770.998632010944	363.4324786324786
9637	827.0861833105336	398.9880341880342
9659	682.0793433652531	251.29572649572646
9682	688.9192886456908	262.2358974358974
9704	688.9192886456908	262.2358974358974
9725	746.374829001368	281.3811965811966
9746	693.0232558139535	418.13333333333327
9769	693.0232558139535	418.13333333333327
9792	713.5430916552667	334.7145299145299
9815	491.9288645690835	336.0820512820513
9839	506.9767441860466	284.11623931623933
9860	506.9767441860466	284.11623931623933
9880	506.9767441860466	284.11623931623933
9902	468.6730506155951	251.29572649572646
9924	517.9206566347469	256.76581196581196
9947	517.9206566347469	256.76581196581196
9968	578.1121751025992	264.97094017094014
9988	560.328317373461	238.98803418803416
10013	560.328317373461	238.98803418803416
10033	465.93707250342	211.63760683760682
10056	424.89740082079345	232.15042735042735
10078	429.0013679890561	264.97094017094014
10102	429.0013679890561	264.97094017094014
10125	374.2818057455541	296.4239316239316
10148	405.74555403556775	322.4068376068376
10171	405.74555403556775	322.4068376068376
10193	382.4897400820794	290.95384615384614
10221	382.4897400820794	290.95384615384614
10243	409.84952120383036	189.75726495726494
10264	203.2831737346101	240.35555555555553
10286	418.0574555403557	232.15042735042735
10311	397.53761969904247	199.3299145299145
10331	898.2216142270862	311.46666666666664
10355	1006.2927496580028	214.37264957264955
10383	926.9493844049248	154.20170940170942
10405	926.9493844049248	154.20170940170942
10428	951.5731874145007	114.54358974358976
10451	951.5731874145007	174.71452991452992
10472	951.5731874145007	174.71452991452992
10498	788.7824897400822	244.45811965811964
10524	872.2298221614227	218.47521367521367
10550	848.9740082079344	98.13333333333334
10574	848.9740082079344	98.13333333333334
10596	937.8932968536252	184.2871794871795
10629	1082.9001367989058	124.11623931623932
10654	1043.2284541723666	222.57777777777775
10677	1043.2284541723666	222.57777777777775
10699	1065.1162790697674	180.18461538461537
10724	933.7893296853625	162.4068376068376
10749	933.7893296853625	162.4068376068376
10770	1013.1326949384405	191.1247863247863
10793	870.8618331053351	161.03931623931624
10820	887.2777017783858	132.32136752136753
10850	688.9192886456908	594.5435897435897
10875	446.7852257181943	702.5777777777778
10900	444.04924760601915	471.4666666666666
10924	654.7195622435021	591.808547008547
10954	552.1203830369358	610.9538461538461
10978	606.8399452804379	710.782905982906
11003	775.1025991792067	709.4153846153846
11029	1136.25170998632	688.902564102564
11054	1136.25170998632	534.3726495726496
11077	1071.9562243502053	409.9282051282051
11101	1018.6046511627907	398.9880341880342
11126	868.12585499316	411.29572649572646
11148	955.6771545827634	450.95384615384614
11171	810.670314637483	299.1589743589743
11192	725.8549931600547	83.09059829059828
11217	651.983584131327	137.79145299145299
11240	512.4487004103967	113.17606837606837
11262	494.6648426812586	225.31282051282048
11288	494.6648426812586	225.31282051282048
11315	531.6005471956224	-70.07179487179488
11340	550.7523939808482	-7.165811965811966
11365	563.0642954856362	46.16752136752137
11388	563.0642954856362	46.16752136752137
11413	870.8618331053351	222.57777777777775
11436	593.1600547195623	62.577777777777776
11459	638.3036935704515	141.8940170940171
11484	638.3036935704515	141.8940170940171
11506	571.2722298221614	110.44102564102565
11531	716.2790697674419	99.50085470085472
11554	721.7510259917921	185.65470085470085
11577	721.7510259917921	185.65470085470085
11600	706.703146374829	219.84273504273503
11624	701.2311901504788	180.18461538461537
11643	701.2311901504788	180.18461538461537
11664	695.7592339261286	113.17606837606837
11695	743.6388508891929	46.16752136752137
11717	743.6388508891929	46.16752136752137
11740	777.8385772913817	99.50085470085472
11764	874.9658002735978	145.99658119658122
11786	874.9658002735978	145.99658119658122
11809	900.9575923392613	-60.499145299145304
11833	1010.3967168262656	174.71452991452992
11857	965.2530779753762	59.84273504273504
11879	965.2530779753762	59.84273504273504
11899	1017.2366621067033	203.43247863247865
11923	951.5731874145007	196.59487179487178
11946	951.5731874145007	196.59487179487178
11965	999.452804377565	296.4239316239316
11988	947.469220246238	286.85128205128206
12011	950.2051983584132	192.49230769230766
12033	970.7250341997265	-1.6957264957264961
12056	970.7250341997265	-1.6957264957264961
12079	853.0779753761971	-16.73846153846154
12100	885.9097127222982	-8.533333333333333
12125	885.9097127222982	-8.533333333333333
12147	649.2476060191519	755.9111111111112
12171	788.7824897400822	684.8
12194	720.3830369357045	586.3384615384615
12222	840.7660738714092	500.1846153846154
12245	787.4145006839946	438.6461538461538
12273	1043.2284541723666	331.9794871794872
12294	973.4610123119015	193.85982905982902
12318	1067.8522571819426	132.32136752136753
12341	1067.8522571819426	132.32136752136753
12364	939.2612859097128	158.3042735042735
12384	866.7578659370724	125.48376068376068
12407	895.4856361149111	144.62905982905983
12431	1126.6757865937075	260.86837606837605
12451	1010.3967168262656	271.808547008547
12474	1102.0519835841314	185.65470085470085
12497	820.2462380300958	256.76581196581196
12521	820.2462380300958	256.76581196581196
12545	993.9808481532149	189.75726495726494
12566	775.1025991792067	206.16752136752137
12592	1108.891928864569	228.0478632478632
12615	1108.891928864569	228.0478632478632
12638	894.1176470588235	251.29572649572646
12661	1129.4117647058824	136.42393162393162
12683	1129.4117647058824	136.42393162393162
12703	1065.1162790697674	260.86837606837605
12724	941.9972640218879	270.44102564102565
12748	983.0369357045145	167.87692307692308
12773	1137.6196990424078	129.58632478632478
12796	1137.6196990424078	129.58632478632478
12818	1077.4281805745554	117.27863247863249
12843	1341.450068399453	-61.86666666666667
12866	1204.6511627906978	-23.576068376068378
12886	1348.2900136798905	-46.82393162393163
12910	1308.6183310533518	-100.15726495726496
12937	1071.9562243502053	-301.182905982906
12963	1134.8837209302326	99.50085470085472
12990	1056.908344733242	154.20170940170942
13016	843.5020519835842	140.52649572649574
13039	1003.5567715458276	51.63760683760683
13065	645.1436388508893	118.64615384615385
13087	772.3666210670315	145.99658119658122
13111	935.1573187414501	-139.8153846153846
13134	1066.4842681258551	247.19316239316237
13155	1174.5554035567716	132.32136752136753
13177	729.9589603283174	-3.0632478632478635
13203	1080.1641586867306	-93.31965811965811
13228	1222.4350205198357	-14.003418803418805
13249	1199.1792065663476	-19.473504273504275
13278	1429.0013679890558	-63.23418803418803
13305	1400.2735978112175	-250.5846153846154
13329	1383.8577291381669	-158.96068376068376
13350	1383.8577291381669	-158.96068376068376
13373	1329.138166894665	-57.76410256410257
13412	1263.4746922024624	-42.721367521367526
13438	1234.746922024624	74.88547008547009
13463	1234.746922024624	74.88547008547009
13486	1117.0998632010944	72.15042735042735
13508	538.4404924760602	99.50085470085472
13532	360.60191518467855	121.38119658119659
13555	334.61012311901504	43.43247863247863
13584	230.64295485636114	106.33846153846153
13608	106.15595075239398	115.91111111111113
13633	210.12311901504788	88.56068376068377
13654	110.25991792065663	98.13333333333334
13677	227.90697674418604	47.53504273504273
13699	48.70041039671682	166.50940170940171
13723	97.94801641586866	159.67179487179487
13746	143.09165526675784	128.21880341880342
13770	56.908344733242124	244.45811965811964
13792	52.804377564979475	158.3042735042735
13813	7.66073871409028	223.94529914529912
13862	-23.8030095759234	207.53504273504274
13885	233.37893296853625	537.1076923076923
13907	606.8399452804379	772.3213675213675
13931	606.8399452804379	772.3213675213675
13954	115.73187414500684	651.9794871794873
13976	348.29001367989054	665.6547008547009
13999	196.44322845417236	584.9709401709401
14027	349.6580027359781	574.0307692307692
14051	244.32284541723664	520.6974358974359
14075	390.6976744186047	513.859829059829
14101	589.0560875512996	568.5606837606837
14140	325.03419972640216	534.3726495726496
14163	225.17099863201094	605.4837606837607
14185	465.93707250342	505.6547008547009
14205	422.1614227086183	558.9880341880341
14228	676.6073871409028	519.3299145299145
14252	660.1915184678522	600.0136752136752
14280	639.6716826265391	348.38974358974355
14304	746.374829001368	330.61196581196583
14345	725.8549931600547	362.06495726495723
14367	821.6142270861834	377.1076923076923
14387	747.7428180574556	316.93675213675215
14410	795.6224350205199	446.851282051282
14433	794.2544459644323	390.782905982906
14457	791.5184678522572	426.33846153846156
14479	729.9589603283174	381.2102564102564
14505	948.8372093023256	474.2017094017094
14529	948.8372093023256	474.2017094017094
14566	955.6771545827634	300.5264957264957
14589	941.9972640218879	446.851282051282
14612	969.3570451436389	378.4752136752137
14634	969.3570451436389	378.4752136752137
14656	1103.419972640219	278.6461538461539
14676	978.9329685362518	385.3128205128205
14698	978.9329685362518	385.3128205128205
14721	1011.7647058823529	338.817094017094
14747	1030.9165526675788	394.8854700854701
14768	1080.1641586867306	348.38974358974355
14789	1080.1641586867306	348.38974358974355
14810	1106.155950752394	295.05641025641023
14836	1087.0041039671682	394.8854700854701
14861	1015.8686730506157	331.9794871794872
14883	844.8700410396717	344.28717948717946
14907	844.8700410396717	344.28717948717946
14927	818.8782489740083	345.6547008547008
14951	753.2147742818057	388.04786324786323
14974	720.3830369357045	407.19316239316237
14995	625.9917920656635	407.19316239316237
15016	723.1190150478797	270.44102564102565
15041	370.1778385772914	284.11623931623933
15065	370.1778385772914	284.11623931623933
15089	169.08344733242134	334.7145299145299
15114	256.6347469220246	263.6034188034188
15138	89.74008207934337	263.6034188034188
15164	156.77154582763336	314.20170940170937
15189	264.84268125854993	528.9025641025642
15218	353.7619699042408	676.5948717948718
15243	553.4883720930233	682.0649572649572
15266	513.8166894664843	650.6119658119658
15292	356.4979480164159	584.9709401709401
15315	464.56908344733245	476.93675213675215
15339	464.56908344733245	476.93675213675215
15363	485.08891928864574	542.5777777777778
15385	498.76880984952123	528.9025641025642
15411	512.4487004103967	475.5692307692308
15433	512.4487004103967	475.5692307692308
15454	429.0013679890561	584.9709401709401
15477	452.2571819425445	591.808547008547
15502	523.3926128590971	530.2700854700855
15528	352.39398084815326	478.3042735042735
15551	549.3844049247606	584.9709401709401
15581	460.4651162790698	430.44102564102565
15606	460.4651162790698	430.44102564102565
15630	539.8084815321478	415.39829059829054
15655	583.5841313269494	419.50085470085463
15678	583.5841313269494	445.48376068376064
15703	583.5841313269494	445.48376068376064
15726	520.656634746922	472.83418803418806
15749	558.9603283173735	450.95384615384614
15771	578.1121751025992	497.4495726495727
15792	645.1436388508893	563.0905982905982
15816	680.7113543091655	508.3897435897436
15838	701.2311901504788	403.0905982905983
15860	608.2079343365253	435.9111111111111
15882	701.2311901504788	405.825641025641
15903	643.7756497948017	377.1076923076923
15927	668.3994528043776	375.7401709401709
15947	719.015047879617	426.33846153846156
15965	742.2708618331053	427.7059829059829
15988	853.0779753761971	520.6974358974359
16011	702.5991792065663	437.27863247863246
16033	1047.3324213406293	537.1076923076923
16058	1251.1627906976746	420.868376068376
16080	984.404924760602	491.97948717948714
16101	955.6771545827634	408.56068376068373
16123	1025.4445964432284	486.5094017094017
16147	825.7181942544461	513.859829059829
16168	966.6210670314638	653.3470085470085
16190	1043.2284541723666	546.6803418803419
16216	957.045143638851	440.0136752136752
16244	980.3009575923393	474.2017094017094
16274	1089.7400820793434	452.3213675213675
16308	1032.2845417236663	446.851282051282
16343	1032.2845417236663	446.851282051282
16364	1066.4842681258551	356.5948717948718
16391	1140.355677154583	520.6974358974359
16415	983.0369357045145	289.5863247863248
16442	983.0369357045145	289.5863247863248
16463	1115.731874145007	307.36410256410255
16485	1156.7715458276334	364.79999999999995
16513	1099.3160054719563	330.61196581196583
16535	1099.3160054719563	330.61196581196583
16555	987.140902872777	412.6632478632478
16576	959.781121751026	286.85128205128206
16600	959.781121751026	286.85128205128206
16622	955.6771545827634	370.27008547008546
16644	939.2612859097128	297.79145299145296
16666	939.2612859097128	297.79145299145296
16687	987.140902872777	383.94529914529915
16710	987.140902872777	383.94529914529915
16731	917.373461012312	331.9794871794872
16754	1014.5006839945281	310.0991452991453
16775	1014.5006839945281	310.0991452991453
16797	1052.8043775649796	262.2358974358974
16825	1144.4596443228454	355.2273504273504
16848	1017.2366621067033	264.97094017094014
16871	1017.2366621067033	264.97094017094014
16894	980.3009575923393	308.7316239316239
16917	687.5512995896032	241.72307692307692
16940	687.5512995896032	241.72307692307692
16966	282.6265389876881	248.56068376068373
17010	154.03556771545826	290.95384615384614
17033	154.03556771545826	290.95384615384614
17057	128.0437756497948	163.774358974359
17081	128.0437756497948	163.774358974359
17103	274.4186046511628	256.76581196581196
17123	401.64158686730514	269.0735042735043
17148	145.82763337893294	185.65470085470085
17175	155.40355677154582	193.85982905982902
17201	180.02735978112176	222.57777777777775
17229	104.78796169630643	225.31282051282048
17255	173.18741450068399	259.5008547008547
17283	2.188782489740074	230.782905982906
17306	2.188782489740074	230.782905982906
17330	-42.95485636114912	254.03076923076924
17354	166.34746922024624	244.45811965811964
17381	152.66757865937072	189.75726495726494
17405	152.66757865937072	189.75726495726494
17428	290.83447332421343	203.43247863247865
17451	290.83447332421343	203.43247863247865
17475	282.6265389876881	249.9282051282051
17498	502.8727770177839	162.4068376068376
17527	398.90560875513	185.65470085470085
17555	356.4979480164159	177.44957264957264
17579	356.4979480164159	177.44957264957264
17599	368.8098495212039	244.45811965811964
17620	342.8180574555403	200.69743589743587
17645	342.8180574555403	200.69743589743587
17668	355.12995896032834	357.96239316239314
17695	258.0027359781122	281.3811965811966
17719	389.3296853625171	310.0991452991453
17746	624.623803009576	438.6461538461538
17770	624.623803009576	438.6461538461538
17794	456.36114911080716	359.3299145299145
17819	456.36114911080716	359.3299145299145
17842	528.8645690834473	237.6205128205128
17863	449.52120383036936	274.54358974358973
17888	578.1121751025992	266.33846153846156
17913	584.952120383037	200.69743589743587
17936	548.0164158686731	398.9880341880342
17959	679.343365253078	281.3811965811966
17981	679.343365253078	281.3811965811966
18002	724.4870041039671	341.55213675213673
18026	719.015047879617	422.23589743589747
18046	672.5034199726402	440.0136752136752
18069	672.5034199726402	440.0136752136752
18091	745.0068399452805	195.22735042735042
18112	430.36935704514366	459.1589743589743
18132	430.36935704514366	459.1589743589743
18154	430.36935704514366	459.1589743589743
18176	623.2558139534884	169.24444444444444
18197	420.7934336525308	293.68888888888887
18220	377.01778385772917	295.05641025641023
18240	277.1545827633379	2.4068376068376063
18262	375.64979480164163	110.44102564102565
18285	375.64979480164163	110.44102564102565
18308	174.55540355677155	51.63760683760683
18331	323.6662106703146	258.1333333333333
18356	400.27359781121754	-27.67863247863248
18379	448.1532147742818	162.4068376068376
18399	366.07387140902875	208.9025641025641
18422	344.18604651162786	122.74871794871795
18446	341.4500683994528	223.94529914529912
18473	247.05882352941174	114.54358974358976
18498	379.7537619699043	161.03931623931624
18521	378.3857729138167	132.32136752136753
18543	340.08207934336525	137.79145299145299
18566	233.37893296853625	158.3042735042735
18593	319.56224350205196	154.20170940170942
18614	273.0506155950752	143.26153846153846
18638	76.06019151846785	281.3811965811966
18661	281.25854993160056	125.48376068376068
18686	267.578659370725	100.86837606837607
18710	125.30779753761969	214.37264957264955
18761	342.8180574555403	47.53504273504273
18784	255.26675786593705	176.08205128205128
18808	255.26675786593705	176.08205128205128
18829	360.60191518467855	135.05641025641026
18851	275.78659370725035	206.16752136752137
18878	151.29958960328315	141.8940170940171
18902	242.9548563611491	98.13333333333334
18927	230.64295485636114	17.44957264957265
18948	230.64295485636114	17.44957264957265
18970	32.2845417236662	140.52649572649574
18993	174.55540355677155	95.3982905982906
19018	30.916552667578653	83.09059829059828
19042	15.868673050615588	53.0051282051282
19069	-67.57865937072505	-56.396581196581195
19093	67.85225718194255	110.44102564102565
19127	9.02872777017783	162.4068376068376
19149	9.02872777017783	162.4068376068376
19171	193.70725034199725	211.63760683760682
19194	82.9001367989056	54.372649572649564
19217	82.9001367989056	54.372649572649564
19239	258.0027359781122	204.8
19261	279.890560875513	211.63760683760682
19283	140.35567715458274	102.23589743589744
19309	111.62790697674419	166.50940170940171
19335	-204.37756497948018	57.107692307692304
19358	259.3707250341997	48.9025641025641
19382	320.9302325581395	-26.311111111111114
19409	118.46785225718195	13.347008547008546
19434	178.6593707250342	244.45811965811964
19458	524.7606019151847	185.65470085470085
19480	442.6812585499316	226.68034188034184
19502	420.7934336525308	260.86837606837605
19529	439.94528043775654	312.834188034188
19552	378.3857729138167	130.95384615384614
19591	378.3857729138167	130.95384615384614
19613	318.1942544459644	315.5692307692307
19643	505.608755129959	740.868376068376
19663	684.8153214774281	760.0136752136752
19686	582.2161422708618	738.1333333333333
19707	669.767441860465	554.88547008547
19729	654.7195622435021	580.868376068376
19753	654.7195622435021	580.868376068376
19778	612.311901504788	357.96239316239314
19803	850.341997264022	312.834188034188
19826	754.5827633378933	277.27863247863246
19852	754.5827633378933	277.27863247863246
19876	620.5198358413134	218.47521367521367
19900	497.4008207934337	218.47521367521367
19928	605.4719562243503	208.9025641025641
19954	713.5430916552667	229.41538461538462
19975	634.1997264021888	273.1760683760684
19998	517.9206566347469	241.72307692307692
20022	683.4473324213407	259.5008547008547
20043	519.2886456908345	211.63760683760682
20062	719.015047879617	252.66324786324782
20085	660.1915184678522	225.31282051282048
20105	651.983584131327	249.9282051282051
20129	658.8235294117648	431.808547008547
20152	762.7906976744187	327.87692307692305
20176	680.7113543091655	195.22735042735042
20198	643.7756497948017	264.97094017094014
20223	842.1340629274966	314.20170940170937
20262	683.4473324213407	191.1247863247863
20284	632.8317373461012	166.50940170940171
20304	768.2626538987688	311.46666666666664
20328	768.2626538987688	311.46666666666664
20351	775.1025991792067	286.85128205128206
20373	790.1504787961696	232.15042735042735
20396	790.1504787961696	232.15042735042735
20418	610.9439124487004	234.88547008547008
20442	673.8714090287277	234.88547008547008
20462	816.1422708618331	327.87692307692305
20482	816.1422708618331	327.87692307692305
20504	717.6470588235294	232.15042735042735
20528	786.0465116279071	375.7401709401709
20550	792.8864569083448	368.9025641025641
20570	735.4309165526676	300.5264957264957
20592	755.9507523939809	230.782905982906
20613	755.9507523939809	230.782905982906
20641	609.5759233926129	359.3299145299145
20664	609.5759233926129	359.3299145299145
20685	680.7113543091655	321.03931623931624
20709	717.6470588235294	280.01367521367524
20730	717.6470588235294	280.01367521367524
20752	766.8946648426813	289.5863247863248
20776	777.8385772913817	312.834188034188
20800	846.2380300957593	487.87692307692305
20824	777.8385772913817	471.4666666666666
20845	887.2777017783858	325.1418803418803
20866	762.7906976744187	297.79145299145296
20890	854.4459644322847	347.0222222222222
20910	787.4145006839946	275.9111111111111
20934	712.1751025991792	310.0991452991453
20958	688.9192886456908	371.6376068376068
20979	772.3666210670315	392.1504273504274
21000	688.9192886456908	371.6376068376068
21024	824.3502051983585	344.28717948717946
21046	682.0793433652531	312.834188034188
21069	682.0793433652531	312.834188034188
21088	766.8946648426813	204.8
21110	712.1751025991792	337.44957264957264
21133	772.3666210670315	311.46666666666664
21155	858.5499316005472	293.68888888888887
21179	818.8782489740083	312.834188034188
21202	941.9972640218879	364.79999999999995
21226	941.9972640218879	364.79999999999995
21250	929.6853625170999	290.95384615384614
21270	337.3461012311901	229.41538461538462
21297	91.10807113543092	296.4239316239316
21320	91.10807113543092	296.4239316239316
21342	119.8358413132695	252.66324786324782
21363	81.53214774281805	259.5008547008547
21386	178.6593707250342	221.2102564102564
21406	160.87551299589603	251.29572649572646
21431	160.87551299589603	251.29572649572646
21457	107.52393980848153	222.57777777777775
21481	11.764705882352935	289.5863247863248
21505	160.87551299589603	215.7401709401709
21533	61.01231190150478	193.85982905982902
21558	278.5225718194254	286.85128205128206
21582	59.64432284541723	375.7401709401709
21606	141.7236662106703	264.97094017094014
21628	141.7236662106703	264.97094017094014
21652	218.3310533515732	632.8341880341881
21676	558.9603283173735	673.859829059829
21702	234.7469220246238	735.3982905982906
21727	363.3378932968537	706.6803418803419
21759	371.54582763337896	537.1076923076923
21781	281.25854993160056	591.808547008547
21803	223.8030095759234	594.5435897435897
21825	171.81942544459645	601.3811965811966
21850	290.83447332421343	386.68034188034187
21873	329.13816689466483	522.0649572649573
21897	329.13816689466483	522.0649572649573
21920	292.202462380301	355.2273504273504
21944	85.63611491108071	256.76581196581196
21968	363.3378932968537	355.2273504273504
21990	363.3378932968537	355.2273504273504
22012	262.1067031463748	337.44957264957264
22040	308.6183310533516	323.77435897435896
22065	375.64979480164163	337.44957264957264
22089	375.64979480164163	337.44957264957264
22116	392.06566347469226	368.9025641025641
22141	392.06566347469226	368.9025641025641
22163	312.7222982216142	403.0905982905983
22185	330.5061559507524	382.5777777777778
22209	294.93844049247605	435.9111111111111
22235	294.93844049247605	435.9111111111111
22257	325.03419972640216	426.33846153846156
22279	294.93844049247605	538.4752136752137
22301	289.46648426812584	456.4239316239316
22327	527.4965800273598	442.7487179487179
22351	367.4418604651163	490.6119658119658
22372	482.3529411764706	527.5350427350428
22405	535.7045143638851	464.62905982905977
22430	535.7045143638851	464.62905982905977
22452	634.1997264021888	379.84273504273506
22474	634.1997264021888	379.84273504273506
22496	539.8084815321478	444.1162393162393
22520	467.3050615595076	386.68034188034187
22544	594.5280437756498	385.3128205128205
22565	594.5280437756498	385.3128205128205
22587	475.51299589603286	475.5692307692308
22607	705.3351573187415	405.825641025641
22630	705.3351573187415	405.825641025641
22654	762.7906976744187	512.4923076923077
22677	482.3529411764706	398.9880341880342
22698	606.8399452804379	511.1247863247863
22722	522.0246238030096	407.19316239316237
22746	653.3515731874146	453.68888888888887
22765	583.5841313269494	424.9709401709402
22786	583.5841313269494	424.9709401709402
22811	583.5841313269494	424.9709401709402
22832	609.5759233926129	409.9282051282051
22854	632.8317373461012	416.7658119658119
22879	705.3351573187415	423.60341880341883
22900	693.0232558139535	353.85982905982905
22924	757.3187414500684	414.0307692307692
22959	706.703146374829	450.95384615384614
22979	687.5512995896032	411.29572649572646
23005	687.5512995896032	411.29572649572646
23027	725.8549931600547	420.868376068376
23052	667.03146374829	464.62905982905977
23079	706.703146374829	538.4752136752137
23103	695.7592339261286	474.2017094017094
23123	695.7592339261286	474.2017094017094
23143	641.0396716826266	430.44102564102565
23168	641.0396716826266	430.44102564102565
23189	683.4473324213407	508.3897435897436
23211	643.7756497948017	471.4666666666666
23232	657.4555403556772	448.2188034188034
23254	564.4322845417237	485.1418803418803
23294	579.4801641586868	368.9025641025641
23329	656.0875512995897	437.27863247863246
23358	624.623803009576	305.9965811965812
23380	605.4719562243503	305.9965811965812
23404	605.4719562243503	305.9965811965812
23426	538.4404924760602	290.95384615384614
23447	579.4801641586868	381.2102564102564
23470	628.7277701778387	400.35555555555555
23493	553.4883720930233	322.4068376068376
23515	595.8960328317374	502.91965811965815
23538	615.0478796169631	441.38119658119655
23562	701.2311901504788	516.5948717948718
23626	833.9261285909713	446.851282051282
23652	891.3816689466485	479.6717948717949
23679	656.0875512995897	542.5777777777778
23701	719.015047879617	557.6205128205128
23729	895.4856361149111	435.9111111111111
23754	788.7824897400822	545.3128205128205
23776	795.6224350205199	522.0649572649573
23824	786.0465116279071	516.5948717948718
23846	764.1586867305062	464.62905982905977
23875	764.1586867305062	464.62905982905977
23902	786.0465116279071	464.62905982905977
23924	790.1504787961696	371.6376068376068
23945	775.1025991792067	494.71452991452986
23967	802.4623803009576	344.28717948717946
23988	794.2544459644323	475.5692307692308
24013	757.3187414500684	543.9452991452991
24037	829.8221614227087	455.05641025641023
24070	794.2544459644323	420.868376068376
24093	922.8454172366621	624.6290598290599
24117	933.7893296853625	553.5179487179487
24143	807.9343365253079	409.9282051282051
24165	807.9343365253079	409.9282051282051
24186	625.9917920656635	419.50085470085463
24210	740.9028727770178	267.7059829059829
24229	740.9028727770178	267.7059829059829
24252	740.9028727770178	267.7059829059829
24275	716.2790697674419	348.38974358974355
24299	690.2872777017784	303.26153846153846
24322	716.2790697674419	594.5435897435897
24343	635.5677154582764	616.4239316239316
24364	595.8960328317374	448.2188034188034
24386	450.88919288645695	528.9025641025642
24408	560.328317373461	526.1675213675214
24428	539.8084815321478	594.5435897435897
24449	950.2051983584132	543.9452991452991
24471	1032.2845417236663	534.3726495726496
24494	673.8714090287277	533.0051282051282
24520	794.2544459644323	583.6034188034188
24540	838.030095759234	493.3470085470085
24562	870.8618331053351	430.44102564102565
24584	881.8057455540355	474.2017094017094
24608	881.8057455540355	474.2017094017094
24626	809.3023255813954	457.79145299145296
24648	809.3023255813954	457.79145299145296
24671	1048.7004103967167	394.8854700854701
24692	881.8057455540355	349.7572649572649
24713	881.8057455540355	349.7572649572649
24735	684.8153214774281	587.7059829059829
24757	669.767441860465	430.44102564102565
24780	676.6073871409028	457.79145299145296
24800	441.3132694938441	701.2102564102564
24826	766.8946648426813	457.79145299145296
24847	412.5854993160055	528.9025641025642
24873	412.5854993160055	528.9025641025642
24895	844.8700410396717	520.6974358974359
24919	792.8864569083448	461.89401709401704
24941	866.7578659370724	485.1418803418803
24962	1036.388508891929	471.4666666666666
24987	1036.388508891929	471.4666666666666
25009	649.2476060191519	446.851282051282
25033	810.670314637483	440.0136752136752
25056	992.6128590971273	296.4239316239316
25078	992.6128590971273	296.4239316239316
25097	813.4062927496581	383.94529914529915
25123	1021.3406292749659	363.4324786324786
25146	955.6771545827634	295.05641025641023
25172	954.3091655266758	412.6632478632478
25195	929.6853625170999	426.33846153846156
25216	838.030095759234	392.1504273504274
25242	838.030095759234	392.1504273504274
25268	1074.6922024623805	289.5863247863248
25293	929.6853625170999	348.38974358974355
25319	814.7742818057457	247.19316239316237
25344	802.4623803009576	285.4837606837607
25372	413.95348837209303	307.36410256410255
25395	390.6976744186047	245.825641025641
25421	390.6976744186047	245.825641025641
25446	262.1067031463748	211.63760683760682
25474	438.57729138166894	228.0478632478632
25499	147.1956224350205	311.46666666666664
25526	279.890560875513	314.20170940170937
25548	279.890560875513	314.20170940170937
25574	304.5143638850889	274.54358974358973
25600	264.84268125854993	135.05641025641026
25624	182.76333789329686	181.55213675213676
25649	166.34746922024624	152.83418803418806
25677	221.0670314637483	211.63760683760682
25700	185.49931600547194	278.6461538461539
25726	138.9876880984952	290.95384615384614
25752	138.9876880984952	290.95384615384614
25780	216.96306429548562	334.7145299145299
25812	255.26675786593705	290.95384615384614
25840	151.29958960328315	169.24444444444444
25864	307.25034199726406	195.22735042735042
25890	260.73871409028726	275.9111111111111
25917	267.578659370725	282.74871794871797
25942	441.3132694938441	290.95384615384614
25967	320.9302325581395	215.7401709401709
25992	448.1532147742818	223.94529914529912
26019	450.88919288645695	344.28717948717946
26044	390.6976744186047	333.34700854700856
26066	286.73050615595076	259.5008547008547
26087	286.73050615595076	259.5008547008547
26111	408.4815321477429	352.49230769230763
26141	296.30642954856364	385.3128205128205
26166	345.55403556771546	199.3299145299145
26192	294.93844049247605	219.84273504273503
26222	349.6580027359781	282.74871794871797
26247	308.6183310533516	333.34700854700856
26270	300.41039671682626	356.5948717948718
26296	178.6593707250342	234.88547008547008
26325	236.11491108071132	330.61196581196583
26367	159.50752393980846	259.5008547008547
26405	203.2831737346101	297.79145299145296
26446	171.81942544459645	273.1760683760684
26485	141.7236662106703	286.85128205128206
26512	268.9466484268126	415.39829059829054
26540	107.52393980848153	345.6547008547008
26562	82.9001367989056	285.4837606837607
26588	82.9001367989056	285.4837606837607
26609	35.020519835841306	316.93675213675215
26631	78.79616963064295	197.96239316239314
26653	78.79616963064295	197.96239316239314
26675	122.5718194254446	295.05641025641023
26703	96.58002735978113	319.6717948717949
26726	248.4268125854993	288.2188034188034
26746	248.4268125854993	288.2188034188034
26768	314.09028727770175	243.09059829059828
26790	314.09028727770175	243.09059829059828
26811	398.90560875513	273.1760683760684
26836	424.89740082079345	215.7401709401709
26858	367.4418604651163	277.27863247863246
26890	277.1545827633379	664.2871794871794
26915	553.4883720930233	616.4239316239316
26938	292.202462380301	660.1846153846154
26961	355.12995896032834	583.6034188034188
26984	401.64158686730514	598.6461538461539
27006	472.7770177838578	591.808547008547
27028	541.1764705882354	414.0307692307692
27057	604.1039671682627	496.0820512820512
27080	504.2407660738715	401.7230769230769
27103	434.47332421340633	464.62905982905977
27131	434.47332421340633	464.62905982905977
27154	546.6484268125855	476.93675213675215
27176	548.0164158686731	448.2188034188034
27196	623.2558139534884	485.1418803418803
27218	515.1846785225719	556.2529914529914
27240	355.12995896032834	449.5863247863248
27260	355.12995896032834	449.5863247863248
27280	508.3447332421341	385.3128205128205
27301	258.0027359781122	409.9282051282051
27329	480.98495212038307	321.03931623931624
27355	457.7291381668947	388.04786324786323
27377	330.5061559507524	405.825641025641
27400	337.3461012311901	434.54358974358973
27438	464.56908344733245	400.35555555555555
27459	330.5061559507524	359.3299145299145
27481	330.5061559507524	359.3299145299145
27503	286.73050615595076	370.27008547008546
27526	286.73050615595076	370.27008547008546
27547	379.7537619699043	405.825641025641
27569	268.9466484268126	374.37264957264955
27591	268.9466484268126	374.37264957264955
27611	382.4897400820794	388.04786324786323
27634	162.24350205198357	347.0222222222222
27656	200.547195622435	327.87692307692305
27676	270.31463748290014	412.6632478632478
27702	351.02599179206567	400.35555555555555
27734	374.2818057455541	434.54358974358973
27755	374.2818057455541	434.54358974358973
27777	435.84131326949387	373.0051282051282
27799	487.8248974008208	381.2102564102564
27822	385.2257181942545	355.2273504273504
27847	385.2257181942545	355.2273504273504
27873	329.13816689466483	373.0051282051282
27898	329.13816689466483	373.0051282051282
27920	277.1545827633379	360.69743589743587
27946	441.3132694938441	411.29572649572646
27971	483.7209302325582	364.79999999999995
27993	483.7209302325582	364.79999999999995
28016	431.7373461012312	359.3299145299145
28042	423.5294117647059	403.0905982905983
28064	505.608755129959	455.05641025641023
28088	505.608755129959	455.05641025641023
28111	526.1285909712723	408.56068376068373
28138	459.09712722298224	400.35555555555555
28160	584.952120383037	398.9880341880342
28183	584.952120383037	398.9880341880342
28202	584.952120383037	398.9880341880342
28223	564.4322845417237	398.9880341880342
28249	460.4651162790698	371.6376068376068
28271	638.3036935704515	374.37264957264955
28297	638.3036935704515	374.37264957264955
28324	511.0807113543092	267.7059829059829
28349	589.0560875512996	289.5863247863248
28374	615.0478796169631	388.04786324786323
28398	546.6484268125855	419.50085470085463
28425	651.983584131327	344.28717948717946
28446	606.8399452804379	325.1418803418803
28468	471.4090287277702	356.5948717948718
28491	471.4090287277702	356.5948717948718
28513	660.1915184678522	398.9880341880342
28539	691.6552667578659	256.76581196581196
28571	691.6552667578659	256.76581196581196
28605	513.8166894664843	435.9111111111111
28626	590.4240766073872	318.3042735042735
28656	597.2640218878249	431.808547008547
28677	604.1039671682627	388.04786324786323
28697	604.1039671682627	318.3042735042735
28720	643.7756497948017	330.61196581196583
28743	471.4090287277702	401.7230769230769
28765	615.0478796169631	388.04786324786323
28787	615.0478796169631	388.04786324786323
28810	654.7195622435021	366.1675213675214
28832	706.703146374829	494.71452991452986
28856	706.703146374829	494.71452991452986
28879	677.9753761969904	440.0136752136752
28908	593.1600547195623	472.83418803418806
28940	593.1600547195623	472.83418803418806
28963	619.1518467852258	411.29572649572646
28986	664.2954856361149	419.50085470085463
29009	838.030095759234	407.19316239316237
29034	838.030095759234	407.19316239316237
29056	624.623803009576	470.0991452991452
29080	702.5991792065663	431.808547008547
29104	665.6634746922024	446.851282051282
29128	665.6634746922024	446.851282051282
29149	628.7277701778387	502.91965811965815
29173	586.3201094391245	429.0735042735043
29196	601.3679890560876	431.808547008547
29216	667.03146374829	396.25299145299147
29240	691.6552667578659	415.39829059829054
29266	606.8399452804379	394.8854700854701
29292	687.5512995896032	390.782905982906
29321	590.4240766073872	379.84273504273506
29346	487.8248974008208	357.96239316239314
29373	487.8248974008208	357.96239316239314
29402	531.6005471956224	426.33846153846156
29428	541.1764705882354	375.7401709401709
29461	632.8317373461012	455.05641025641023
29486	638.3036935704515	433.1760683760684
29512	656.0875512995897	248.56068376068373
29537	825.7181942544461	440.0136752136752
29562	717.6470588235294	457.79145299145296
29587	796.9904240766075	423.60341880341883
29620	850.341997264022	423.60341880341883
29644	850.341997264022	423.60341880341883
29675	922.8454172366621	348.38974358974355
29706	862.6538987688099	364.79999999999995
29730	928.3173734610124	412.6632478632478
29764	879.0697674418604	515.2273504273504
29790	832.5581395348838	408.56068376068373
29817	864.0218878248974	427.7059829059829
29848	810.670314637483	398.9880341880342
29874	935.1573187414501	398.9880341880342
29902	857.1819425444597	377.1076923076923
29931	972.093023255814	375.7401709401709
29958	522.0246238030096	349.7572649572649
29984	479.61696306429553	377.1076923076923
30011	479.61696306429553	377.1076923076923
30036	341.4500683994528	338.817094017094
30066	325.03419972640216	326.5094017094017
30091	299.0424076607387	345.6547008547008
30118	247.05882352941174	262.2358974358974
30145	121.20383036935705	301.89401709401704
30170	121.20383036935705	301.89401709401704
30195	252.53077975376198	303.26153846153846
30221	292.202462380301	286.85128205128206
30247	259.3707250341997	326.5094017094017
30274	327.77017783857724	318.3042735042735
30302	327.77017783857724	318.3042735042735
30327	163.61149110807114	295.05641025641023
30353	255.26675786593705	259.5008547008547
30379	277.1545827633379	229.41538461538462
30406	318.1942544459644	229.41538461538462
30433	203.2831737346101	217.1076923076923
30461	300.41039671682626	323.77435897435896
30487	264.84268125854993	267.7059829059829
30512	192.33926128590969	236.25299145299144
30539	192.33926128590969	236.25299145299144
30564	318.1942544459644	295.05641025641023
30588	407.11354309165534	373.0051282051282
30612	460.4651162790698	341.55213675213673
30639	387.9616963064296	412.6632478632478
30661	371.54582763337896	415.39829059829054
30686	305.88235294117646	333.34700854700856
30709	305.88235294117646	333.34700854700856
30732	430.36935704514366	316.93675213675215
30755	386.59370725034205	364.79999999999995
30780	386.59370725034205	364.79999999999995
30802	386.59370725034205	351.12478632478627
30824	496.03283173734616	352.49230769230763
30848	653.3515731874146	266.33846153846156
30872	653.3515731874146	266.33846153846156
30898	656.0875512995897	467.3641025641025
30923	572.640218878249	414.0307692307692
30961	576.7441860465117	314.20170940170937
30983	714.9110807113543	371.6376068376068
31007	610.9439124487004	409.9282051282051
31032	731.3269493844049	427.7059829059829
31055	807.9343365253079	567.1931623931623
31078	807.9343365253079	567.1931623931623
31101	695.7592339261286	519.3299145299145
31122	783.3105335157319	627.3641025641026
31146	783.3105335157319	627.3641025641026
31168	832.5581395348838	471.4666666666666
31191	677.9753761969904	388.04786324786323
31212	677.9753761969904	388.04786324786323
31234	780.5745554035568	418.13333333333327
31260	936.5253077975376	589.0735042735042
31283	818.8782489740083	359.3299145299145
31306	818.8782489740083	359.3299145299145
31330	864.0218878248974	444.1162393162393
31356	868.12585499316	533.0051282051282
31382	995.3488372093024	449.5863247863248
31421	909.1655266757866	379.84273504273506
31446	909.1655266757866	379.84273504273506
31470	974.8290013679891	370.27008547008546
31494	946.1012311901505	337.44957264957264
31517	1018.6046511627907	327.87692307692305
31541	970.7250341997265	195.22735042735042
31574	1007.6607387140904	69.41538461538461
31598	991.2448700410397	237.6205128205128
31620	835.2941176470589	363.4324786324786
31645	1030.9165526675788	236.25299145299144
31684	118.46785225718195	83.09059829059828
31707	152.66757865937072	162.4068376068376
31729	307.25034199726406	42.064957264957265
31755	28.18057455540355	14.714529914529914
31777	289.46648426812584	24.287179487179483
31801	248.4268125854993	1.0393162393162392
31826	270.31463748290014	95.3982905982906
31851	50.06839945280437	40.697435897435895
31874	229.2749658002736	-3.0632478632478635
31898	108.89192886456908	-152.12307692307692
31922	-44.32284541723667	43.43247863247863
31946	-44.32284541723667	43.43247863247863
31969	19.97264021887824	-81.01196581196581
31994	108.89192886456908	-204.0888888888889
32018	47.33242134062927	47.53504273504273
32060	17.23666210670314	-291.6102564102564
32112	-86.73050615595076	-97.42222222222222
32144	-8.755129958960337	-31.781196581196586
32173	181.3953488372093	-264.2598290598291
32207	122.5718194254446	-98.78974358974358
32234	173.18741450068399	-65.96923076923076
32266	147.1956224350205	-109.72991452991452
32291	422.1614227086183	70.78290598290597
32320	430.36935704514366	-254.6871794871795
32343	430.36935704514366	-254.6871794871795
32372	245.6908344733242	-343.5760683760684
32398	378.3857729138167	-339.4735042735043
32426	368.8098495212039	-139.8153846153846
32450	415.3214774281806	-150.75555555555556
32473	415.3214774281806	-150.75555555555556
32499	498.76880984952123	5.141880341880341
32527	487.8248974008208	-0.3282051282051285
32553	487.8248974008208	-0.3282051282051285
32582	773.7346101231191	-60.499145299145304
32609	601.3679890560876	-7.165811965811966
32634	742.2708618331053	13.347008547008546
32659	623.2558139534884	-123.4051282051282
32707	558.9603283173735	-158.96068376068376
32732	617.7838577291383	219.84273504273503
32756	475.51299589603286	-108.36239316239316
32777	679.343365253078	-27.67863247863248
32799	671.1354309165527	55.74017094017094
32825	831.1901504787962	208.9025641025641
32848	838.030095759234	128.21880341880342
32870	844.8700410396717	178.817094017094
32892	1006.2927496580028	98.13333333333334
32916	779.2065663474692	218.47521367521367
32939	814.7742818057457	107.70598290598292
32963	961.1491108071136	163.774358974359
32987	961.1491108071136	163.774358974359
33014	828.4541723666212	215.7401709401709
33039	842.1340629274966	155.56923076923078
33061	827.0861833105336	307.36410256410255
33084	764.1586867305062	271.808547008547
33106	868.12585499316	191.1247863247863
33131	907.797537619699	155.56923076923078
33155	664.2954856361149	117.27863247863249
33182	598.6320109439125	77.62051282051281
33211	598.6320109439125	77.62051282051281
33232	764.1586867305062	245.825641025641
33254	764.1586867305062	245.825641025641
33275	699.8632010943912	100.86837606837607
33301	702.5991792065663	178.817094017094
33324	702.5991792065663	178.817094017094
33347	761.4227086183311	24.287179487179483
33371	206.0191518467852	204.8
33395	130.7797537619699	150.0991452991453
33421	138.9876880984952	167.87692307692308
33444	138.9876880984952	167.87692307692308
33466	69.2202462380301	254.03076923076924
33489	141.7236662106703	304.6290598290598
33514	141.7236662106703	304.6290598290598
33538	108.89192886456908	304.6290598290598
33560	189.60328317373458	191.1247863247863
33583	270.31463748290014	165.14188034188035
33610	173.18741450068399	103.6034188034188
33632	130.7797537619699	92.66324786324786
33655	128.0437756497948	169.24444444444444
33679	74.6922024623803	167.87692307692308
33700	189.60328317373458	234.88547008547008
33726	19.97264021887824	196.59487179487178
33749	19.97264021887824	196.59487179487178
33771	136.2517099863201	133.6888888888889
33796	159.50752393980846	211.63760683760682
33856	3.5567715458276257	133.6888888888889
33878	169.08344733242134	111.80854700854701
33901	283.99452804377563	219.84273504273503
33926	97.94801641586866	58.47521367521368
33955	97.94801641586866	58.47521367521368
33976	-77.1545827633379	132.32136752136753
34000	92.47606019151847	202.06495726495723
34024	-15.595075239398094	195.22735042735042
34047	56.908344733242124	161.03931623931624
34070	219.69904240766073	217.1076923076923
34092	219.69904240766073	217.1076923076923
34119	319.56224350205196	243.09059829059828
34165	193.70725034199725	270.44102564102565
34191	106.15595075239398	245.825641025641
34218	106.15595075239398	245.825641025641
34244	385.2257181942545	222.57777777777775
34269	259.3707250341997	222.57777777777775
34294	539.8084815321478	254.03076923076924
34318	539.8084815321478	254.03076923076924
34340	454.99316005471957	225.31282051282048
34365	468.6730506155951	307.36410256410255
34401	615.0478796169631	215.7401709401709
34424	615.0478796169631	215.7401709401709
34447	534.3365253077975	295.05641025641023
34472	479.61696306429553	219.84273504273503
34493	522.0246238030096	182.91965811965812
34514	522.0246238030096	182.91965811965812
34540	584.952120383037	177.44957264957264
34564	483.7209302325582	187.0222222222222
34588	494.6648426812586	241.72307692307692
34610	479.61696306429553	162.4068376068376
34637	426.265389876881	262.2358974358974
34661	617.7838577291383	167.87692307692308
34689	617.7838577291383	167.87692307692308
34713	627.3597811217511	154.20170940170942
34735	638.3036935704515	284.11623931623933
34778	567.1682626538988	303.26153846153846
34815	530.232558139535	392.1504273504274
34839	591.7920656634748	204.8
34861	591.7920656634748	204.8
34884	613.6798905608756	345.6547008547008
34907	643.7756497948017	267.7059829059829
34933	708.0711354309166	311.46666666666664
34953	708.0711354309166	311.46666666666664
34975	680.7113543091655	245.825641025641
35004	706.703146374829	266.33846153846156
35024	706.703146374829	266.33846153846156
35046	812.0383036935705	321.03931623931624
35068	812.0383036935705	321.03931623931624
35091	858.5499316005472	213.0051282051282
35115	738.1668946648427	371.6376068376068
35136	790.1504787961696	418.13333333333327
35160	790.1504787961696	418.13333333333327
35181	210.12311901504788	362.06495726495723
35203	196.44322845417236	259.5008547008547
35224	196.44322845417236	259.5008547008547
35248	155.40355677154582	148.73162393162394
35270	156.77154582763336	301.89401709401704
35298	207.38714090287277	92.66324786324786
35320	299.0424076607387	166.50940170940171
35340	170.45143638850888	221.2102564102564
35366	240.218878248974	178.817094017094
35393	240.218878248974	178.817094017094
35411	22.708618331053344	267.7059829059829
35434	-30.642954856361154	329.24444444444447
35456	77.4281805745554	244.45811965811964
35479	-18.331053351573193	170.61196581196583
35503	206.0191518467852	206.16752136752137
35525	195.0752393980848	248.56068376068373
35554	140.35567715458274	234.88547008547008
35575	69.2202462380301	141.8940170940171
35600	112.99589603283174	106.33846153846153
35619	45.964432284541715	150.0991452991453
35641	50.06839945280437	264.97094017094014
35664	54.17236662106702	274.54358974358973
35689	54.17236662106702	274.54358974358973
35709	352.39398084815326	260.86837606837605
35732	307.25034199726406	285.4837606837607
35754	307.25034199726406	285.4837606837607
35775	242.9548563611491	266.33846153846156
35799	240.218878248974	321.03931623931624
35823	289.46648426812584	237.6205128205128
35845	247.05882352941174	260.86837606837605
35866	247.05882352941174	260.86837606837605
35888	175.9233926128591	247.19316239316237
35916	91.10807113543092	342.9196581196581
35938	62.38030095759233	293.68888888888887
35959	62.38030095759233	293.68888888888887
35982	-40.218878248974015	378.4752136752137
36020	-93.57045143638852	315.5692307692307
36041	-90.83447332421342	188.38974358974357
36071	192.33926128590969	408.56068376068373
36096	210.12311901504788	355.2273504273504
36118	210.12311901504788	355.2273504273504
36143	169.08344733242134	275.9111111111111
36164	77.4281805745554	94.03076923076924
36189	84.26812585499316	154.20170940170942
36210	55.54035567715457	308.7316239316239
36231	143.09165526675784	321.03931623931624
36252	102.05198358413132	322.4068376068376
36274	-100.41039671682628	221.2102564102564
36300	15.868673050615588	226.68034188034184
36324	62.38030095759233	237.6205128205128
36352	37.75649794801641	331.9794871794872
36376	162.24350205198357	267.7059829059829
36403	129.41176470588235	259.5008547008547
36432	156.77154582763336	182.91965811965812
36455	156.77154582763336	182.91965811965812
36479	192.33926128590969	277.27863247863246
36509	192.33926128590969	277.27863247863246
36530	200.547195622435	254.03076923076924
36551	125.30779753761969	256.76581196581196
36574	208.7551299589603	278.6461538461539
36604	208.7551299589603	278.6461538461539
36624	151.29958960328315	293.68888888888887
36648	274.4186046511628	211.63760683760682
36672	206.0191518467852	204.8
36696	206.0191518467852	204.8
36718	252.53077975376198	106.33846153846153
36739	219.69904240766073	214.37264957264955
36763	219.69904240766073	214.37264957264955
36786	289.46648426812584	219.84273504273503
36812	181.3953488372093	196.59487179487178
36842	181.3953488372093	196.59487179487178
36866	227.90697674418604	260.86837606837605
36894	251.16279069767438	222.57777777777775
36917	207.38714090287277	166.50940170940171
36941	528.8645690834473	197.96239316239314
36963	249.79480164158684	218.47521367521367
36986	450.88919288645695	155.56923076923078
37009	418.0574555403557	118.64615384615385
37050	463.2010943912449	155.56923076923078
37082	539.8084815321478	173.34700854700856
37108	527.4965800273598	213.0051282051282
37145	445.41723666210675	122.74871794871795
37168	464.56908344733245	154.20170940170942
37194	464.56908344733245	154.20170940170942
37216	535.7045143638851	85.82564102564102
37242	535.7045143638851	85.82564102564102
37266	638.3036935704515	264.97094017094014
37289	553.4883720930233	619.1589743589743
37312	761.4227086183311	606.851282051282
37332	761.4227086183311	606.851282051282
37351	483.7209302325582	639.6717948717949
37373	828.4541723666212	716.2529914529914
37397	828.4541723666212	716.2529914529914
37416	820.2462380300958	677.9623931623931
37438	750.4787961696306	688.902564102564
37460	760.0547195622436	664.2871794871794
37481	835.2941176470589	651.9794871794873
37508	824.3502051983585	608.2188034188034
37533	824.3502051983585	608.2188034188034
37553	859.9179206566348	535.740170940171
37576	846.2380300957593	673.859829059829
37597	895.4856361149111	527.5350427350428
37625	821.6142270861834	500.1846153846154
37654	865.389876880985	590.4410256410256
37676	865.389876880985	590.4410256410256
37700	910.5335157318741	569.928205128205
37722	970.7250341997265	552.1504273504273
37743	861.2859097127223	601.3811965811966
37767	1000.8207934336526	579.5008547008547
37789	1013.1326949384405	576.765811965812
37812	905.061559507524	520.6974358974359
37834	905.061559507524	520.6974358974359
37855	980.3009575923393	490.6119658119658
37876	937.8932968536252	448.2188034188034
37898	937.8932968536252	448.2188034188034
37921	954.3091655266758	482.4068376068376
37944	954.3091655266758	520.6974358974359
37966	517.9206566347469	452.3213675213675
37989	452.2571819425445	403.0905982905983
38012	452.2571819425445	403.0905982905983
38038	316.8262653898768	520.6974358974359
38064	255.26675786593705	465.99658119658113
38086	234.7469220246238	513.859829059829
38107	271.6826265389877	486.5094017094017
38127	252.53077975376198	591.808547008547
38146	420.7934336525308	440.0136752136752
38169	215.59507523939808	465.99658119658113
38191	222.43502051983583	460.5264957264957
38212	196.44322845417236	486.5094017094017
38235	196.44322845417236	486.5094017094017
38257	148.56361149110805	319.6717948717949
38281	148.56361149110805	319.6717948717949
38305	232.0109439124487	519.3299145299145
38330	181.3953488372093	578.1333333333333
38352	318.1942544459644	444.1162393162393
38376	166.34746922024624	471.4666666666666
38397	303.1463748290014	530.2700854700855
38436	125.30779753761969	368.9025641025641
38461	355.12995896032834	504.2871794871795
38487	19.97264021887824	367.53504273504274
38513	121.20383036935705	377.1076923076923
38539	121.20383036935705	377.1076923076923
38565	320.9302325581395	199.3299145299145
38590	199.17920656634746	308.7316239316239
38618	285.3625170998632	404.45811965811964
38640	285.3625170998632	404.45811965811964
38663	314.09028727770175	364.79999999999995
38686	337.3461012311901	348.38974358974355
38720	345.55403556771546	371.6376068376068
38741	345.55403556771546	371.6376068376068
38762	608.2079343365253	366.1675213675214
38816	528.8645690834473	394.8854700854701
38838	527.4965800273598	435.9111111111111
38859	608.2079343365253	455.05641025641023
38885	710.8071135430916	424.9709401709402
38910	703.9671682626539	429.0735042735043
38937	668.3994528043776	433.1760683760684
38959	836.6621067031465	396.25299145299147
38983	612.311901504788	310.0991452991453
39005	683.4473324213407	299.1589743589743
39028	699.8632010943912	448.2188034188034
39054	887.2777017783858	530.2700854700855
39079	779.2065663474692	412.6632478632478
39104	576.7441860465117	404.45811965811964
39124	600.0	464.62905982905977
39148	662.9274965800273	426.33846153846156
39168	724.4870041039671	576.765811965812
39189	621.8878248974008	546.6803418803419
39211	621.8878248974008	546.6803418803419
39234	677.9753761969904	553.5179487179487
39256	701.2311901504788	489.2444444444444
39280	627.3597811217511	537.1076923076923
39301	654.7195622435021	567.1931623931623
39321	593.1600547195623	590.4410256410256
39344	593.1600547195623	590.4410256410256
39364	597.2640218878249	548.0478632478632
39388	409.84952120383036	558.9880341880341
39410	653.3515731874146	545.3128205128205
39432	601.3679890560876	575.3982905982906
39456	163.61149110807114	568.5606837606837
39482	163.61149110807114	568.5606837606837
39502	237.4829001367989	766.851282051282
39524	268.9466484268126	688.902564102564
39546	268.9466484268126	688.902564102564
39569	278.5225718194254	702.5777777777778
39590	162.24350205198357	601.3811965811966
39612	162.24350205198357	601.3811965811966
39630	370.1778385772914	621.894017094017
39655	720.3830369357045	474.2017094017094
39677	822.9822161422709	456.4239316239316
39699	814.7742818057457	548.0478632478632
39722	813.4062927496581	470.0991452991452
39742	770.998632010944	430.44102564102565
39764	597.2640218878249	430.44102564102565
39786	735.4309165526676	538.4752136752137
39807	590.4240766073872	478.3042735042735
39827	580.8481532147744	345.6547008547008
39851	661.5595075239398	457.79145299145296
39873	861.2859097127223	576.765811965812
39897	943.3652530779754	368.9025641025641
39918	864.0218878248974	467.3641025641025
39941	864.0218878248974	467.3641025641025
39962	921.4774281805745	563.0905982905982
39985	883.1737346101231	546.6803418803419
40005	848.9740082079344	494.71452991452986
40028	848.9740082079344	478.3042735042735
40050	754.5827633378933	557.6205128205128
40072	754.5827633378933	557.6205128205128
40094	914.6374829001368	630.0991452991453
40117	868.12585499316	515.2273504273504
40142	874.9658002735978	534.3726495726496
40163	714.9110807113543	383.94529914529915
40185	762.7906976744187	290.95384615384614
40208	943.3652530779754	523.4324786324787
40229	885.9097127222982	405.825641025641
40253	828.4541723666212	295.05641025641023
40272	892.7496580027359	307.36410256410255
40294	843.5020519835842	382.5777777777778
40320	708.0711354309166	357.96239316239314
40345	634.1997264021888	390.782905982906
40367	679.343365253078	513.859829059829
40390	522.0246238030096	295.05641025641023
40410	496.03283173734616	360.69743589743587
40432	502.8727770177839	429.0735042735043
40456	575.3761969904241	531.6376068376069
40478	508.3447332421341	400.35555555555555
40501	467.3050615595076	427.7059829059829
40525	467.3050615595076	427.7059829059829
40551	352.39398084815326	528.9025641025642
40576	346.922024623803	457.79145299145296
40599	233.37893296853625	482.4068376068376
40625	147.1956224350205	578.1333333333333
40650	211.49110807113541	468.73162393162386
40673	227.90697674418604	418.13333333333327
40699	102.05198358413132	381.2102564102564
40723	193.70725034199725	442.7487179487179
40747	193.70725034199725	442.7487179487179
40773	97.94801641586866	304.6290598290598
40795	97.94801641586866	304.6290598290598
40818	242.9548563611491	416.7658119658119
40839	292.202462380301	453.68888888888887
40864	258.0027359781122	364.79999999999995
40885	258.0027359781122	364.79999999999995
40906	232.0109439124487	347.0222222222222
40928	418.0574555403557	520.6974358974359
40950	242.9548563611491	463.2615384615384
40974	593.1600547195623	470.0991452991452
41001	457.7291381668947	461.89401709401704
41025	452.2571819425445	587.7059829059829
41052	377.01778385772917	434.54358974358973
41077	565.8002735978113	456.4239316239316
41104	635.5677154582764	400.35555555555555
41125	736.7989056087551	345.6547008547008
41153	736.7989056087551	345.6547008547008
41177	513.8166894664843	498.81709401709406
41200	727.2229822161423	524.8000000000001
41224	727.2229822161423	524.8000000000001
41246	832.5581395348838	638.3042735042735
41268	738.1668946648427	548.0478632478632
41289	738.1668946648427	548.0478632478632
41311	735.4309165526676	472.83418803418806
41334	798.358413132695	556.2529914529914
41357	899.5896032831737	586.3384615384615
41386	916.0054719562244	686.1675213675213
41410	832.5581395348838	665.6547008547009
41435	828.4541723666212	654.71452991453
41457	783.3105335157319	533.0051282051282
41479	783.3105335157319	533.0051282051282
41501	868.12585499316	631.4666666666667
41523	820.2462380300958	513.859829059829
41546	873.5978112175103	589.0735042735042
41568	598.6320109439125	568.5606837606837
41592	598.6320109439125	568.5606837606837
41617	409.84952120383036	593.1760683760683
41641	491.9288645690835	512.4923076923077
41683	438.57729138166894	416.7658119658119
41713	453.62517099863203	546.6803418803419
41738	485.08891928864574	584.9709401709401
41759	487.8248974008208	543.9452991452991
41785	568.5362517099863	438.6461538461538
41806	500.1367989056088	511.1247863247863
41830	490.56087551299595	621.894017094017
41851	490.56087551299595	621.894017094017
41872	419.42544459644324	564.4581196581196
41902	461.83310533515737	578.1333333333333
41928	379.7537619699043	560.3555555555555
41950	662.9274965800273	481.03931623931624
41974	542.5444596443228	554.88547008547
42013	527.4965800273598	557.6205128205128
42033	642.4076607387142	556.2529914529914
42054	642.4076607387142	556.2529914529914
42075	548.0164158686731	468.73162393162386
42098	720.3830369357045	565.825641025641
42117	720.3830369357045	565.825641025641
42138	498.76880984952123	426.33846153846156
42157	498.76880984952123	426.33846153846156
42175	649.2476060191519	606.851282051282
42195	813.4062927496581	590.4410256410256
42217	813.4062927496581	590.4410256410256
42239	486.4569083447333	459.1589743589743
42261	486.4569083447333	459.1589743589743
42284	705.3351573187415	487.87692307692305
42305	840.7660738714092	606.851282051282
42327	988.5088919288646	578.1333333333333
42350	928.3173734610124	579.5008547008547
42374	840.7660738714092	574.0307692307692
42397	840.7660738714092	574.0307692307692
42418	862.6538987688099	550.782905982906
42444	832.5581395348838	624.6290598290599
42464	969.3570451436389	531.6376068376069
42487	838.030095759234	545.3128205128205
42507	869.4938440492476	628.731623931624
42529	873.5978112175103	498.81709401709406
42550	796.9904240766075	502.91965811965815
42572	698.4952120383036	470.0991452991452
42592	691.6552667578659	497.4495726495727
42615	812.0383036935705	619.1589743589743
42640	798.358413132695	634.2017094017094
42661	814.7742818057457	638.3042735042735
42686	951.5731874145007	605.4837606837607
42711	672.5034199726402	647.876923076923
42737	749.1108071135432	658.817094017094
42764	749.1108071135432	658.817094017094
42805	734.0629274965801	550.782905982906
42831	418.0574555403557	485.1418803418803
42855	485.08891928864574	498.81709401709406
42878	457.7291381668947	132.32136752136753
42904	372.9138166894665	115.91111111111113
42927	420.7934336525308	121.38119658119659
42952	457.7291381668947	115.91111111111113
42976	468.6730506155951	80.35555555555555
42999	441.3132694938441	126.85128205128207
43020	554.8563611491109	147.36410256410258
43041	470.04103967168265	87.1931623931624
43062	470.04103967168265	87.1931623931624
43085	630.0957592339262	42.064957264957265
43109	651.983584131327	163.774358974359
43149	587.6880984952121	89.92820512820514
43195	664.2954856361149	154.20170940170942
43220	714.9110807113543	151.4666666666667
43247	631.4637482900138	171.9794871794872
43272	641.0396716826266	200.69743589743587
43294	680.7113543091655	163.774358974359
43317	582.2161422708618	114.54358974358976
43341	582.2161422708618	114.54358974358976
43373	653.3515731874146	111.80854700854701
43401	584.952120383037	135.05641025641026
43424	589.0560875512996	51.63760683760683
43445	690.2872777017784	158.3042735042735
43468	690.2872777017784	158.3042735042735
43488	647.8796169630643	120.01367521367523
43509	675.2393980848153	184.2871794871795
43531	675.2393980848153	184.2871794871795
43551	783.3105335157319	200.69743589743587
43572	667.03146374829	48.9025641025641
43594	605.4719562243503	89.92820512820514
43615	765.5266757865937	59.84273504273504
43638	671.1354309165527	17.44957264957265
43661	671.1354309165527	17.44957264957265
43682	587.6880984952121	72.15042735042735
43737	684.8153214774281	118.64615384615385
43757	677.9753761969904	148.73162393162394
43781	602.7359781121752	143.26153846153846
43805	783.3105335157319	185.65470085470085
43826	783.3105335157319	185.65470085470085
43845	765.5266757865937	197.96239316239314
43872	641.0396716826266	139.15897435897438
43891	641.0396716826266	139.15897435897438
43917	723.1190150478797	270.44102564102565
43938	827.0861833105336	170.61196581196583
43960	827.0861833105336	170.61196581196583
43982	631.4637482900138	120.01367521367523
44002	687.5512995896032	132.32136752136753
44024	687.5512995896032	132.32136752136753
44045	687.5512995896032	132.32136752136753
44067	723.1190150478797	125.48376068376068
44091	873.5978112175103	169.24444444444444
44118	687.5512995896032	258.1333333333333
44139	687.5512995896032	258.1333333333333
44163	732.6949384404925	151.4666666666667
44188	802.4623803009576	174.71452991452992
44207	922.8454172366621	305.9965811965812
44228	916.0054719562244	215.7401709401709
44252	918.7414500683994	195.22735042735042
44274	905.061559507524	281.3811965811966
44296	905.061559507524	281.3811965811966
44316	984.404924760602	155.56923076923078
44338	1045.9644322845418	141.8940170940171
44363	1134.8837209302326	135.05641025641026
44385	746.374829001368	120.01367521367523
44410	746.374829001368	120.01367521367523
44432	66.484268125855	193.85982905982902
44453	11.764705882352935	162.4068376068376
44474	11.764705882352935	162.4068376068376
44496	67.85225718194255	89.92820512820514
44517	197.8112175102599	65.31282051282051
44540	197.8112175102599	65.31282051282051
44561	36.38850889192886	167.87692307692308
44586	-74.41860465116281	203.43247863247865
44610	2.188782489740074	132.32136752136753
44634	2.188782489740074	132.32136752136753
44656	14.500683994528037	151.4666666666667
44682	114.36388508891929	109.07350427350428
44705	308.6183310533516	117.27863247863249
44730	162.24350205198357	114.54358974358976
44751	517.9206566347469	57.107692307692304
44775	517.9206566347469	57.107692307692304
44798	435.84131326949387	53.0051282051282
44824	511.0807113543092	-70.07179487179488
44848	645.1436388508893	53.0051282051282
44881	438.57729138166894	-24.943589743589747
44906	386.59370725034205	98.13333333333334
44932	394.80164158686733	106.33846153846153
44956	241.58686730506153	-19.473504273504275
44983	502.8727770177839	155.56923076923078
45005	449.52120383036936	24.287179487179483
45026	483.7209302325582	27.02222222222222
45047	457.7291381668947	72.15042735042735
45072	569.9042407660739	65.31282051282051
45093	487.8248974008208	43.43247863247863
45114	487.8248974008208	43.43247863247863
45137	593.1600547195623	147.36410256410258
45159	656.0875512995897	87.1931623931624
45185	576.7441860465117	178.817094017094
45208	542.5444596443228	181.55213675213676
45232	620.5198358413134	170.61196581196583
45265	676.6073871409028	151.4666666666667
45304	680.7113543091655	65.31282051282051
45329	645.1436388508893	92.66324786324786
45355	684.8153214774281	126.85128205128207
45383	662.9274965800273	130.95384615384614
45406	720.3830369357045	267.7059829059829
45432	720.3830369357045	267.7059829059829
45457	776.4705882352941	213.0051282051282
45484	776.4705882352941	213.0051282051282
45507	680.7113543091655	161.03931623931624
45533	667.03146374829	167.87692307692308
45559	661.5595075239398	120.01367521367523
45580	690.2872777017784	133.6888888888889
45605	755.9507523939809	92.66324786324786
45629	643.7756497948017	154.20170940170942
45653	729.9589603283174	95.3982905982906
45680	650.6155950752395	230.782905982906
45701	650.6155950752395	230.782905982906
45725	582.2161422708618	148.73162393162394
45749	697.1272229822162	251.29572649572646
45770	697.1272229822162	251.29572649572646
45792	693.0232558139535	208.9025641025641
45813	693.0232558139535	208.9025641025641
45835	870.8618331053351	187.0222222222222
45860	772.3666210670315	218.47521367521367
45882	772.3666210670315	218.47521367521367
45903	1010.3967168262656	167.87692307692308
45925	828.4541723666212	189.75726495726494
45949	828.4541723666212	189.75726495726494
45981	829.8221614227087	133.6888888888889
46005	891.3816689466485	145.99658119658122
46028	991.2448700410397	47.53504273504273
46053	909.1655266757866	169.24444444444444
46073	909.1655266757866	169.24444444444444
46095	1070.5882352941176	98.13333333333334
46117	1197.81121751026	-23.576068376068378
46151	1102.0519835841314	99.50085470085472
46172	1102.0519835841314	99.50085470085472
46192	1017.2366621067033	207.53504273504274
46216	1036.388508891929	315.5692307692307
46238	1029.548563611491	83.09059829059828
46261	1036.388508891929	154.20170940170942
46285	1036.388508891929	154.20170940170942
46307	984.404924760602	120.01367521367523
46331	758.686730506156	104.97094017094017
46355	929.6853625170999	122.74871794871795
46377	818.8782489740083	117.27863247863249
46399	969.3570451436389	150.0991452991453
46420	913.2694938440493	278.6461538461539
46443	884.5417236662107	225.31282051282048
46465	827.0861833105336	226.68034188034184
46487	720.3830369357045	85.82564102564102
46513	939.2612859097128	166.50940170940171
46553	758.686730506156	222.57777777777775
46579	638.3036935704515	167.87692307692308
46605	482.3529411764706	103.6034188034188
46626	486.4569083447333	571.2957264957264
46651	330.5061559507524	474.2017094017094
46684	593.1600547195623	515.2273504273504
46705	405.74555403556775	579.5008547008547
46727	218.3310533515732	690.2700854700854
46754	504.2407660738715	557.6205128205128
46792	456.36114911080716	554.88547008547
46814	420.7934336525308	552.1504273504273
46834	420.7934336525308	552.1504273504273
46857	357.86593707250347	616.4239316239316
46880	608.2079343365253	623.2615384615385
46902	645.1436388508893	676.5948717948718
46925	608.2079343365253	623.2615384615385
46949	459.09712722298224	647.876923076923
46973	468.6730506155951	430.44102564102565
46999	424.89740082079345	654.71452991453
47025	314.09028727770175	668.3897435897436
47052	174.55540355677155	593.1760683760683
47073	225.17099863201094	527.5350427350428
47098	340.08207934336525	781.894017094017
47124	397.53761969904247	679.3299145299145
47151	345.55403556771546	628.731623931624
47175	345.55403556771546	628.731623931624
47200	81.53214774281805	677.9623931623931
47224	159.50752393980846	595.911111111111
47249	180.02735978112176	586.3384615384615
47270	158.13953488372093	597.2786324786325
47295	-59.37072503419973	646.5094017094017
47317	69.2202462380301	653.3470085470085
47337	-7.387140902872785	522.0649572649573
47363	170.45143638850888	677.9623931623931
47389	133.51573187414502	638.3042735042735
47412	386.59370725034205	597.2786324786325
47438	367.4418604651163	617.791452991453
47464	379.7537619699043	565.825641025641
47486	483.7209302325582	620.5264957264957
47510	483.7209302325582	620.5264957264957
47534	400.27359781121754	620.5264957264957
47556	553.4883720930233	617.791452991453
47580	553.4883720930233	617.791452991453
47605	430.36935704514366	616.4239316239316
47626	430.36935704514366	616.4239316239316
47650	538.4404924760602	589.0735042735042
47672	264.84268125854993	569.928205128205
47694	426.265389876881	606.851282051282
47714	407.11354309165534	558.9880341880341
47737	558.9603283173735	643.774358974359
47759	556.2243502051983	266.33846153846156
47780	608.2079343365253	321.03931623931624
47799	899.5896032831737	62.577777777777776
47821	914.6374829001368	80.35555555555555
47850	914.6374829001368	80.35555555555555
47883	813.4062927496581	98.13333333333334
47917	709.439124487004	36.59487179487179
47952	914.6374829001368	18.817094017094014
47983	829.8221614227087	132.32136752136753
48017	922.8454172366621	58.47521367521368
48050	848.9740082079344	85.82564102564102
48073	929.6853625170999	80.35555555555555
48097	913.2694938440493	11.97948717948718
48119	848.9740082079344	13.347008547008546
48138	902.3255813953489	187.0222222222222
48160	991.2448700410397	-39.986324786324786
48182	947.469220246238	104.97094017094017
48203	921.4774281805745	87.1931623931624
48228	855.8139534883721	-23.576068376068378
48251	855.8139534883721	-23.576068376068378
48273	872.2298221614227	126.85128205128207
48301	766.8946648426813	-76.90940170940172
48334	734.0629274965801	185.65470085470085
48355	734.0629274965801	185.65470085470085
48383	928.3173734610124	81.72307692307692
48417	842.1340629274966	106.33846153846153
48450	873.5978112175103	85.82564102564102
48483	962.5170998632011	92.66324786324786
48517	703.9671682626539	-0.3282051282051285
48550	691.6552667578659	208.9025641025641
48583	777.8385772913817	92.66324786324786
48618	926.9493844049248	46.16752136752137
48650	862.6538987688099	171.9794871794872
48683	1174.5554035567716	398.9880341880342
48737	1341.450068399453	448.2188034188034
48766	1256.6347469220248	409.9282051282051
48800	1289.466484268126	390.782905982906
48833	1233.3789329685362	442.7487179487179
48855	1233.3789329685362	442.7487179487179
48880	1100.6839945280437	459.1589743589743
48903	1200.5471956224349	381.2102564102564
48933	1173.1874145006839	404.45811965811964
48958	1190.9712722298223	482.4068376068376
48983	1190.9712722298223	482.4068376068376
49016	1081.532147742818	420.868376068376
49050	1271.6826265389877	642.4068376068376
49083	1037.7564979480164	459.1589743589743
49117	1200.5471956224349	517.9623931623931
49145	1130.77975376197	527.5350427350428
49168	1141.7236662106704	515.2273504273504
49191	1141.7236662106704	515.2273504273504
49215	1252.5307797537619	481.03931623931624
49240	1054.172366621067	624.6290598290599
49263	289.46648426812584	809.2444444444444
49286	218.3310533515732	735.3982905982906
49316	636.9357045143639	564.4581196581196
49343	543.9124487004104	647.876923076923
49365	523.3926128590971	635.5692307692308
49388	523.3926128590971	635.5692307692308
49408	275.78659370725035	701.2102564102564
49431	620.5198358413134	781.894017094017
49454	594.5280437756498	702.5777777777778
49478	241.58686730506153	753.1760683760684
49503	545.2804377564979	624.6290598290599
49526	586.3201094391245	709.4153846153846
49550	386.59370725034205	703.9452991452991
49574	470.04103967168265	609.5863247863248
49596	404.3775649794802	608.2188034188034
49618	407.11354309165534	542.5777777777778
49639	479.61696306429553	884.4581196581196
49668	255.26675786593705	604.1162393162393
49690	175.9233926128591	590.4410256410256
49711	304.5143638850889	576.765811965812
49731	258.0027359781122	580.868376068376
49754	282.6265389876881	604.1162393162393
49776	304.5143638850889	578.1333333333333
49799	426.265389876881	595.911111111111
49821	429.0013679890561	593.1760683760683
49849	290.83447332421343	591.808547008547
49872	308.6183310533516	645.1418803418803
49899	329.13816689466483	631.4666666666667
49920	275.78659370725035	522.0649572649573
49944	409.84952120383036	758.6461538461539
49963	329.13816689466483	768.2188034188034
49984	319.56224350205196	798.3042735042735
50005	305.88235294117646	697.1076923076923
50029	305.88235294117646	697.1076923076923
50049	112.99589603283174	667.0222222222221
50070	274.4186046511628	582.2358974358974
50093	274.4186046511628	582.2358974358974
50115	215.59507523939808	717.6205128205128
50138	133.51573187414502	647.876923076923
50160	223.8030095759234	728.5606837606838
50183	279.890560875513	675.2273504273504
50207	368.8098495212039	564.4581196581196
50232	232.0109439124487	656.0820512820512
50255	247.05882352941174	747.705982905983
50277	553.4883720930233	775.0564102564102
50301	300.41039671682626	661.5521367521367
50325	234.7469220246238	658.817094017094
50348	253.8987688098495	668.3897435897436
50383	138.9876880984952	645.1418803418803
50407	656.0875512995897	764.1162393162393
50431	396.1696306429549	572.6632478632479
50474	662.9274965800273	461.89401709401704
50517	433.10533515731873	348.38974358974355
50552	464.56908344733245	383.94529914529915
50582	615.0478796169631	303.26153846153846
50607	936.5253077975376	111.80854700854701
50628	957.045143638851	51.63760683760683
50647	779.2065663474692	66.68034188034187
50667	879.0697674418604	20.184615384615384
50690	743.6388508891929	85.82564102564102
50712	922.8454172366621	94.03076923076924
50735	643.7756497948017	543.9452991452991
50756	608.2079343365253	441.38119658119655
50781	35.020519835841306	672.4923076923077
50804	433.10533515731873	673.859829059829
50828	433.10533515731873	673.859829059829
50848	288.0984952120383	617.791452991453
50871	283.99452804377563	542.5777777777778
50899	374.2818057455541	791.4666666666666
50921	543.9124487004104	625.9965811965812
50944	297.6744186046512	567.1931623931623
50967	424.89740082079345	537.1076923076923
50991	259.3707250341997	796.936752136752
51012	318.1942544459644	651.9794871794873
51032	208.7551299589603	680.6974358974359
51053	361.9699042407661	526.1675213675214
51073	238.85088919288643	702.5777777777778
51096	238.85088919288643	702.5777777777778
51117	237.4829001367989	600.0136752136752
51138	215.59507523939808	527.5350427350428
51161	215.59507523939808	527.5350427350428
51183	-112.72229822161424	392.1504273504274
51205	51.43638850889192	489.2444444444444
51229	52.804377564979475	452.3213675213675
51252	296.30642954856364	481.03931623931624
51275	299.0424076607387	511.1247863247863
51299	676.6073871409028	191.1247863247863
51324	792.8864569083448	148.73162393162394
51346	795.6224350205199	167.87692307692308
51370	795.6224350205199	167.87692307692308
51399	1006.2927496580028	139.15897435897438
51426	1070.5882352941176	139.15897435897438
51452	1087.0041039671682	166.50940170940171
51478	1002.1887824897402	128.21880341880342
51502	978.9329685362518	184.2871794871795
51528	957.045143638851	154.20170940170942
51553	1147.1956224350206	211.63760683760682
51579	1147.1956224350206	211.63760683760682
51602	745.0068399452805	132.32136752136753
51635	1092.4760601915184	217.1076923076923
51664	1045.9644322845418	125.48376068376068
51699	1026.812585499316	184.2871794871795
51723	922.8454172366621	103.6034188034188
51747	959.781121751026	43.43247863247863
51770	1044.5964432284543	162.4068376068376
51795	996.71682626539	219.84273504273503
51820	966.6210670314638	219.84273504273503
51842	1022.7086183310535	370.27008547008546
51866	1003.5567715458276	312.834188034188
51888	957.045143638851	240.35555555555553
51911	914.6374829001368	217.1076923076923
51933	914.6374829001368	217.1076923076923
51956	1152.6675786593707	217.1076923076923
51979	1134.8837209302326	176.08205128205128
52000	1074.6922024623805	334.7145299145299
52023	1062.3803009575922	266.33846153846156
52046	924.2134062927497	158.3042735042735
52066	864.0218878248974	264.97094017094014
52086	1123.9398084815323	292.3213675213675
52111	920.109439124487	202.06495726495723
52133	920.109439124487	202.06495726495723
52156	1197.81121751026	404.45811965811964
52178	1028.1805745554036	455.05641025641023
52213	972.093023255814	337.44957264957264
52234	972.093023255814	337.44957264957264
52256	1128.0437756497947	424.9709401709402
52278	1307.250341997264	465.99658119658113
52302	1307.250341997264	465.99658119658113
52324	1177.2913816689468	512.4923076923077
52348	1193.7072503419972	543.9452991452991
52369	1137.6196990424078	475.5692307692308
52399	1206.0191518467852	623.2615384615385
52432	1145.8276333789331	601.3811965811966
52453	1229.2749658002738	568.5606837606837
52482	1285.3625170998632	615.0564102564102
52504	1285.3625170998632	615.0564102564102
52525	993.9808481532149	641.0393162393162
52548	1218.3310533515732	709.4153846153846
52569	1285.3625170998632	657.4495726495727
52589	1112.9958960328318	627.3641025641026
52613	1163.6114911080713	672.4923076923077
52635	1163.6114911080713	672.4923076923077
52665	1171.8194254445964	531.6376068376069
52698	1177.2913816689468	513.859829059829
52724	1259.3707250341997	589.0735042735042
52744	1259.3707250341997	589.0735042735042
52767	1085.6361149110808	638.3042735042735
52798	1132.1477428180576	656.0820512820512
52820	1188.235294117647	672.4923076923077
52848	1123.9398084815323	545.3128205128205
52872	1112.9958960328318	623.2615384615385
52898	1156.7715458276334	580.868376068376
52931	1059.6443228454173	612.3213675213675
52952	983.0369357045145	572.6632478632479
52982	1051.436388508892	727.1931623931624
