time	x	y
1	85.63611491108071	215.7401709401709
38	528.8645690834473	251.29572649572646
58	357.86593707250347	203.43247863247865
88	326.4021887824897	102.23589743589744
109	279.890560875513	269.0735042735043
128	270.31463748290014	178.817094017094
150	248.4268125854993	263.6034188034188
170	264.84268125854993	234.88547008547008
191	234.7469220246238	185.65470085470085
210	367.4418604651163	133.6888888888889
231	268.9466484268126	223.94529914529912
251	268.9466484268126	223.94529914529912
269	311.3543091655266	180.18461538461537
291	311.3543091655266	180.18461538461537
313	361.9699042407661	114.54358974358976
330	294.93844049247605	274.54358974358973
351	270.31463748290014	240.35555555555553
373	294.93844049247605	274.54358974358973
392	129.41176470588235	177.44957264957264
413	107.52393980848153	295.05641025641023
435	107.52393980848153	295.05641025641023
455	69.2202462380301	188.38974358974357
487	13.132694938440485	154.20170940170942
521	122.5718194254446	89.92820512820514
561	181.3953488372093	17.44957264957265
592	258.0027359781122	43.43247863247863
621	145.82763337893294	133.6888888888889
654	158.13953488372093	33.85982905982905
688	137.61969904240763	126.85128205128207
721	201.91518467852256	121.38119658119659
742	78.79616963064295	133.6888888888889
765	206.0191518467852	91.2957264957265
790	252.53077975376198	54.372649572649564
814	132.14774281805745	61.210256410256406
841	76.06019151846785	113.17606837606837
863	106.15595075239398	70.78290598290597
885	104.78796169630643	-18.105982905982906
913	61.01231190150478	-5.798290598290599
936	117.0998632010944	118.64615384615385
959	117.0998632010944	118.64615384615385
980	10.396716826265383	48.9025641025641
1008	58.27633378932968	-26.311111111111114
1032	267.578659370725	132.32136752136753
1058	267.578659370725	132.32136752136753
1082	47.33242134062927	72.15042735042735
1108	47.33242134062927	72.15042735042735
1134	87.00410396716826	89.92820512820514
1157	389.3296853625171	129.58632478632478
1180	148.56361149110805	184.2871794871795
1206	111.62790697674419	355.2273504273504
1232	140.35567715458274	327.87692307692305
1255	28.18057455540355	368.9025641025641
1278	322.29822161422703	608.2188034188034
1301	330.5061559507524	548.0478632478632
1322	299.0424076607387	649.2444444444445
1348	349.6580027359781	593.1760683760683
1369	258.0027359781122	505.6547008547009
1392	366.07387140902875	567.1931623931623
1418	449.52120383036936	718.9880341880341
1440	437.2093023255814	731.2957264957265
1462	334.61012311901504	587.7059829059829
1499	156.77154582763336	523.4324786324787
1523	290.83447332421343	606.851282051282
1549	288.0984952120383	568.5606837606837
1576	326.4021887824897	601.3811965811966
1604	311.3543091655266	619.1589743589743
1637	357.86593707250347	586.3384615384615
1659	472.7770177838578	507.02222222222224
1683	444.04924760601915	523.4324786324787
1709	341.4500683994528	427.7059829059829
1747	487.8248974008208	398.9880341880342
1769	420.7934336525308	449.5863247863248
1795	420.7934336525308	449.5863247863248
1813	361.9699042407661	515.2273504273504
1836	361.9699042407661	515.2273504273504
1858	297.6744186046512	497.4495726495727
1880	237.4829001367989	569.928205128205
1903	237.4829001367989	569.928205128205
1924	398.90560875513	403.0905982905983
1944	412.5854993160055	409.9282051282051
1967	412.5854993160055	409.9282051282051
1989	407.11354309165534	435.9111111111111
2012	364.7058823529412	330.61196581196583
2033	364.7058823529412	330.61196581196583
2054	534.3365253077975	511.1247863247863
2076	531.6005471956224	584.9709401709401
2100	519.2886456908345	450.95384615384614
2123	409.84952120383036	616.4239316239316
2144	554.8563611491109	556.2529914529914
2170	296.30642954856364	770.9538461538461
2198	404.3775649794802	564.4581196581196
2219	651.983584131327	513.859829059829
2240	550.7523939808482	613.6888888888889
2262	497.4008207934337	542.5777777777778
2286	468.6730506155951	398.9880341880342
2309	558.9603283173735	490.6119658119658
2331	594.5280437756498	381.2102564102564
2353	470.04103967168265	429.0735042735043
2372	352.39398084815326	460.5264957264957
2390	526.1285909712723	545.3128205128205
2414	378.3857729138167	572.6632478632479
2437	312.7222982216142	554.88547008547
2458	412.5854993160055	646.5094017094017
2480	456.36114911080716	550.782905982906
2504	454.99316005471957	653.3470085470085
2524	736.7989056087551	470.0991452991452
2547	579.4801641586868	422.23589743589747
2571	532.96853625171	610.9538461538461
2591	496.03283173734616	667.0222222222221
2614	472.7770177838578	671.1247863247863
2638	500.1367989056088	619.1589743589743
2658	571.2722298221614	658.817094017094
2687	504.2407660738715	691.6376068376068
2711	605.4719562243503	708.0478632478632
2731	519.2886456908345	772.3213675213675
2757	780.5745554035568	662.9196581196582
2778	624.623803009576	749.0735042735043
2805	624.623803009576	749.0735042735043
2826	557.5923392612859	779.1589743589743
2847	606.8399452804379	651.9794871794873
2870	672.5034199726402	805.1418803418803
2893	582.2161422708618	569.928205128205
2916	487.8248974008208	586.3384615384615
2941	740.9028727770178	672.4923076923077
2962	416.6894664842681	664.2871794871794
2984	377.01778385772917	646.5094017094017
3009	377.01778385772917	646.5094017094017
3031	256.6347469220246	435.9111111111111
3052	97.94801641586866	240.35555555555553
3074	-26.5389876880985	280.01367521367524
3095	151.29958960328315	-35.883760683760684
3117	203.2831737346101	148.73162393162394
3140	409.84952120383036	225.31282051282048
3165	182.76333789329686	244.45811965811964
3192	283.99452804377563	266.33846153846156
3220	89.74008207934337	256.76581196581196
3243	226.5389876880985	325.1418803418803
3267	151.29958960328315	178.817094017094
3296	180.02735978112176	377.1076923076923
3323	122.5718194254446	353.85982905982905
3366	-22.43502051983585	126.85128205128207
3402	128.0437756497948	206.16752136752137
3432	40.492476060191514	203.43247863247865
3458	140.35567715458274	158.3042735042735
3492	331.8741450068399	208.9025641025641
3515	247.05882352941174	357.96239316239314
3542	433.10533515731873	262.2358974358974
3567	433.10533515731873	262.2358974358974
3589	545.2804377564979	368.9025641025641
3609	545.2804377564979	368.9025641025641
3633	371.54582763337896	694.3726495726495
3658	850.341997264022	857.1076923076923
3681	850.341997264022	857.1076923076923
3706	553.4883720930233	587.7059829059829
3733	309.98632010943913	557.6205128205128
3756	583.5841313269494	419.50085470085463
3780	583.5841313269494	419.50085470085463
3803	621.8878248974008	431.808547008547
3828	568.5362517099863	382.5777777777778
3853	714.9110807113543	483.77435897435896
3876	661.5595075239398	455.05641025641023
3899	683.4473324213407	331.9794871794872
3929	686.1833105335157	377.1076923076923
3953	686.1833105335157	377.1076923076923
3974	598.6320109439125	472.83418803418806
3993	605.4719562243503	445.48376068376064
4015	605.4719562243503	445.48376068376064
4037	772.3666210670315	359.3299145299145
4058	688.9192886456908	418.13333333333327
4080	688.9192886456908	418.13333333333327
4109	642.4076607387142	326.5094017094017
4130	643.7756497948017	572.6632478632479
4152	418.0574555403557	431.808547008547
4174	418.0574555403557	431.808547008547
4195	396.1696306429549	424.9709401709402
4225	459.09712722298224	482.4068376068376
4247	545.2804377564979	429.0735042735043
4271	545.2804377564979	429.0735042735043
4293	494.6648426812586	459.1589743589743
4318	401.64158686730514	513.859829059829
4341	461.83310533515737	450.95384615384614
4360	418.0574555403557	405.825641025641
4382	526.1285909712723	426.33846153846156
4404	549.3844049247606	305.9965811965812
4426	444.04924760601915	366.1675213675214
4448	372.9138166894665	300.5264957264957
4469	522.0246238030096	423.60341880341883
4489	452.2571819425445	304.6290598290598
4511	364.7058823529412	367.53504273504274
4541	732.6949384404925	444.1162393162393
4568	753.2147742818057	318.3042735042735
4589	784.6785225718195	312.834188034188
4625	861.2859097127223	318.3042735042735
4648	786.0465116279071	292.3213675213675
4671	786.0465116279071	292.3213675213675
4694	779.2065663474692	271.808547008547
4719	839.3980848153216	199.3299145299145
4740	874.9658002735978	364.79999999999995
4763	935.1573187414501	445.48376068376064
4785	935.1573187414501	445.48376068376064
4810	850.341997264022	292.3213675213675
4835	954.3091655266758	295.05641025641023
4857	970.7250341997265	289.5863247863248
4882	970.7250341997265	289.5863247863248
4909	950.2051983584132	513.859829059829
4935	935.1573187414501	524.8000000000001
4963	784.6785225718195	181.55213675213676
4986	805.1983584131327	249.9282051282051
5010	805.1983584131327	249.9282051282051
5034	836.6621067031465	364.79999999999995
5058	836.6621067031465	364.79999999999995
5083	855.8139534883721	334.7145299145299
5108	832.5581395348838	336.0820512820513
5138	862.6538987688099	347.0222222222222
5162	1033.6525307797538	393.51794871794874
5189	976.1969904240766	405.825641025641
5212	976.1969904240766	256.76581196581196
5244	1067.8522571819426	148.73162393162394
5275	1018.6046511627907	330.61196581196583
5303	988.5088919288646	208.9025641025641
5336	859.9179206566348	167.87692307692308
5367	966.6210670314638	226.68034188034184
5394	966.6210670314638	226.68034188034184
5454	966.6210670314638	351.12478632478627
5480	921.4774281805745	285.4837606837607
5504	966.6210670314638	327.87692307692305
5529	999.452804377565	340.18461538461537
5560	1002.1887824897402	278.6461538461539
5583	988.5088919288646	292.3213675213675
5607	903.6935704514364	288.2188034188034
5633	1061.012311901505	318.3042735042735
5671	972.093023255814	84.45811965811966
5699	950.2051983584132	230.782905982906
5735	928.3173734610124	222.57777777777775
5758	1051.436388508892	262.2358974358974
5780	950.2051983584132	238.98803418803416
5805	998.0848153214774	281.3811965811966
5834	898.2216142270862	312.834188034188
5861	898.2216142270862	312.834188034188
5886	1024.076607387141	166.50940170940171
5909	749.1108071135432	360.69743589743587
5935	429.0013679890561	143.26153846153846
5958	238.85088919288643	193.85982905982902
5981	238.85088919288643	193.85982905982902
6005	286.73050615595076	256.76581196581196
6029	504.2407660738715	266.33846153846156
6049	504.2407660738715	266.33846153846156
6075	309.98632010943913	210.27008547008546
6102	452.2571819425445	218.47521367521367
6127	527.4965800273598	385.3128205128205
6149	396.1696306429549	303.26153846153846
6170	288.0984952120383	208.9025641025641
6197	288.0984952120383	208.9025641025641
6219	264.84268125854993	192.49230769230766
6240	215.59507523939808	271.808547008547
6266	338.71409028727766	218.47521367521367
6292	271.6826265389877	121.38119658119659
6330	524.7606019151847	129.58632478632478
6358	335.9781121751026	140.52649572649574
6380	335.9781121751026	140.52649572649574
6405	370.1778385772914	42.064957264957265
6431	593.1600547195623	135.05641025641026
6453	593.1600547195623	135.05641025641026
6474	454.99316005471957	166.50940170940171
6501	459.09712722298224	77.62051282051281
6523	454.99316005471957	144.62905982905983
6546	520.656634746922	66.68034188034187
6578	325.03419972640216	125.48376068376068
6600	301.77838577291385	107.70598290598292
6621	301.77838577291385	107.70598290598292
6641	374.2818057455541	104.97094017094017
6664	445.41723666210675	96.76581196581198
6684	411.2175102599179	25.654700854700852
6705	638.3036935704515	58.47521367521368
6728	779.2065663474692	16.08205128205128
6750	779.2065663474692	16.08205128205128
6772	705.3351573187415	78.98803418803418
6799	745.0068399452805	47.53504273504273
6820	745.0068399452805	47.53504273504273
6842	784.6785225718195	-45.45641025641026
6866	616.4158686730507	-16.73846153846154
6889	850.341997264022	-45.45641025641026
6910	667.03146374829	46.16752136752137
6935	787.4145006839946	226.68034188034184
6960	732.6949384404925	213.0051282051282
6981	810.670314637483	214.37264957264955
7007	817.5102599179207	248.56068376068373
7034	745.0068399452805	169.24444444444444
7056	745.0068399452805	169.24444444444444
7079	821.6142270861834	2.4068376068376063
7100	786.0465116279071	225.31282051282048
7122	683.4473324213407	277.27863247863246
7143	812.0383036935705	174.71452991452992
7167	890.0136798905609	225.31282051282048
7187	902.3255813953489	199.3299145299145
7208	909.1655266757866	126.85128205128207
7230	909.1655266757866	126.85128205128207
7252	921.4774281805745	215.7401709401709
7274	931.0533515731875	223.94529914529912
7297	842.1340629274966	184.2871794871795
7319	909.1655266757866	296.4239316239316
7341	936.5253077975376	299.1589743589743
7364	917.373461012312	206.16752136752137
7390	1052.8043775649796	290.95384615384614
7414	921.4774281805745	263.6034188034188
7441	1030.9165526675788	347.0222222222222
7472	872.2298221614227	263.6034188034188
7497	931.0533515731875	248.56068376068373
7524	931.0533515731875	248.56068376068373
7551	879.0697674418604	258.1333333333333
7583	1045.9644322845418	195.22735042735042
7609	989.8768809849522	196.59487179487178
7633	989.8768809849522	196.59487179487178
7659	755.9507523939809	169.24444444444444
7693	620.5198358413134	148.73162393162394
7720	610.9439124487004	115.91111111111113
7740	616.4158686730507	185.65470085470085
7781	595.8960328317374	115.91111111111113
7803	535.7045143638851	143.26153846153846
7826	535.7045143638851	143.26153846153846
7854	372.9138166894665	150.0991452991453
7877	539.8084815321478	-8.533333333333333
7904	539.8084815321478	-8.533333333333333
7929	408.4815321477429	76.25299145299145
7953	357.86593707250347	31.124786324786324
7976	299.0424076607387	89.92820512820514
8002	319.56224350205196	99.50085470085472
8039	167.71545827633378	91.2957264957265
8063	167.71545827633378	91.2957264957265
8087	112.99589603283174	130.95384615384614
8111	277.1545827633379	99.50085470085472
8138	305.88235294117646	-3.0632478632478635
8168	270.31463748290014	207.53504273504274
8194	341.4500683994528	176.08205128205128
8216	360.60191518467855	69.41538461538461
8237	397.53761969904247	94.03076923076924
8263	442.6812585499316	121.38119658119659
8285	396.1696306429549	-5.798290598290599
8307	396.1696306429549	-5.798290598290599
8329	489.1928864569084	54.372649572649564
8352	465.93707250342	113.17606837606837
8375	316.8262653898768	161.03931623931624
8400	449.52120383036936	159.67179487179487
8421	355.12995896032834	81.72307692307692
8441	615.0478796169631	68.04786324786325
8465	397.53761969904247	94.03076923076924
8487	524.7606019151847	148.73162393162394
8519	732.6949384404925	222.57777777777775
8538	593.1600547195623	273.1760683760684
8564	668.3994528043776	247.19316239316237
8585	571.2722298221614	273.1760683760684
8607	690.2872777017784	217.1076923076923
8629	690.2872777017784	217.1076923076923
8651	545.2804377564979	84.45811965811966
8678	684.8153214774281	114.54358974358976
8701	684.8153214774281	114.54358974358976
8723	482.3529411764706	133.6888888888889
8745	798.358413132695	126.85128205128207
8769	865.389876880985	193.85982905982902
8792	649.2476060191519	243.09059829059828
8813	579.4801641586868	240.35555555555553
8835	593.1600547195623	256.76581196581196
8858	661.5595075239398	181.55213675213676
8883	658.8235294117648	200.69743589743587
8904	531.6005471956224	255.3982905982906
8925	489.1928864569084	191.1247863247863
8947	550.7523939808482	221.2102564102564
8969	558.9603283173735	213.0051282051282
8992	558.9603283173735	213.0051282051282
9015	535.7045143638851	238.98803418803416
9038	535.7045143638851	238.98803418803416
9059	522.0246238030096	199.3299145299145
9083	461.83310533515737	124.11623931623932
9105	602.7359781121752	155.56923076923078
9128	482.3529411764706	95.3982905982906
9151	450.88919288645695	156.93675213675215
9174	606.8399452804379	166.50940170940171
9193	606.8399452804379	166.50940170940171
9213	690.2872777017784	74.88547008547009
9236	690.2872777017784	74.88547008547009
9256	710.8071135430916	197.96239316239314
9281	698.4952120383036	166.50940170940171
9305	687.5512995896032	104.97094017094017
9325	687.5512995896032	104.97094017094017
9349	687.5512995896032	104.97094017094017
9373	679.343365253078	202.06495726495723
9396	337.3461012311901	223.94529914529912
9419	490.56087551299595	263.6034188034188
9443	329.13816689466483	281.3811965811966
9466	352.39398084815326	240.35555555555553
9492	367.4418604651163	171.9794871794872
9518	340.08207934336525	162.4068376068376
9557	297.6744186046512	121.38119658119659
9584	216.96306429548562	256.76581196581196
9612	335.9781121751026	173.34700854700856
9636	326.4021887824897	230.782905982906
9661	275.78659370725035	305.9965811965812
9687	260.73871409028726	223.94529914529912
9709	260.73871409028726	223.94529914529912
9733	357.86593707250347	288.2188034188034
9756	333.24213406292745	285.4837606837607
9784	404.3775649794802	206.16752136752137
9807	404.3775649794802	206.16752136752137
9830	329.13816689466483	236.25299145299144
9854	397.53761969904247	296.4239316239316
9876	397.53761969904247	296.4239316239316
9896	405.74555403556775	251.29572649572646
9917	371.54582763337896	211.63760683760682
9939	389.3296853625171	128.21880341880342
9962	461.83310533515737	171.9794871794872
9987	270.31463748290014	211.63760683760682
10013	357.86593707250347	95.3982905982906
10036	353.7619699042408	141.8940170940171
10062	342.8180574555403	229.41538461538462
10093	312.7222982216142	159.67179487179487
10118	401.64158686730514	282.74871794871797
10139	401.64158686730514	282.74871794871797
10162	476.8809849521204	223.94529914529912
10185	526.1285909712723	325.1418803418803
10209	526.1285909712723	325.1418803418803
10235	474.1450068399453	193.85982905982902
10254	504.2407660738715	219.84273504273503
10277	643.7756497948017	177.44957264957264
10298	578.1121751025992	229.41538461538462
10319	682.0793433652531	204.8
10341	595.8960328317374	275.9111111111111
10392	668.3994528043776	150.0991452991453
10416	694.3912448700411	230.782905982906
10436	694.3912448700411	230.782905982906
10458	877.7017783857729	267.7059829059829
10481	786.0465116279071	310.0991452991453
10500	936.5253077975376	199.3299145299145
10522	876.3337893296854	301.89401709401704
10545	806.5663474692203	278.6461538461539
10570	916.0054719562244	286.85128205128206
10592	922.8454172366621	307.36410256410255
10616	924.2134062927497	223.94529914529912
10668	951.5731874145007	316.93675213675215
10699	969.3570451436389	422.23589743589747
10730	1018.6046511627907	230.782905982906
10751	773.7346101231191	266.33846153846156
10772	865.389876880985	219.84273504273503
10797	962.5170998632011	300.5264957264957
10820	962.5170998632011	300.5264957264957
10843	1019.9726402188783	351.12478632478627
10866	1017.2366621067033	329.24444444444447
10889	917.373461012312	397.62051282051283
10914	917.373461012312	397.62051282051283
10936	899.5896032831737	292.3213675213675
10958	1073.3242134062928	288.2188034188034
10981	989.8768809849522	255.3982905982906
11003	881.8057455540355	305.9965811965812
11029	1059.6443228454173	342.9196581196581
11050	905.061559507524	232.15042735042735
11073	917.373461012312	203.43247863247865
11095	916.0054719562244	249.9282051282051
11117	851.7099863201096	386.68034188034187
11139	851.7099863201096	461.89401709401704
11167	796.9904240766075	527.5350427350428
11189	594.5280437756498	546.6803418803419
11211	716.2790697674419	565.825641025641
11233	786.0465116279071	493.3470085470085
11253	572.640218878249	538.4752136752137
11275	572.640218878249	538.4752136752137
11299	589.0560875512996	528.9025641025642
11322	314.09028727770175	595.911111111111
11343	464.56908344733245	662.9196581196582
11365	361.9699042407661	610.9538461538461
11387	407.11354309165534	647.876923076923
11408	407.11354309165534	647.876923076923
11431	408.4815321477429	568.5606837606837
11454	377.01778385772917	682.0649572649572
11477	377.01778385772917	682.0649572649572
11500	407.11354309165534	673.859829059829
11522	407.11354309165534	673.859829059829
11544	401.64158686730514	653.3470085470085
11566	396.1696306429549	710.782905982906
11593	411.2175102599179	739.5008547008547
11620	411.2175102599179	739.5008547008547
11652	486.4569083447333	669.7572649572649
11701	422.1614227086183	743.6034188034188
11728	476.8809849521204	654.71452991453
11751	623.2558139534884	508.3897435897436
11774	623.2558139534884	508.3897435897436
11798	868.12585499316	260.86837606837605
11820	787.4145006839946	310.0991452991453
11844	787.4145006839946	310.0991452991453
11864	777.8385772913817	282.74871794871797
11884	783.3105335157319	251.29572649572646
11906	714.9110807113543	275.9111111111111
11926	768.2626538987688	237.6205128205128
11948	768.2626538987688	237.6205128205128
11969	812.0383036935705	200.69743589743587
11991	772.3666210670315	334.7145299145299
12013	772.3666210670315	334.7145299145299
12035	770.998632010944	459.1589743589743
12056	898.2216142270862	210.27008547008546
12080	898.2216142270862	281.3811965811966
12101	947.469220246238	341.55213675213673
12122	828.4541723666212	214.37264957264955
12146	844.8700410396717	303.26153846153846
12169	1050.0683994528044	315.5692307692307
12194	984.404924760602	341.55213675213673
12218	877.7017783857729	210.27008547008546
12241	987.140902872777	341.55213675213673
12266	1025.4445964432284	296.4239316239316
12289	1043.2284541723666	259.5008547008547
12311	1018.6046511627907	379.84273504273506
12336	879.0697674418604	286.85128205128206
12358	978.9329685362518	357.96239316239314
12382	991.2448700410397	337.44957264957264
12403	1036.388508891929	305.9965811965812
12427	1035.0205198358412	300.5264957264957
12449	988.5088919288646	263.6034188034188
12481	1170.451436388509	352.49230769230763
12503	1112.9958960328318	325.1418803418803
12525	954.3091655266758	318.3042735042735
12549	991.2448700410397	315.5692307692307
12568	958.4131326949384	344.28717948717946
12599	560.328317373461	498.81709401709406
12620	671.1354309165527	407.19316239316237
12643	478.248974008208	353.85982905982905
12670	338.71409028727766	249.9282051282051
12693	446.7852257181943	322.4068376068376
12717	397.53761969904247	251.29572649572646
12738	475.51299589603286	282.74871794871797
12767	370.1778385772914	286.85128205128206
12794	242.9548563611491	195.22735042735042
12817	242.9548563611491	195.22735042735042
12839	226.5389876880985	233.5179487179487
12863	375.64979480164163	206.16752136752137
12886	375.64979480164163	206.16752136752137
12909	415.3214774281806	240.35555555555553
12932	444.04924760601915	226.68034188034184
12954	444.04924760601915	226.68034188034184
12978	418.0574555403557	163.774358974359
13001	379.7537619699043	196.59487179487178
13024	379.7537619699043	196.59487179487178
13046	412.5854993160055	244.45811965811964
13066	444.04924760601915	203.43247863247865
13091	444.04924760601915	203.43247863247865
13113	351.02599179206567	141.8940170940171
13135	359.233926128591	148.73162393162394
13157	589.0560875512996	382.5777777777778
13186	589.0560875512996	382.5777777777778
13207	654.7195622435021	397.62051282051283
13229	660.1915184678522	273.1760683760684
13248	606.8399452804379	347.0222222222222
13274	645.1436388508893	352.49230769230763
13300	641.0396716826266	418.13333333333327
13324	641.0396716826266	418.13333333333327
13348	688.9192886456908	375.7401709401709
13369	702.5991792065663	329.24444444444447
13393	632.8317373461012	330.61196581196583
13417	876.3337893296854	385.3128205128205
13442	832.5581395348838	305.9965811965812
13465	940.6292749658003	219.84273504273503
13489	777.8385772913817	177.44957264957264
13510	1018.6046511627907	482.4068376068376
13536	796.9904240766075	223.94529914529912
13559	519.2886456908345	468.73162393162386
13579	609.5759233926129	416.7658119658119
13600	385.2257181942545	222.57777777777775
13628	312.7222982216142	174.71452991452992
13647	314.09028727770175	252.66324786324782
13671	418.0574555403557	340.18461538461537
13695	541.1764705882354	408.56068376068373
13715	478.248974008208	120.01367521367523
13737	445.41723666210675	77.62051282051281
13762	404.3775649794802	188.38974358974357
13786	385.2257181942545	275.9111111111111
13816	154.03556771545826	180.18461538461537
13841	128.0437756497948	147.36410256410258
13866	26.812585499315997	-18.105982905982906
13892	26.812585499315997	-18.105982905982906
13915	271.6826265389877	236.25299145299144
13942	266.21067031463747	96.76581196581198
13964	117.0998632010944	204.8
13988	297.6744186046512	264.97094017094014
14010	307.25034199726406	140.52649572649574
14036	307.25034199726406	140.52649572649574
14060	460.4651162790698	74.88547008547009
14083	345.55403556771546	43.43247863247863
14106	387.9616963064296	46.16752136752137
14129	372.9138166894665	-75.54188034188034
14152	382.4897400820794	83.09059829059828
14173	413.95348837209303	76.25299145299145
14202	401.64158686730514	109.07350427350428
14224	401.64158686730514	109.07350427350428
14246	364.7058823529412	284.11623931623933
14270	471.4090287277702	251.29572649572646
14297	714.9110807113543	18.817094017094014
14320	434.47332421340633	280.01367521367524
14350	883.1737346101231	81.72307692307692
14373	688.9192886456908	264.97094017094014
14399	675.2393980848153	282.74871794871797
14423	753.2147742818057	238.98803418803416
14449	755.9507523939809	173.34700854700856
14473	680.7113543091655	289.5863247863248
14495	680.7113543091655	289.5863247863248
14520	654.7195622435021	267.7059829059829
14543	825.7181942544461	103.6034188034188
14565	803.8303693570452	338.817094017094
14589	643.7756497948017	221.2102564102564
14612	110.25991792065663	375.7401709401709
14633	192.33926128590969	318.3042735042735
14656	192.33926128590969	318.3042735042735
14680	282.6265389876881	-24.943589743589747
14705	242.9548563611491	113.17606837606837
14733	189.60328317373458	193.85982905982902
14755	201.91518467852256	254.03076923076924
14775	122.5718194254446	156.93675213675215
14799	122.5718194254446	156.93675213675215
14819	-34.74692202462381	100.86837606837607
14841	-170.17783857729137	73.51794871794871
14863	-170.17783857729137	73.51794871794871
14885	69.2202462380301	143.26153846153846
14908	97.94801641586866	151.4666666666667
14929	147.1956224350205	110.44102564102565
14949	216.96306429548562	35.22735042735042
14971	-27.906976744186053	76.25299145299145
14994	-16.963064295485644	158.3042735042735
15047	-111.35430916552669	88.56068376068377
15069	45.964432284541715	10.611965811965812
15091	-96.30642954856363	33.85982905982905
15114	88.37209302325581	72.15042735042735
15136	88.37209302325581	72.15042735042735
15160	45.964432284541715	-98.78974358974358
15184	100.68399452804377	-29.04615384615385
15209	211.49110807113541	162.4068376068376
15233	211.49110807113541	162.4068376068376
15256	200.547195622435	69.41538461538461
15279	222.43502051983583	83.09059829059828
15304	341.4500683994528	144.62905982905983
15328	341.4500683994528	144.62905982905983
15349	274.4186046511628	25.654700854700852
15374	160.87551299589603	103.6034188034188
15399	333.24213406292745	111.80854700854701
15422	333.24213406292745	111.80854700854701
15444	237.4829001367989	110.44102564102565
15466	237.4829001367989	110.44102564102565
15486	330.5061559507524	178.817094017094
15507	330.5061559507524	178.817094017094
15530	325.03419972640216	271.808547008547
15559	271.6826265389877	145.99658119658122
15582	311.3543091655266	203.43247863247865
15604	311.3543091655266	203.43247863247865
15630	145.82763337893294	152.83418803418806
15654	216.96306429548562	207.53504273504274
15679	442.6812585499316	382.5777777777778
15702	675.2393980848153	366.1675213675214
15727	675.2393980848153	366.1675213675214
15751	494.6648426812586	321.03931623931624
15774	531.6005471956224	204.8
15799	653.3515731874146	197.96239316239314
15823	709.439124487004	269.0735042735043
15846	896.8536251709986	345.6547008547008
15870	896.8536251709986	345.6547008547008
15895	768.2626538987688	110.44102564102565
15919	602.7359781121752	230.782905982906
15949	698.4952120383036	188.38974358974357
15973	698.4952120383036	188.38974358974357
15998	751.8467852257182	207.53504273504274
16023	862.6538987688099	206.16752136752137
16048	855.8139534883721	195.22735042735042
16073	697.1272229822162	206.16752136752137
16096	697.1272229822162	206.16752136752137
16132	713.5430916552667	228.0478632478632
16157	792.8864569083448	416.7658119658119
16180	792.8864569083448	416.7658119658119
16205	869.4938440492476	285.4837606837607
16230	996.71682626539	269.0735042735043
16258	1002.1887824897402	386.68034188034187
16284	1145.8276333789331	245.825641025641
16311	935.1573187414501	107.70598290598292
16341	929.6853625170999	185.65470085470085
16365	976.1969904240766	215.7401709401709
16390	973.4610123119015	195.22735042735042
16415	1025.4445964432284	274.54358974358973
16441	854.4459644322847	154.20170940170942
16465	958.4131326949384	156.93675213675215
16489	847.6060191518469	251.29572649572646
16514	1061.012311901505	221.2102564102564
16538	885.9097127222982	352.49230769230763
16560	1035.0205198358412	297.79145299145296
16580	855.8139534883721	349.7572649572649
16604	970.7250341997265	282.74871794871797
16627	360.60191518467855	378.4752136752137
16650	353.7619699042408	308.7316239316239
16673	341.4500683994528	427.7059829059829
16694	610.9439124487004	457.79145299145296
16716	557.5923392612859	340.18461538461537
16747	482.3529411764706	259.5008547008547
16768	482.3529411764706	259.5008547008547
16788	355.12995896032834	375.7401709401709
16811	371.54582763337896	338.817094017094
16834	299.0424076607387	280.01367521367524
16858	344.18604651162786	178.817094017094
16880	240.218878248974	147.36410256410258
16901	389.3296853625171	289.5863247863248
16923	385.2257181942545	314.20170940170937
16950	281.25854993160056	248.56068376068373
16973	255.26675786593705	233.5179487179487
16999	353.7619699042408	237.6205128205128
17022	134.88372093023256	247.19316239316237
17047	255.26675786593705	312.834188034188
17068	255.26675786593705	312.834188034188
17091	236.11491108071132	204.8
17119	307.25034199726406	148.73162393162394
17141	307.25034199726406	148.73162393162394
17162	122.5718194254446	193.85982905982902
17183	208.7551299589603	262.2358974358974
17203	208.7551299589603	262.2358974358974
17224	442.6812585499316	530.2700854700855
17248	786.0465116279071	671.1247863247863
17268	714.9110807113543	639.6717948717949
17290	760.0547195622436	654.71452991453
17312	359.233926128591	527.5350427350428
17331	545.2804377564979	635.5692307692308
17355	454.99316005471957	430.44102564102565
17378	524.7606019151847	584.9709401709401
17400	435.84131326949387	583.6034188034188
17420	602.7359781121752	420.868376068376
17444	602.7359781121752	420.868376068376
17467	667.03146374829	512.4923076923077
17489	587.6880984952121	411.29572649572646
17516	717.6470588235294	398.9880341880342
17541	717.6470588235294	398.9880341880342
17560	676.6073871409028	501.5521367521368
17582	635.5677154582764	430.44102564102565
17601	635.5677154582764	430.44102564102565
17623	708.0711354309166	362.06495726495723
17648	708.0711354309166	362.06495726495723
17670	796.9904240766075	412.6632478632478
17691	667.03146374829	378.4752136752137
17714	667.03146374829	378.4752136752137
17736	768.2626538987688	297.79145299145296
17760	658.8235294117648	307.36410256410255
17782	910.5335157318741	238.98803418803416
17804	910.5335157318741	238.98803418803416
17828	807.9343365253079	281.3811965811966
17851	561.6963064295486	396.25299145299147
17872	561.6963064295486	396.25299145299147
17893	560.328317373461	396.25299145299147
17914	802.4623803009576	363.4324786324786
17940	587.6880984952121	367.53504273504274
17962	805.1983584131327	308.7316239316239
17985	805.1983584131327	308.7316239316239
18009	872.2298221614227	412.6632478632478
18033	623.2558139534884	356.5948717948718
18065	861.2859097127223	435.9111111111111
18091	755.9507523939809	414.0307692307692
18122	753.2147742818057	304.6290598290598
18147	817.5102599179207	333.34700854700856
18173	883.1737346101231	271.808547008547
18198	854.4459644322847	266.33846153846156
18220	791.5184678522572	280.01367521367524
18244	865.389876880985	322.4068376068376
18270	866.7578659370724	150.0991452991453
18308	671.1354309165527	357.96239316239314
18327	381.12175102599184	404.45811965811964
18352	381.12175102599184	404.45811965811964
18372	401.64158686730514	468.73162393162386
18401	390.6976744186047	323.77435897435896
18424	412.5854993160055	228.0478632478632
18449	423.5294117647059	252.66324786324782
18469	424.89740082079345	264.97094017094014
18495	400.27359781121754	426.33846153846156
18520	368.8098495212039	322.4068376068376
18545	368.8098495212039	322.4068376068376
18568	375.64979480164163	266.33846153846156
18598	320.9302325581395	207.53504273504274
18620	364.7058823529412	362.06495726495723
18643	364.7058823529412	362.06495726495723
18669	404.3775649794802	362.06495726495723
18693	255.26675786593705	430.44102564102565
18719	267.578659370725	423.60341880341883
18742	628.7277701778387	587.7059829059829
18772	1024.076607387141	534.3726495726496
18797	526.1285909712723	691.6376068376068
18835	353.7619699042408	862.5777777777778
18860	426.265389876881	718.9880341880341
18882	453.62517099863203	568.5606837606837
18902	308.6183310533516	546.6803418803419
18924	346.922024623803	366.1675213675214
18944	407.11354309165534	400.35555555555555
18963	353.7619699042408	379.84273504273506
18985	352.39398084815326	435.9111111111111
19006	352.39398084815326	435.9111111111111
19028	329.13816689466483	464.62905982905977
19049	323.6662106703146	550.782905982906
19072	408.4815321477429	445.48376068376064
19095	319.56224350205196	316.93675213675215
19114	318.1942544459644	423.60341880341883
19136	267.578659370725	303.26153846153846
19160	271.6826265389877	553.5179487179487
19182	271.6826265389877	553.5179487179487
19203	404.3775649794802	550.782905982906
19226	594.5280437756498	511.1247863247863
19247	594.5280437756498	511.1247863247863
19269	672.5034199726402	557.6205128205128
19291	702.5991792065663	538.4752136752137
19314	702.5991792065663	538.4752136752137
19335	624.623803009576	471.4666666666666
19357	657.4555403556772	593.1760683760683
19383	822.9822161422709	435.9111111111111
19406	606.8399452804379	292.3213675213675
19427	606.8399452804379	292.3213675213675
19449	758.686730506156	311.46666666666664
19473	911.9015047879617	385.3128205128205
19496	955.6771545827634	515.2273504273504
19516	909.1655266757866	493.3470085470085
19536	896.8536251709986	453.68888888888887
19560	902.3255813953489	516.5948717948718
19582	947.469220246238	537.1076923076923
19605	868.12585499316	534.3726495726496
19626	936.5253077975376	502.91965811965815
19649	935.1573187414501	591.808547008547
19672	891.3816689466485	560.3555555555555
19694	920.109439124487	643.774358974359
19719	961.1491108071136	511.1247863247863
19740	961.1491108071136	511.1247863247863
19763	993.9808481532149	442.7487179487179
19786	993.9808481532149	442.7487179487179
19807	903.6935704514364	490.6119658119658
19831	907.797537619699	494.71452991452986
19884	948.8372093023256	430.44102564102565
19906	966.6210670314638	595.911111111111
19928	906.4295485636115	464.62905982905977
19952	906.4295485636115	464.62905982905977
19977	931.0533515731875	507.02222222222224
20001	761.4227086183311	407.19316239316237
20025	817.5102599179207	382.5777777777778
20051	817.5102599179207	382.5777777777778
20076	855.8139534883721	422.23589743589747
20100	869.4938440492476	363.4324786324786
20129	836.6621067031465	252.66324786324782
20156	836.6621067031465	252.66324786324782
20182	801.09439124487	405.825641025641
20211	914.6374829001368	374.37264957264955
20235	937.8932968536252	438.6461538461538
20262	794.2544459644323	524.8000000000001
20285	794.2544459644323	524.8000000000001
20310	739.5348837209302	512.4923076923077
20334	464.56908344733245	321.03931623931624
20361	612.311901504788	422.23589743589747
20383	731.3269493844049	375.7401709401709
20408	587.6880984952121	353.85982905982905
20433	740.9028727770178	500.1846153846154
20457	825.7181942544461	388.04786324786323
20481	825.7181942544461	388.04786324786323
20502	710.8071135430916	546.6803418803419
20524	851.7099863201096	549.4153846153846
20545	827.0861833105336	459.1589743589743
20568	812.0383036935705	501.5521367521368
20592	812.0383036935705	501.5521367521368
20614	891.3816689466485	463.2615384615384
20639	876.3337893296854	450.95384615384614
20666	750.4787961696306	467.3641025641025
20693	750.4787961696306	467.3641025641025
20717	649.2476060191519	502.91965811965815
20743	817.5102599179207	491.97948717948714
20767	813.4062927496581	393.51794871794874
20794	746.374829001368	449.5863247863248
20819	868.12585499316	416.7658119658119
20840	772.3666210670315	489.2444444444444
20864	766.8946648426813	415.39829059829054
20892	820.2462380300958	434.54358974358973
20917	952.9411764705883	407.19316239316237
20941	651.983584131327	455.05641025641023
20967	941.9972640218879	326.5094017094017
20990	941.9972640218879	326.5094017094017
21012	905.061559507524	374.37264957264955
21032	874.9658002735978	310.0991452991453
21054	874.9658002735978	310.0991452991453
21081	940.6292749658003	383.94529914529915
21104	781.9425444596444	456.4239316239316
21125	781.9425444596444	456.4239316239316
21147	900.9575923392613	419.50085470085463
21171	816.1422708618331	290.95384615384614
21193	858.5499316005472	497.4495726495727
21216	888.6456908344733	419.50085470085463
21247	624.623803009576	455.05641025641023
21271	115.73187414500684	442.7487179487179
21292	141.7236662106703	587.7059829059829
21315	206.0191518467852	433.1760683760684
21338	100.68399452804377	511.1247863247863
21360	100.68399452804377	511.1247863247863
21380	232.0109439124487	433.1760683760684
21407	281.25854993160056	485.1418803418803
21430	-6.019151846785234	285.4837606837607
21453	128.0437756497948	360.69743589743587
21476	258.0027359781122	624.6290598290599
21498	330.5061559507524	486.5094017094017
21521	353.7619699042408	476.93675213675215
21545	278.5225718194254	578.1333333333333
21568	922.8454172366621	561.7230769230769
21589	922.8454172366621	561.7230769230769
21610	790.1504787961696	744.9709401709401
21632	790.1504787961696	744.9709401709401
21652	130.7797537619699	664.2871794871794
21675	189.60328317373458	353.85982905982905
21698	189.60328317373458	353.85982905982905
21721	352.39398084815326	113.17606837606837
21741	309.98632010943913	223.94529914529912
21763	309.98632010943913	223.94529914529912
21782	277.1545827633379	263.6034188034188
21808	396.1696306429549	147.36410256410258
21833	215.59507523939808	81.72307692307692
21856	396.1696306429549	215.7401709401709
21879	315.4582763337893	72.15042735042735
21902	490.56087551299595	234.88547008547008
21925	490.56087551299595	234.88547008547008
21946	368.8098495212039	278.6461538461539
21967	368.8098495212039	278.6461538461539
21989	318.1942544459644	371.6376068376068
22009	305.88235294117646	311.46666666666664
22034	311.3543091655266	331.9794871794872
22056	456.36114911080716	255.3982905982906
22079	342.8180574555403	92.66324786324786
22102	319.56224350205196	416.7658119658119
22124	319.56224350205196	416.7658119658119
22148	227.90697674418604	229.41538461538462
22175	371.54582763337896	267.7059829059829
22195	389.3296853625171	292.3213675213675
22221	699.8632010943912	223.94529914529912
22243	605.4719562243503	195.22735042735042
22271	801.09439124487	169.24444444444444
22298	801.09439124487	169.24444444444444
22321	768.2626538987688	81.72307692307692
22348	869.4938440492476	177.44957264957264
22375	779.2065663474692	214.37264957264955
22399	680.7113543091655	200.69743589743587
22424	639.6716826265391	286.85128205128206
22447	850.341997264022	286.85128205128206
22470	881.8057455540355	266.33846153846156
22489	917.373461012312	248.56068376068373
22514	859.9179206566348	135.05641025641026
22537	799.7264021887826	91.2957264957265
22564	801.09439124487	204.8
22590	931.0533515731875	159.67179487179487
22611	788.7824897400822	260.86837606837605
22635	870.8618331053351	497.4495726495727
22657	787.4145006839946	493.3470085470085
22679	900.9575923392613	114.54358974358976
22704	717.6470588235294	267.7059829059829
22727	1021.3406292749659	326.5094017094017
22753	1025.4445964432284	230.782905982906
22778	967.9890560875514	288.2188034188034
22801	967.9890560875514	288.2188034188034
22831	1021.3406292749659	341.55213675213673
22854	939.2612859097128	158.3042735042735
22879	961.1491108071136	338.817094017094
22905	947.469220246238	249.9282051282051
22927	883.1737346101231	226.68034188034184
22947	472.7770177838578	163.774358974359
22971	557.5923392612859	197.96239316239314
22993	636.9357045143639	572.6632478632479
23016	372.9138166894665	191.1247863247863
23039	372.9138166894665	191.1247863247863
23059	267.578659370725	222.57777777777775
23085	314.09028727770175	180.18461538461537
23109	363.3378932968537	584.9709401709401
23129	366.07387140902875	92.66324786324786
23150	398.90560875513	136.42393162393162
23174	297.6744186046512	40.697435897435895
23198	297.6744186046512	40.697435897435895
23226	214.22708618331052	99.50085470085472
23246	305.88235294117646	158.3042735042735
23268	305.88235294117646	158.3042735042735
23290	266.21067031463747	114.54358974358976
23314	445.41723666210675	147.36410256410258
23336	470.04103967168265	48.9025641025641
23363	470.04103967168265	48.9025641025641
23383	315.4582763337893	214.37264957264955
23406	315.4582763337893	214.37264957264955
23425	251.16279069767438	17.44957264957265
23447	381.12175102599184	92.66324786324786
23471	381.12175102599184	92.66324786324786
23492	279.890560875513	176.08205128205128
23517	204.65116279069767	255.3982905982906
23540	204.65116279069767	255.3982905982906
23562	195.0752393980848	192.49230769230766
23588	222.43502051983583	37.96239316239316
23614	189.60328317373458	155.56923076923078
23637	189.60328317373458	155.56923076923078
23659	93.84404924760602	281.3811965811966
23684	177.29138166894666	94.03076923076924
23706	286.73050615595076	-30.41367521367522
23729	286.73050615595076	-30.41367521367522
23750	286.73050615595076	-30.41367521367522
23772	340.08207934336525	243.09059829059828
23797	288.0984952120383	173.34700854700856
23822	356.4979480164159	163.774358974359
23860	286.73050615595076	195.22735042735042
23883	474.1450068399453	341.55213675213673
23905	249.79480164158684	580.868376068376
23930	253.8987688098495	87.1931623931624
23952	355.12995896032834	150.0991452991453
23992	378.3857729138167	173.34700854700856
24023	424.89740082079345	120.01367521367523
24044	686.1833105335157	100.86837606837607
24066	686.1833105335157	100.86837606837607
24090	608.2079343365253	151.4666666666667
24113	608.2079343365253	151.4666666666667
24134	628.7277701778387	144.62905982905983
24156	553.4883720930233	173.34700854700856
24181	553.4883720930233	173.34700854700856
24201	415.3214774281806	251.29572649572646
24229	597.2640218878249	217.1076923076923
24251	571.2722298221614	193.85982905982902
24274	483.7209302325582	262.2358974358974
24295	617.7838577291383	258.1333333333333
24318	639.6716826265391	312.834188034188
24341	639.6716826265391	312.834188034188
24362	494.6648426812586	256.76581196581196
24388	534.3365253077975	379.84273504273506
24414	735.4309165526676	379.84273504273506
24441	831.1901504787962	366.1675213675214
24464	743.6388508891929	322.4068376068376
24488	742.2708618331053	254.03076923076924
24514	791.5184678522572	228.0478632478632
24574	669.767441860465	408.56068376068373
24596	669.767441860465	193.85982905982902
24617	787.4145006839946	329.24444444444447
24639	787.4145006839946	329.24444444444447
24662	646.5116279069769	394.8854700854701
24684	598.6320109439125	452.3213675213675
24721	703.9671682626539	420.868376068376
24744	738.1668946648427	323.77435897435896
24769	738.1668946648427	323.77435897435896
24793	703.9671682626539	434.54358974358973
24815	703.9671682626539	434.54358974358973
24837	719.015047879617	508.3897435897436
24865	698.4952120383036	318.3042735042735
24891	623.2558139534884	322.4068376068376
24921	761.4227086183311	392.1504273504274
24946	761.4227086183311	392.1504273504274
24968	768.2626538987688	308.7316239316239
24993	941.9972640218879	444.1162393162393
25017	1015.8686730506157	382.5777777777778
25039	939.2612859097128	275.9111111111111
25062	903.6935704514364	345.6547008547008
25084	928.3173734610124	415.39829059829054
25107	928.3173734610124	415.39829059829054
25128	900.9575923392613	416.7658119658119
25152	851.7099863201096	441.38119658119655
25176	851.7099863201096	441.38119658119655
25197	981.6689466484269	504.2871794871795
25220	981.6689466484269	504.2871794871795
25243	963.8850889192887	424.9709401709402
25263	941.9972640218879	394.8854700854701
25285	894.1176470588235	378.4752136752137
25308	855.8139534883721	310.0991452991453
25333	821.6142270861834	373.0051282051282
25356	920.109439124487	500.1846153846154
25375	920.109439124487	500.1846153846154
25395	368.8098495212039	412.6632478632478
25416	502.8727770177839	512.4923076923077
25437	475.51299589603286	405.825641025641
25458	381.12175102599184	511.1247863247863
25480	419.42544459644324	330.61196581196583
25504	419.42544459644324	330.61196581196583
25526	238.85088919288643	336.0820512820513
25552	297.6744186046512	418.13333333333327
25575	256.6347469220246	396.25299145299147
25599	301.77838577291385	424.9709401709402
25624	277.1545827633379	342.9196581196581
25645	277.1545827633379	342.9196581196581
25668	290.83447332421343	290.95384615384614
25692	319.56224350205196	251.29572649572646
25715	259.3707250341997	371.6376068376068
25738	338.71409028727766	355.2273504273504
25761	341.4500683994528	215.7401709401709
25782	270.31463748290014	311.46666666666664
25806	169.08344733242134	359.3299145299145
25828	214.22708618331052	386.68034188034187
25855	319.56224350205196	284.11623931623933
25877	319.56224350205196	284.11623931623933
25898	297.6744186046512	331.9794871794872
25934	426.265389876881	357.96239316239314
25957	303.1463748290014	259.5008547008547
25979	303.1463748290014	259.5008547008547
26005	413.95348837209303	441.38119658119655
26026	497.4008207934337	288.2188034188034
26049	452.2571819425445	311.46666666666664
26071	431.7373461012312	338.817094017094
26094	405.74555403556775	311.46666666666664
26118	405.74555403556775	311.46666666666664
26141	340.08207934336525	237.6205128205128
26163	475.51299589603286	405.825641025641
26185	453.62517099863203	345.6547008547008
26207	453.62517099863203	345.6547008547008
26233	516.5526675786593	385.3128205128205
26257	579.4801641586868	367.53504273504274
26290	418.0574555403557	300.5264957264957
26313	606.8399452804379	461.89401709401704
26335	612.311901504788	543.9452991452991
26356	703.9671682626539	538.4752136752137
26376	695.7592339261286	460.5264957264957
26400	615.0478796169631	318.3042735042735
26421	625.9917920656635	311.46666666666664
26444	548.0164158686731	281.3811965811966
26466	591.7920656634748	418.13333333333327
26487	561.6963064295486	325.1418803418803
26510	561.6963064295486	325.1418803418803
26534	714.9110807113543	307.36410256410255
26561	619.1518467852258	456.4239316239316
26588	812.0383036935705	485.1418803418803
26612	812.0383036935705	485.1418803418803
26637	699.8632010943912	316.93675213675215
26663	835.2941176470589	338.817094017094
26689	805.1983584131327	368.9025641025641
26713	854.4459644322847	502.91965811965815
26734	780.5745554035568	325.1418803418803
26757	914.6374829001368	434.54358974358973
26782	790.1504787961696	362.06495726495723
26804	903.6935704514364	560.3555555555555
26826	649.2476060191519	330.61196581196583
26848	818.8782489740083	414.0307692307692
26867	970.7250341997265	546.6803418803419
26891	1007.6607387140904	412.6632478632478
26914	1007.6607387140904	412.6632478632478
26937	1050.0683994528044	502.91965811965815
26961	822.9822161422709	404.45811965811964
26984	862.6538987688099	449.5863247863248
27009	976.1969904240766	537.1076923076923
27033	941.9972640218879	583.6034188034188
27078	323.6662106703146	513.859829059829
27102	307.25034199726406	400.35555555555555
27128	292.202462380301	515.2273504273504
27153	444.04924760601915	509.75726495726497
27176	345.55403556771546	449.5863247863248
27198	374.2818057455541	667.0222222222221
27221	374.2818057455541	667.0222222222221
27243	515.1846785225719	564.4581196581196
27264	517.9206566347469	463.2615384615384
27288	325.03419972640216	623.2615384615385
27310	325.03419972640216	623.2615384615385
27329	342.8180574555403	496.0820512820512
27350	262.1067031463748	497.4495726495727
27376	526.1285909712723	617.791452991453
27399	364.7058823529412	527.5350427350428
27420	364.7058823529412	527.5350427350428
27443	441.3132694938441	568.5606837606837
27464	357.86593707250347	460.5264957264957
27487	357.86593707250347	460.5264957264957
27509	407.11354309165534	288.2188034188034
27531	687.5512995896032	508.3897435897436
27552	680.7113543091655	567.1931623931623
27582	489.1928864569084	482.4068376068376
27612	612.311901504788	419.50085470085463
27632	641.0396716826266	642.4068376068376
27653	641.0396716826266	642.4068376068376
27674	695.7592339261286	489.2444444444444
27696	769.6306429548564	455.05641025641023
27720	762.7906976744187	371.6376068376068
27740	541.1764705882354	442.7487179487179
27762	541.1764705882354	442.7487179487179
27786	713.5430916552667	370.27008547008546
27810	984.404924760602	524.8000000000001
27830	977.5649794801642	467.3641025641025
27853	977.5649794801642	467.3641025641025
27877	967.9890560875514	412.6632478632478
27905	890.0136798905609	368.9025641025641
27927	1019.9726402188783	396.25299145299147
27949	1019.9726402188783	396.25299145299147
27971	962.5170998632011	383.94529914529915
27994	894.1176470588235	523.4324786324787
28032	891.3816689466485	533.0051282051282
28054	977.5649794801642	587.7059829059829
28073	792.8864569083448	434.54358974358973
28095	840.7660738714092	347.0222222222222
28128	925.5813953488372	625.9965811965812
28150	898.2216142270862	619.1589743589743
28172	974.8290013679891	507.02222222222224
28193	974.8290013679891	507.02222222222224
28224	950.2051983584132	594.5435897435897
28244	884.5417236662107	505.6547008547009
28271	1007.6607387140904	213.0051282051282
28296	984.404924760602	307.36410256410255
28318	952.9411764705883	449.5863247863248
28340	948.8372093023256	479.6717948717949
28367	987.140902872777	426.33846153846156
28392	933.7893296853625	433.1760683760684
28416	933.7893296853625	433.1760683760684
28437	933.7893296853625	433.1760683760684
28464	898.2216142270862	348.38974358974355
28487	988.5088919288646	301.89401709401704
28511	917.373461012312	394.8854700854701
28533	917.373461012312	394.8854700854701
28553	926.9493844049248	318.3042735042735
28575	880.437756497948	218.47521367521367
28599	890.0136798905609	356.5948717948718
28625	961.1491108071136	225.31282051282048
28650	895.4856361149111	232.15042735042735
28676	866.7578659370724	278.6461538461539
28710	706.703146374829	264.97094017094014
28735	838.030095759234	129.58632478632478
28759	941.9972640218879	285.4837606837607
28783	853.0779753761971	304.6290598290598
28807	624.623803009576	342.9196581196581
28830	624.623803009576	342.9196581196581
28852	688.9192886456908	207.53504273504274
28877	671.1354309165527	196.59487179487178
28900	671.1354309165527	196.59487179487178
28923	620.5198358413134	229.41538461538462
28947	504.2407660738715	266.33846153846156
28971	457.7291381668947	245.825641025641
28993	457.7291381668947	245.825641025641
29016	437.2093023255814	341.55213675213673
29038	714.9110807113543	111.80854700854701
29060	736.7989056087551	252.66324786324782
29081	609.5759233926129	277.27863247863246
29104	680.7113543091655	269.0735042735043
29129	680.7113543091655	269.0735042735043
29154	558.9603283173735	245.825641025641
29179	531.6005471956224	319.6717948717949
29205	531.6005471956224	319.6717948717949
29226	557.5923392612859	398.9880341880342
29253	550.7523939808482	145.99658119658122
29277	706.703146374829	352.49230769230763
29300	632.8317373461012	267.7059829059829
29324	706.703146374829	307.36410256410255
29349	560.328317373461	310.0991452991453
29371	483.7209302325582	364.79999999999995
29395	394.80164158686733	430.44102564102565
29447	486.4569083447333	367.53504273504274
29468	511.0807113543092	546.6803418803419
29489	511.0807113543092	546.6803418803419
29509	543.9124487004104	482.4068376068376
29548	530.232558139535	546.6803418803419
29567	470.04103967168265	538.4752136752137
29593	641.0396716826266	386.68034188034187
29615	554.8563611491109	543.9452991452991
29635	554.8563611491109	543.9452991452991
29659	527.4965800273598	476.93675213675215
29680	608.2079343365253	408.56068376068373
29701	608.2079343365253	408.56068376068373
29728	579.4801641586868	522.0649572649573
29761	623.2558139534884	550.782905982906
29792	542.5444596443228	262.2358974358974
29819	359.233926128591	264.97094017094014
29841	691.6552667578659	323.77435897435896
29864	691.6552667578659	323.77435897435896
29888	824.3502051983585	304.6290598290598
29909	764.1586867305062	319.6717948717949
29931	813.4062927496581	338.817094017094
29952	792.8864569083448	401.7230769230769
29973	792.8864569083448	401.7230769230769
29999	809.3023255813954	420.868376068376
30020	876.3337893296854	337.44957264957264
30044	876.3337893296854	489.2444444444444
30066	876.3337893296854	489.2444444444444
30088	780.5745554035568	464.62905982905977
30112	869.4938440492476	330.61196581196583
30134	879.0697674418604	248.56068376068373
30156	879.0697674418604	248.56068376068373
30178	931.0533515731875	463.2615384615384
30201	931.0533515731875	463.2615384615384
30220	846.2380300957593	345.6547008547008
30244	846.2380300957593	345.6547008547008
30266	842.1340629274966	475.5692307692308
30292	899.5896032831737	403.0905982905983
30312	713.5430916552667	482.4068376068376
30339	828.4541723666212	574.0307692307692
30360	766.8946648426813	472.83418803418806
30381	806.5663474692203	594.5435897435897
30404	806.5663474692203	594.5435897435897
30431	807.9343365253079	568.5606837606837
30455	857.1819425444597	608.2188034188034
30479	809.3023255813954	587.7059829059829
30501	809.3023255813954	587.7059829059829
30522	769.6306429548564	590.4410256410256
30546	806.5663474692203	531.6376068376069
30569	806.5663474692203	531.6376068376069
30590	877.7017783857729	446.851282051282
30613	877.7017783857729	446.851282051282
30639	846.2380300957593	553.5179487179487
30663	802.4623803009576	461.89401709401704
30685	820.2462380300958	457.79145299145296
30708	820.2462380300958	457.79145299145296
30733	880.437756497948	522.0649572649573
30758	825.7181942544461	487.87692307692305
30783	822.9822161422709	429.0735042735043
30806	770.998632010944	455.05641025641023
30832	770.998632010944	455.05641025641023
30860	779.2065663474692	545.3128205128205
30885	724.4870041039671	385.3128205128205
30907	847.6060191518469	508.3897435897436
30933	847.6060191518469	508.3897435897436
30957	816.1422708618331	530.2700854700855
30984	814.7742818057457	382.5777777777778
31010	814.7742818057457	382.5777777777778
31030	947.469220246238	497.4495726495727
31053	790.1504787961696	390.782905982906
31074	791.5184678522572	404.45811965811964
31095	864.0218878248974	476.93675213675215
31119	828.4541723666212	419.50085470085463
31144	827.0861833105336	450.95384615384614
31168	827.0861833105336	450.95384615384614
31191	896.8536251709986	498.81709401709406
31215	937.8932968536252	496.0820512820512
31242	1021.3406292749659	549.4153846153846
31266	1073.3242134062928	452.3213675213675
31290	810.670314637483	580.868376068376
31315	810.670314637483	580.868376068376
31337	824.3502051983585	579.5008547008547
31362	870.8618331053351	617.791452991453
31382	787.4145006839946	587.7059829059829
31407	787.4145006839946	587.7059829059829
31431	972.093023255814	494.71452991452986
31452	973.4610123119015	565.825641025641
31474	1126.6757865937075	460.5264957264957
31495	498.76880984952123	483.77435897435896
31517	413.95348837209303	654.71452991453
31540	385.2257181942545	524.8000000000001
31560	330.5061559507524	494.71452991452986
31580	325.03419972640216	620.5264957264957
31601	460.4651162790698	613.6888888888889
31622	575.3761969904241	591.808547008547
31644	575.3761969904241	591.808547008547
31668	608.2079343365253	471.4666666666666
31690	467.3050615595076	243.09059829059828
31728	467.3050615595076	274.54358974358973
31751	545.2804377564979	381.2102564102564
31772	449.52120383036936	422.23589743589747
31792	509.7127222982216	364.79999999999995
31814	424.89740082079345	433.1760683760684
31860	478.248974008208	323.77435897435896
31880	470.04103967168265	383.94529914529915
31900	470.04103967168265	383.94529914529915
31921	294.93844049247605	500.1846153846154
31946	356.4979480164159	572.6632478632479
31968	360.60191518467855	602.748717948718
31990	372.9138166894665	481.03931623931624
32013	372.9138166894665	481.03931623931624
32035	330.5061559507524	431.808547008547
32057	483.7209302325582	290.95384615384614
32079	483.7209302325582	290.95384615384614
32098	424.89740082079345	315.5692307692307
32121	454.99316005471957	315.5692307692307
32145	454.99316005471957	315.5692307692307
32165	475.51299589603286	386.68034188034187
32187	419.42544459644324	491.97948717948714
32209	335.9781121751026	440.0136752136752
32228	346.922024623803	400.35555555555555
32252	374.2818057455541	457.79145299145296
32272	374.2818057455541	457.79145299145296
32292	300.41039671682626	393.51794871794874
32314	361.9699042407661	438.6461538461538
32339	361.9699042407661	438.6461538461538
32360	563.0642954856362	448.2188034188034
32383	563.0642954856362	448.2188034188034
32408	400.27359781121754	494.71452991452986
32437	557.5923392612859	281.3811965811966
32461	512.4487004103967	582.2358974358974
32484	556.2243502051983	375.7401709401709
32506	448.1532147742818	564.4581196581196
32529	506.9767441860466	366.1675213675214
32553	558.9603283173735	310.0991452991453
32573	531.6005471956224	340.18461538461537
32595	522.0246238030096	336.0820512820513
32618	697.1272229822162	349.7572649572649
32647	578.1121751025992	433.1760683760684
32669	534.3365253077975	431.808547008547
32691	628.7277701778387	357.96239316239314
32715	734.0629274965801	385.3128205128205
32753	687.5512995896032	379.84273504273506
32776	770.998632010944	533.0051282051282
32797	532.96853625171	522.0649572649573
32820	504.2407660738715	446.851282051282
32842	638.3036935704515	415.39829059829054
32864	673.8714090287277	471.4666666666666
32893	612.311901504788	362.06495726495723
32921	526.1285909712723	260.86837606837605
32965	745.0068399452805	344.28717948717946
32988	576.7441860465117	266.33846153846156
33012	576.7441860465117	266.33846153846156
33033	690.2872777017784	321.03931623931624
33057	617.7838577291383	415.39829059829054
33077	617.7838577291383	415.39829059829054
33099	632.8317373461012	531.6376068376069
33126	610.9439124487004	243.09059829059828
33148	578.1121751025992	386.68034188034187
33172	610.9439124487004	370.27008547008546
33192	609.5759233926129	444.1162393162393
33214	609.5759233926129	444.1162393162393
33237	558.9603283173735	437.27863247863246
33260	621.8878248974008	330.61196581196583
33284	613.6798905608756	500.1846153846154
33308	582.2161422708618	409.9282051282051
33335	567.1682626538988	489.2444444444444
33363	549.3844049247606	307.36410256410255
33388	617.7838577291383	359.3299145299145
33414	769.6306429548564	363.4324786324786
33443	649.2476060191519	431.808547008547
33468	693.0232558139535	393.51794871794874
33492	842.1340629274966	336.0820512820513
33518	680.7113543091655	407.19316239316237
33540	761.4227086183311	329.24444444444447
33565	649.2476060191519	377.1076923076923
33588	649.2476060191519	377.1076923076923
33612	725.8549931600547	319.6717948717949
33634	610.9439124487004	452.3213675213675
33656	691.6552667578659	367.53504273504274
33678	717.6470588235294	363.4324786324786
33703	638.3036935704515	438.6461538461538
33727	679.343365253078	586.3384615384615
33751	779.2065663474692	449.5863247863248
33789	710.8071135430916	505.6547008547009
33812	820.2462380300958	392.1504273504274
33832	817.5102599179207	490.6119658119658
33856	817.5102599179207	490.6119658119658
33878	728.5909712722298	419.50085470085463
33901	820.2462380300958	501.5521367521368
33924	820.2462380300958	501.5521367521368
33945	821.6142270861834	389.4153846153846
33967	790.1504787961696	420.868376068376
33987	790.1504787961696	420.868376068376
34015	906.4295485636115	299.1589743589743
34039	870.8618331053351	431.808547008547
34061	754.5827633378933	414.0307692307692
34084	754.5827633378933	414.0307692307692
34107	857.1819425444597	493.3470085470085
34126	910.5335157318741	429.0735042735043
34149	973.4610123119015	435.9111111111111
34170	739.5348837209302	641.0393162393162
34203	773.7346101231191	625.9965811965812
34226	773.7346101231191	625.9965811965812
34248	947.469220246238	631.4666666666667
34303	738.1668946648427	493.3470085470085
34325	738.1668946648427	493.3470085470085
34347	943.3652530779754	478.3042735042735
34368	735.4309165526676	412.6632478632478
34394	846.2380300957593	408.56068376068373
34433	911.9015047879617	474.2017094017094
34457	884.5417236662107	373.0051282051282
34481	884.5417236662107	373.0051282051282
34505	858.5499316005472	386.68034188034187
34528	858.5499316005472	386.68034188034187
34551	818.8782489740083	478.3042735042735
34576	794.2544459644323	612.3213675213675
34598	761.4227086183311	404.45811965811964
34620	761.4227086183311	404.45811965811964
34647	861.2859097127223	465.99658119658113
34669	818.8782489740083	389.4153846153846
34695	787.4145006839946	434.54358974358973
34719	874.9658002735978	349.7572649572649
34739	736.7989056087551	374.37264957264955
34761	831.1901504787962	507.02222222222224
34785	831.1901504787962	507.02222222222224
34809	1006.2927496580028	409.9282051282051
34832	877.7017783857729	528.9025641025642
34853	713.5430916552667	389.4153846153846
34878	972.093023255814	442.7487179487179
34900	972.093023255814	442.7487179487179
34924	1024.076607387141	468.73162393162386
34942	816.1422708618331	433.1760683760684
34963	816.1422708618331	433.1760683760684
34985	761.4227086183311	389.4153846153846
35009	470.04103967168265	370.27008547008546
35035	467.3050615595076	333.34700854700856
35061	467.3050615595076	333.34700854700856
35085	535.7045143638851	362.06495726495723
35111	584.952120383037	465.99658119658113
35135	429.0013679890561	344.28717948717946
35161	497.4008207934337	441.38119658119655
35184	497.4008207934337	441.38119658119655
35208	429.0013679890561	321.03931623931624
35230	501.5047879616963	308.7316239316239
35250	501.5047879616963	308.7316239316239
35272	487.8248974008208	312.834188034188
35298	487.8248974008208	312.834188034188
35320	457.7291381668947	334.7145299145299
35344	463.2010943912449	336.0820512820513
35366	422.1614227086183	321.03931623931624
35390	422.1614227086183	321.03931623931624
35413	459.09712722298224	204.8
35434	560.328317373461	517.9623931623931
35457	563.0642954856362	271.808547008547
35481	435.84131326949387	234.88547008547008
35507	569.9042407660739	446.851282051282
35531	646.5116279069769	468.73162393162386
35559	690.2872777017784	491.97948717948714
35586	691.6552667578659	520.6974358974359
35609	558.9603283173735	513.859829059829
35631	558.9603283173735	513.859829059829
35657	591.7920656634748	508.3897435897436
35681	567.1682626538988	453.68888888888887
35705	563.0642954856362	431.808547008547
35730	563.0642954856362	431.808547008547
35754	569.9042407660739	394.8854700854701
35777	534.3365253077975	370.27008547008546
35803	656.0875512995897	396.25299145299147
35824	656.0875512995897	396.25299145299147
35847	412.5854993160055	441.38119658119655
35869	448.1532147742818	377.1076923076923
35897	435.84131326949387	367.53504273504274
35920	435.84131326949387	367.53504273504274
35942	561.6963064295486	364.79999999999995
35969	561.6963064295486	364.79999999999995
35991	452.2571819425445	296.4239316239316
36013	389.3296853625171	351.12478632478627
36036	389.3296853625171	351.12478632478627
36060	450.88919288645695	273.1760683760684
36093	467.3050615595076	334.7145299145299
36118	390.6976744186047	280.01367521367524
36140	552.1203830369358	382.5777777777778
36162	552.1203830369358	382.5777777777778
36182	390.6976744186047	323.77435897435896
36206	524.7606019151847	412.6632478632478
36226	524.7606019151847	412.6632478632478
36247	632.8317373461012	412.6632478632478
36272	431.7373461012312	297.79145299145296
36296	591.7920656634748	367.53504273504274
36318	724.4870041039671	285.4837606837607
36340	724.4870041039671	285.4837606837607
36364	505.608755129959	457.79145299145296
36384	483.7209302325582	472.83418803418806
36408	586.3201094391245	442.7487179487179
36430	586.3201094391245	442.7487179487179
36450	650.6155950752395	441.38119658119655
36472	567.1682626538988	489.2444444444444
36493	567.1682626538988	489.2444444444444
36513	506.9767441860466	366.1675213675214
36536	542.5444596443228	371.6376068376068
36557	542.5444596443228	371.6376068376068
36579	472.7770177838578	254.03076923076924
36609	546.6484268125855	390.782905982906
36633	508.3447332421341	382.5777777777778
36657	508.3447332421341	382.5777777777778
36679	422.1614227086183	430.44102564102565
36703	485.08891928864574	427.7059829059829
36727	431.7373461012312	368.9025641025641
36747	647.8796169630643	423.60341880341883
36768	647.8796169630643	423.60341880341883
36789	750.4787961696306	347.0222222222222
36811	865.389876880985	377.1076923076923
36836	874.9658002735978	409.9282051282051
36856	903.6935704514364	446.851282051282
36876	881.8057455540355	483.77435897435896
36901	881.8057455540355	483.77435897435896
36924	966.6210670314638	627.3641025641026
36948	916.0054719562244	589.0735042735042
36976	806.5663474692203	475.5692307692308
37000	965.2530779753762	565.825641025641
37023	965.2530779753762	565.825641025641
37046	980.3009575923393	600.0136752136752
37067	980.3009575923393	600.0136752136752
37088	903.6935704514364	576.765811965812
37113	988.5088919288646	446.851282051282
37142	828.4541723666212	524.8000000000001
37165	828.4541723666212	524.8000000000001
37203	937.8932968536252	438.6461538461538
37227	858.5499316005472	538.4752136752137
37252	773.7346101231191	515.2273504273504
37275	861.2859097127223	515.2273504273504
37301	861.2859097127223	515.2273504273504
37332	776.4705882352941	392.1504273504274
37354	865.389876880985	482.4068376068376
37378	802.4623803009576	418.13333333333327
37403	896.8536251709986	262.2358974358974
37423	872.2298221614227	331.9794871794872
37446	944.733242134063	323.77435897435896
37470	944.733242134063	323.77435897435896
37492	824.3502051983585	238.98803418803416
37513	846.2380300957593	196.59487179487178
37536	937.8932968536252	293.68888888888887
37557	728.5909712722298	228.0478632478632
37583	929.6853625170999	304.6290598290598
37607	931.0533515731875	232.15042735042735
37630	868.12585499316	132.32136752136753
37655	766.8946648426813	284.11623931623933
37680	929.6853625170999	598.6461538461539
37703	913.2694938440493	275.9111111111111
37726	944.733242134063	178.817094017094
37749	884.5417236662107	344.28717948717946
37775	884.5417236662107	344.28717948717946
37797	831.1901504787962	348.38974358974355
37819	895.4856361149111	267.7059829059829
37841	995.3488372093024	340.18461538461537
37861	973.4610123119015	319.6717948717949
37883	976.1969904240766	371.6376068376068
37906	976.1969904240766	371.6376068376068
37930	906.4295485636115	367.53504273504274
37952	862.6538987688099	338.817094017094
37976	1047.3324213406293	352.49230769230763
37997	1022.7086183310535	386.68034188034187
38017	941.9972640218879	374.37264957264955
38040	1092.4760601915184	383.94529914529915
38063	1026.812585499316	352.49230769230763
38083	812.0383036935705	311.46666666666664
38105	864.0218878248974	316.93675213675215
38128	864.0218878248974	316.93675213675215
38149	890.0136798905609	415.39829059829054
38172	869.4938440492476	333.34700854700856
38194	853.0779753761971	244.45811965811964
38214	937.8932968536252	367.53504273504274
38240	937.8932968536252	367.53504273504274
38264	989.8768809849522	281.3811965811966
38287	999.452804377565	331.9794871794872
38308	985.7729138166895	341.55213675213673
38335	755.9507523939809	440.0136752136752
38356	798.358413132695	340.18461538461537
38379	899.5896032831737	333.34700854700856
38404	899.5896032831737	333.34700854700856
38428	962.5170998632011	251.29572649572646
38451	980.3009575923393	364.79999999999995
38474	980.3009575923393	364.79999999999995
38493	822.9822161422709	464.62905982905977
38515	822.9822161422709	464.62905982905977
38544	769.6306429548564	356.5948717948718
38567	1019.9726402188783	223.94529914529912
38589	1051.436388508892	296.4239316239316
38613	1051.436388508892	296.4239316239316
38636	950.2051983584132	173.34700854700856
38656	925.5813953488372	165.14188034188035
38679	966.6210670314638	318.3042735042735
38703	966.6210670314638	318.3042735042735
38725	963.8850889192887	292.3213675213675
38749	963.8850889192887	217.1076923076923
38772	973.4610123119015	269.0735042735043
38795	943.3652530779754	314.20170940170937
38819	961.1491108071136	316.93675213675215
38846	961.1491108071136	316.93675213675215
38870	907.797537619699	368.9025641025641
38893	885.9097127222982	202.06495726495723
38948	770.998632010944	296.4239316239316
38970	773.7346101231191	277.27863247863246
38994	783.3105335157319	281.3811965811966
39018	799.7264021887826	273.1760683760684
39041	799.7264021887826	273.1760683760684
39062	840.7660738714092	264.97094017094014
39090	769.6306429548564	252.66324786324782
39113	751.8467852257182	248.56068376068373
39137	723.1190150478797	277.27863247863246
39159	728.5909712722298	418.13333333333327
39182	635.5677154582764	174.71452991452992
39206	671.1354309165527	163.774358974359
39228	802.4623803009576	218.47521367521367
39258	729.9589603283174	375.7401709401709
39283	729.9589603283174	375.7401709401709
39309	775.1025991792067	386.68034188034187
39345	781.9425444596444	229.41538461538462
39367	776.4705882352941	243.09059829059828
39399	702.5991792065663	285.4837606837607
39425	758.686730506156	334.7145299145299
39449	650.6155950752395	330.61196581196583
39475	650.6155950752395	330.61196581196583
39498	747.7428180574556	260.86837606837605
39519	694.3912448700411	222.57777777777775
39543	574.0082079343366	282.74871794871797
39568	574.0082079343366	282.74871794871797
39588	574.0082079343366	282.74871794871797
39610	545.2804377564979	270.44102564102565
39630	589.0560875512996	318.3042735042735
39652	589.0560875512996	318.3042735042735
39674	587.6880984952121	388.04786324786323
39699	539.8084815321478	319.6717948717949
39721	534.3365253077975	314.20170940170937
39745	534.3365253077975	314.20170940170937
39770	651.983584131327	405.825641025641
39795	617.7838577291383	405.825641025641
39819	468.6730506155951	277.27863247863246
39843	468.6730506155951	277.27863247863246
39868	638.3036935704515	255.3982905982906
39894	430.36935704514366	315.5692307692307
39919	430.36935704514366	315.5692307692307
39941	501.5047879616963	340.18461538461537
39968	558.9603283173735	377.1076923076923
39992	631.4637482900138	173.34700854700856
40014	631.4637482900138	173.34700854700856
40034	464.56908344733245	379.84273504273506
40056	527.4965800273598	275.9111111111111
40079	527.4965800273598	275.9111111111111
40101	684.8153214774281	316.93675213675215
40128	598.6320109439125	315.5692307692307
40151	489.1928864569084	308.7316239316239
40171	489.1928864569084	308.7316239316239
40192	627.3597811217511	331.9794871794872
40215	651.983584131327	258.1333333333333
40240	651.983584131327	258.1333333333333
40267	643.7756497948017	352.49230769230763
40290	493.296853625171	362.06495726495723
40311	679.343365253078	327.87692307692305
40334	502.8727770177839	208.9025641025641
40356	502.8727770177839	208.9025641025641
40379	753.2147742818057	338.817094017094
40402	631.4637482900138	263.6034188034188
40423	600.0	360.69743589743587
40445	583.5841313269494	289.5863247863248
40465	303.1463748290014	196.59487179487178
40486	320.9302325581395	181.55213675213676
40509	320.9302325581395	181.55213675213676
40528	264.84268125854993	213.0051282051282
40551	322.29822161422703	66.68034188034187
40575	322.29822161422703	66.68034188034187
40595	335.9781121751026	215.7401709401709
40616	374.2818057455541	193.85982905982902
40642	374.2818057455541	193.85982905982902
40662	316.8262653898768	94.03076923076924
40689	232.0109439124487	130.95384615384614
40716	180.02735978112176	221.2102564102564
40740	309.98632010943913	128.21880341880342
40762	418.0574555403557	241.72307692307692
40787	493.296853625171	202.06495726495723
40810	255.26675786593705	188.38974358974357
40834	283.99452804377563	244.45811965811964
40861	156.77154582763336	57.107692307692304
40884	145.82763337893294	100.86837606837607
40905	148.56361149110805	121.38119658119659
40928	185.49931600547194	247.19316239316237
40953	293.5704514363885	255.3982905982906
40975	516.5526675786593	271.808547008547
40995	331.8741450068399	263.6034188034188
41019	331.8741450068399	263.6034188034188
41039	460.4651162790698	355.2273504273504
41062	505.608755129959	259.5008547008547
41086	508.3447332421341	178.817094017094
41108	398.90560875513	322.4068376068376
41130	579.4801641586868	334.7145299145299
41151	542.5444596443228	377.1076923076923
41172	716.2790697674419	356.5948717948718
41195	617.7838577291383	386.68034188034187
41218	617.7838577291383	386.68034188034187
41251	802.4623803009576	563.0905982905982
41271	1021.3406292749659	433.1760683760684
41296	755.9507523939809	370.27008547008546
41318	957.045143638851	362.06495726495723
41341	957.045143638851	362.06495726495723
41362	957.045143638851	362.06495726495723
41390	1011.7647058823529	296.4239316239316
41415	827.0861833105336	295.05641025641023
41441	1048.7004103967167	274.54358974358973
41465	847.6060191518469	202.06495726495723
41490	792.8864569083448	200.69743589743587
41513	739.5348837209302	273.1760683760684
41538	583.5841313269494	237.6205128205128
41559	444.04924760601915	144.62905982905983
41586	444.04924760601915	144.62905982905983
41614	449.52120383036936	202.06495726495723
41636	397.53761969904247	243.09059829059828
41658	662.9274965800273	281.3811965811966
41684	662.9274965800273	281.3811965811966
41708	557.5923392612859	152.83418803418806
41729	557.5923392612859	152.83418803418806
41751	583.5841313269494	307.36410256410255
41776	604.1039671682627	16.08205128205128
41797	553.4883720930233	128.21880341880342
41818	697.1272229822162	144.62905982905983
41842	582.2161422708618	162.4068376068376
41867	680.7113543091655	248.56068376068373
41892	680.7113543091655	248.56068376068373
41924	571.2722298221614	285.4837606837607
41961	608.2079343365253	240.35555555555553
41984	535.7045143638851	217.1076923076923
42006	851.7099863201096	349.7572649572649
42031	846.2380300957593	289.5863247863248
42054	426.265389876881	151.4666666666667
42076	409.84952120383036	143.26153846153846
42098	346.922024623803	63.94529914529914
42121	270.31463748290014	237.6205128205128
42151	169.08344733242134	274.54358974358973
42173	304.5143638850889	204.8
42195	413.95348837209303	191.1247863247863
42218	329.13816689466483	24.287179487179483
42242	292.202462380301	431.808547008547
42262	245.6908344733242	375.7401709401709
42287	270.31463748290014	325.1418803418803
42308	206.0191518467852	245.825641025641
42329	242.9548563611491	47.53504273504273
42357	207.38714090287277	151.4666666666667
42378	442.6812585499316	260.86837606837605
42398	387.9616963064296	195.22735042735042
42421	173.18741450068399	368.9025641025641
42446	516.5526675786593	228.0478632478632
42464	516.5526675786593	228.0478632478632
42487	431.7373461012312	162.4068376068376
42511	419.42544459644324	251.29572649572646
42533	273.0506155950752	218.47521367521367
42557	273.0506155950752	218.47521367521367
42578	487.8248974008208	312.834188034188
42607	334.61012311901504	312.834188034188
42639	268.9466484268126	323.77435897435896
42661	80.1641586867305	310.0991452991453
42682	74.6922024623803	430.44102564102565
42706	583.5841313269494	245.825641025641
42729	338.71409028727766	308.7316239316239
42752	338.71409028727766	308.7316239316239
42773	262.1067031463748	223.94529914529912
42797	262.1067031463748	223.94529914529912
42820	277.1545827633379	284.11623931623933
42843	247.05882352941174	74.88547008547009
42866	247.05882352941174	74.88547008547009
42889	311.3543091655266	472.83418803418806
42917	154.03556771545826	178.817094017094
42945	122.5718194254446	303.26153846153846
42973	301.77838577291385	400.35555555555555
42996	326.4021887824897	388.04786324786323
43019	352.39398084815326	211.63760683760682
43042	154.03556771545826	96.76581196581198
43065	357.86593707250347	139.15897435897438
43087	357.86593707250347	139.15897435897438
43110	382.4897400820794	148.73162393162394
43133	374.2818057455541	178.817094017094
43153	233.37893296853625	247.19316239316237
43176	299.0424076607387	271.808547008547
43199	390.6976744186047	144.62905982905983
43223	293.5704514363885	300.5264957264957
43242	658.8235294117648	154.20170940170942
43265	541.1764705882354	251.29572649572646
43294	568.5362517099863	78.98803418803418
43320	701.2311901504788	99.50085470085472
43344	703.9671682626539	9.244444444444444
43369	705.3351573187415	111.80854700854701
43392	647.8796169630643	59.84273504273504
43418	732.6949384404925	214.37264957264955
43442	712.1751025991792	150.0991452991453
43465	765.5266757865937	300.5264957264957
43490	777.8385772913817	229.41538461538462
43514	795.6224350205199	266.33846153846156
43540	795.6224350205199	266.33846153846156
43567	832.5581395348838	307.36410256410255
43592	809.3023255813954	197.96239316239314
43616	817.5102599179207	248.56068376068373
43642	792.8864569083448	218.47521367521367
43664	792.8864569083448	218.47521367521367
43690	717.6470588235294	126.85128205128207
43712	873.5978112175103	300.5264957264957
43740	651.983584131327	147.36410256410258
43773	647.8796169630643	247.19316239316237
43799	714.9110807113543	197.96239316239314
43822	714.9110807113543	197.96239316239314
43845	635.5677154582764	196.59487179487178
43868	635.5677154582764	196.59487179487178
43924	569.9042407660739	407.19316239316237
43944	810.670314637483	248.56068376068373
43966	862.6538987688099	185.65470085470085
43989	616.4158686730507	143.26153846153846
44023	850.341997264022	290.95384615384614
44056	749.1108071135432	202.06495726495723
44090	572.640218878249	277.27863247863246
44124	668.3994528043776	106.33846153846153
44156	595.8960328317374	237.6205128205128
44190	580.8481532147744	51.63760683760683
44223	657.4555403556772	204.8
44256	520.656634746922	68.04786324786325
44290	656.0875512995897	196.59487179487178
44323	753.2147742818057	70.78290598290597
44356	705.3351573187415	80.35555555555555
44378	716.2790697674419	213.0051282051282
44406	712.1751025991792	262.2358974358974
44439	787.4145006839946	192.49230769230766
44473	616.4158686730507	226.68034188034184
44506	687.5512995896032	115.91111111111113
44539	649.2476060191519	66.68034188034187
44573	764.1586867305062	202.06495726495723
44608	798.358413132695	150.0991452991453
44640	911.9015047879617	260.86837606837605
44661	747.7428180574556	197.96239316239314
44689	632.8317373461012	210.27008547008546
44723	600.0	247.19316239316237
44756	613.6798905608756	305.9965811965812
44777	468.6730506155951	166.50940170940171
44806	571.2722298221614	78.98803418803418
44839	606.8399452804379	351.12478632478627
44873	532.96853625171	95.3982905982906
44906	569.9042407660739	208.9025641025641
44939	694.3912448700411	221.2102564102564
44973	694.3912448700411	221.2102564102564
45006	713.5430916552667	124.11623931623932
45039	694.3912448700411	280.01367521367524
45073	784.6785225718195	109.07350427350428
45106	721.7510259917921	92.66324786324786
45140	795.6224350205199	170.61196581196583
45173	936.5253077975376	241.72307692307692
45206	963.8850889192887	337.44957264957264
45239	931.0533515731875	379.84273504273506
45272	1048.7004103967167	482.4068376068376
45306	1143.091655266758	403.0905982905983
45339	1066.4842681258551	418.13333333333327
45373	1062.3803009575922	459.1589743589743
45393	1087.0041039671682	426.33846153846156
45415	1028.1805745554036	419.50085470085463
45437	1028.1805745554036	419.50085470085463
45459	1230.642954856361	366.1675213675214
45489	1089.7400820793434	493.3470085470085
45523	1014.5006839945281	448.2188034188034
45556	1074.6922024623805	515.2273504273504
45589	1071.9562243502053	457.79145299145296
45623	1003.5567715458276	557.6205128205128
45656	951.5731874145007	446.851282051282
45689	918.7414500683994	416.7658119658119
45722	918.7414500683994	424.9709401709402
45756	1163.6114911080713	414.0307692307692
45781	1163.6114911080713	414.0307692307692
45804	966.6210670314638	305.9965811965812
45832	1058.2763337893298	296.4239316239316
45851	1171.8194254445964	449.5863247863248
45875	1171.8194254445964	449.5863247863248
45903	961.1491108071136	293.68888888888887
45925	906.4295485636115	408.56068376068373
45949	755.9507523939809	479.6717948717949
45974	582.2161422708618	429.0735042735043
46000	709.439124487004	430.44102564102565
46021	638.3036935704515	431.808547008547
46042	638.3036935704515	431.808547008547
46062	654.7195622435021	353.85982905982905
46086	508.3447332421341	341.55213675213673
46107	509.7127222982216	323.77435897435896
46129	716.2790697674419	426.33846153846156
46155	753.2147742818057	310.0991452991453
46175	753.2147742818057	310.0991452991453
46195	628.7277701778387	371.6376068376068
46219	651.983584131327	355.2273504273504
46241	615.0478796169631	331.9794871794872
46264	650.6155950752395	524.8000000000001
46286	864.0218878248974	474.2017094017094
46305	864.0218878248974	474.2017094017094
46327	814.7742818057457	491.97948717948714
46347	660.1915184678522	487.87692307692305
46369	660.1915184678522	487.87692307692305
46390	757.3187414500684	657.4495726495727
46414	757.3187414500684	657.4495726495727
46436	716.2790697674419	342.9196581196581
46456	828.4541723666212	483.77435897435896
46476	825.7181942544461	474.2017094017094
46498	790.1504787961696	456.4239316239316
46519	761.4227086183311	494.71452991452986
46537	761.4227086183311	494.71452991452986
46560	881.8057455540355	528.9025641025642
46583	864.0218878248974	504.2871794871795
46606	864.0218878248974	504.2871794871795
46626	828.4541723666212	558.9880341880341
46648	870.8618331053351	453.68888888888887
46672	805.1983584131327	418.13333333333327
46691	1017.2366621067033	475.5692307692308
46713	969.3570451436389	331.9794871794872
46733	969.3570451436389	331.9794871794872
46754	969.3570451436389	331.9794871794872
46775	735.4309165526676	244.45811965811964
46798	765.5266757865937	289.5863247863248
46819	765.5266757865937	289.5863247863248
46842	680.7113543091655	392.1504273504274
46867	861.2859097127223	312.834188034188
46889	818.8782489740083	373.0051282051282
46911	914.6374829001368	307.36410256410255
46932	952.9411764705883	398.9880341880342
46954	903.6935704514364	301.89401709401704
46976	887.2777017783858	362.06495726495723
47000	777.8385772913817	296.4239316239316
47025	747.7428180574556	356.5948717948718
47048	693.0232558139535	444.1162393162393
47070	803.8303693570452	233.5179487179487
47093	872.2298221614227	262.2358974358974
47114	872.2298221614227	262.2358974358974
47137	761.4227086183311	444.1162393162393
47158	546.6484268125855	482.4068376068376
47182	546.6484268125855	482.4068376068376
47205	617.7838577291383	418.13333333333327
47227	616.4158686730507	373.0051282051282
47253	616.4158686730507	373.0051282051282
47275	546.6484268125855	500.1846153846154
47296	542.5444596443228	538.4752136752137
47324	556.2243502051983	468.73162393162386
47348	556.2243502051983	468.73162393162386
47371	392.06566347469226	656.0820512820512
47395	36.38850889192886	568.5606837606837
47417	283.99452804377563	631.4666666666667
47454	394.80164158686733	775.0564102564102
47477	474.1450068399453	818.817094017094
47498	312.7222982216142	683.4324786324786
47521	204.65116279069767	411.29572649572646
47543	185.49931600547194	419.50085470085463
47567	344.18604651162786	483.77435897435896
47589	288.0984952120383	483.77435897435896
47609	214.22708618331052	483.77435897435896
47630	273.0506155950752	538.4752136752137
47655	107.52393980848153	476.93675213675215
47677	122.5718194254446	501.5521367521368
47698	137.61969904240763	509.75726495726497
47721	353.7619699042408	366.1675213675214
47755	368.8098495212039	502.91965811965815
47779	368.8098495212039	502.91965811965815
47803	351.02599179206567	579.5008547008547
47827	366.07387140902875	535.740170940171
47853	327.77017783857724	481.03931623931624
47876	242.9548563611491	516.5948717948718
47901	264.84268125854993	550.782905982906
47929	429.0013679890561	609.5863247863248
47952	407.11354309165534	548.0478632478632
47975	487.8248974008208	641.0393162393162
48002	526.1285909712723	519.3299145299145
48025	634.1997264021888	505.6547008547009
48049	634.1997264021888	505.6547008547009
48070	470.04103967168265	606.851282051282
48091	519.2886456908345	479.6717948717949
48115	368.8098495212039	498.81709401709406
48138	371.54582763337896	542.5777777777778
48161	545.2804377564979	560.3555555555555
48184	569.9042407660739	543.9452991452991
48205	382.4897400820794	539.8427350427351
48226	448.1532147742818	564.4581196581196
48252	397.53761969904247	502.91965811965815
48288	346.922024623803	534.3726495726496
48323	353.7619699042408	487.87692307692305
48348	357.86593707250347	558.9880341880341
48373	441.3132694938441	563.0905982905982
48395	244.32284541723664	500.1846153846154
48419	333.24213406292745	546.6803418803419
48443	314.09028727770175	556.2529914529914
48466	320.9302325581395	474.2017094017094
48488	554.8563611491109	534.3726495726496
48513	554.8563611491109	534.3726495726496
48536	404.3775649794802	433.1760683760684
48560	444.04924760601915	584.9709401709401
48582	441.3132694938441	569.928205128205
48603	437.2093023255814	407.19316239316237
48624	456.36114911080716	453.68888888888887
48647	427.6333789329685	177.44957264957264
48670	482.3529411764706	208.9025641025641
48692	454.99316005471957	159.67179487179487
48716	527.4965800273598	275.9111111111111
48738	497.4008207934337	44.8
48787	497.4008207934337	22.919658119658116
48810	620.5198358413134	210.27008547008546
48832	1007.6607387140904	327.87692307692305
48856	1028.1805745554036	378.4752136752137
48878	995.3488372093024	156.93675213675215
48901	802.4623803009576	125.48376068376068
48925	916.0054719562244	330.61196581196583
48949	896.8536251709986	162.4068376068376
48972	1056.908344733242	-29.04615384615385
48991	1056.908344733242	-29.04615384615385
49014	1151.2995896032833	288.2188034188034
49035	1218.3310533515732	271.808547008547
49056	1193.7072503419972	368.9025641025641
49078	1195.0752393980847	584.9709401709401
49098	1162.2435020519836	169.24444444444444
49119	1162.2435020519836	169.24444444444444
49141	1007.6607387140904	353.85982905982905
49165	1025.4445964432284	176.08205128205128
49185	1055.5403556771546	334.7145299145299
49206	1106.155950752394	106.33846153846153
49229	1277.1545827633379	187.0222222222222
49254	1119.8358413132696	147.36410256410258
49276	1119.8358413132696	147.36410256410258
49297	1119.8358413132696	147.36410256410258
49319	929.6853625170999	307.36410256410255
49341	1013.1326949384405	303.26153846153846
49365	1107.5239398084816	383.94529914529915
49389	1107.5239398084816	383.94529914529915
49412	950.2051983584132	351.12478632478627
49442	969.3570451436389	278.6461538461539
49465	957.045143638851	330.61196581196583
49487	957.045143638851	330.61196581196583
49509	905.061559507524	254.03076923076924
49531	843.5020519835842	701.2102564102564
49557	843.5020519835842	701.2102564102564
49583	605.4719562243503	940.5264957264958
49604	965.2530779753762	892.6632478632479
49629	598.6320109439125	873.5179487179487
49653	671.1354309165527	718.9880341880341
49675	739.5348837209302	734.0307692307692
49697	729.9589603283174	805.1418803418803
49718	725.8549931600547	813.3470085470085
49740	550.7523939808482	749.0735042735043
49761	550.7523939808482	749.0735042735043
49786	828.4541723666212	467.3641025641025
49808	814.7742818057457	182.91965811965812
49832	810.670314637483	58.47521367521368
49858	817.5102599179207	176.08205128205128
49879	868.12585499316	321.03931623931624
49900	900.9575923392613	284.11623931623933
49923	868.12585499316	409.9282051282051
49944	911.9015047879617	263.6034188034188
49966	809.3023255813954	103.6034188034188
49987	792.8864569083448	133.6888888888889
50011	604.1039671682627	174.71452991452992
50034	539.8084815321478	215.7401709401709
50055	879.0697674418604	214.37264957264955
50078	662.9274965800273	290.95384615384614
50102	768.2626538987688	208.9025641025641
50138	818.8782489740083	312.834188034188
50162	838.030095759234	225.31282051282048
50187	833.9261285909713	219.84273504273503
50215	746.374829001368	347.0222222222222
50239	591.7920656634748	327.87692307692305
50263	647.8796169630643	289.5863247863248
50287	647.8796169630643	289.5863247863248
50310	638.3036935704515	377.1076923076923
50331	999.452804377565	520.6974358974359
50357	925.5813953488372	405.825641025641
50388	677.9753761969904	370.27008547008546
50421	679.343365253078	345.6547008547008
50454	584.952120383037	340.18461538461537
50488	705.3351573187415	222.57777777777775
50521	859.9179206566348	319.6717948717949
50554	1011.7647058823529	408.56068376068373
50587	806.5663474692203	445.48376068376064
50621	838.030095759234	453.68888888888887
50645	928.3173734610124	433.1760683760684
50670	832.5581395348838	411.29572649572646
50691	828.4541723666212	449.5863247863248
50721	936.5253077975376	368.9025641025641
