time	x	y
1	950.2051983584132	342.9196581196581
37	1021.3406292749659	396.25299145299147
58	1006.2927496580028	400.35555555555555
77	1006.2927496580028	400.35555555555555
98	1241.5868673050616	373.0051282051282
119	955.6771545827634	446.851282051282
139	998.0848153214774	364.79999999999995
168	701.2311901504788	308.7316239316239
202	371.54582763337896	256.76581196581196
221	262.1067031463748	152.83418803418806
252	255.26675786593705	92.66324786324786
285	315.4582763337893	152.83418803418806
319	385.2257181942545	77.62051282051281
356	450.88919288645695	230.782905982906
397	561.6963064295486	81.72307692307692
420	378.3857729138167	303.26153846153846
439	378.3857729138167	303.26153846153846
465	307.25034199726406	182.91965811965812
485	169.08344733242134	-119.3025641025641
505	169.08344733242134	-119.3025641025641
527	169.08344733242134	-119.3025641025641
545	-29.274965800273606	145.99658119658122
569	311.3543091655266	11.97948717948718
590	259.3707250341997	-61.86666666666667
611	258.0027359781122	-15.37094017094017
639	71.9562243502052	-215.02905982905983
659	140.35567715458274	-139.8153846153846
681	128.0437756497948	-236.90940170940172
702	251.16279069767438	-68.7042735042735
723	242.9548563611491	-317.5931623931624
748	207.38714090287277	-431.09743589743596
768	452.2571819425445	-76.90940170940172
789	237.4829001367989	-413.31965811965813
810	248.4268125854993	-193.14871794871794
832	437.2093023255814	5.141880341880341
849	437.2093023255814	5.141880341880341
873	184.1313269493844	-20.84102564102564
895	180.02735978112176	-359.9863247863248
917	382.4897400820794	-303.9179487179487
937	643.7756497948017	-429.7299145299146
960	643.7756497948017	-429.7299145299146
981	502.8727770177839	-615.7128205128205
1003	314.09028727770175	-145.28547008547008
1025	314.09028727770175	-145.28547008547008
1046	446.7852257181943	132.32136752136753
1068	448.1532147742818	-7.165811965811966
1101	397.53761969904247	91.2957264957265
1130	342.8180574555403	20.184615384615384
1151	312.7222982216142	51.63760683760683
1171	93.84404924760602	104.97094017094017
1191	178.6593707250342	107.70598290598292
1211	170.45143638850888	-74.17435897435898
1232	330.5061559507524	81.72307692307692
1253	491.9288645690835	-108.36239316239316
1273	111.62790697674419	213.0051282051282
1293	111.62790697674419	213.0051282051282
1316	33.652530779753754	25.654700854700852
1338	92.47606019151847	-52.2940170940171
1359	363.3378932968537	163.774358974359
1381	218.3310533515732	13.347008547008546
1407	152.66757865937072	178.817094017094
1430	300.41039671682626	83.09059829059828
1454	300.41039671682626	83.09059829059828
1474	147.1956224350205	63.94529914529914
1495	226.5389876880985	1.0393162393162392
1519	226.5389876880985	1.0393162393162392
1542	180.02735978112176	31.124786324786324
1563	195.0752393980848	126.85128205128207
1584	195.0752393980848	126.85128205128207
1605	199.17920656634746	58.47521367521368
1634	199.17920656634746	58.47521367521368
1656	210.12311901504788	-34.516239316239314
1680	305.88235294117646	-18.105982905982906
1701	338.71409028727766	171.9794871794872
1725	419.42544459644324	195.22735042735042
1748	230.64295485636114	99.50085470085472
1769	392.06566347469226	-11.268376068376067
1790	281.25854993160056	-35.883760683760684
1812	271.6826265389877	-23.576068376068378
1834	233.37893296853625	132.32136752136753
1854	233.37893296853625	132.32136752136753
1875	111.62790697674419	65.31282051282051
1898	221.0670314637483	58.47521367521368
1919	221.0670314637483	58.47521367521368
1938	151.29958960328315	36.59487179487179
1960	214.22708618331052	285.4837606837607
1981	312.7222982216142	-37.251282051282054
2002	312.7222982216142	-37.251282051282054
2029	329.13816689466483	7.876923076923077
2055	281.25854993160056	137.79145299145299
2083	368.8098495212039	9.244444444444444
2109	710.8071135430916	84.45811965811966
2133	552.1203830369358	95.3982905982906
2155	543.9124487004104	128.21880341880342
2178	221.0670314637483	-15.37094017094017
2201	360.60191518467855	39.329914529914525
2223	360.60191518467855	39.329914529914525
2248	252.53077975376198	217.1076923076923
2269	528.8645690834473	236.25299145299144
2293	314.09028727770175	128.21880341880342
2317	163.61149110807114	150.0991452991453
2338	264.84268125854993	180.18461538461537
2366	237.4829001367989	162.4068376068376
2388	197.8112175102599	73.51794871794871
2408	367.4418604651163	145.99658119658122
2430	367.4418604651163	145.99658119658122
2452	301.77838577291385	128.21880341880342
2474	431.7373461012312	259.5008547008547
2494	431.7373461012312	259.5008547008547
2520	393.4336525307798	312.834188034188
2549	393.4336525307798	285.4837606837607
2588	619.1518467852258	323.77435897435896
2630	576.7441860465117	336.0820512820513
2654	576.7441860465117	336.0820512820513
2684	468.6730506155951	262.2358974358974
2710	448.1532147742818	177.44957264957264
2734	441.3132694938441	143.26153846153846
2756	661.5595075239398	196.59487179487178
2780	490.56087551299595	74.88547008547009
2803	583.5841313269494	95.3982905982906
2825	583.5841313269494	95.3982905982906
2875	396.1696306429549	177.44957264957264
2899	796.9904240766075	54.372649572649564
2921	817.5102599179207	31.124786324786324
2942	660.1915184678522	111.80854700854701
2965	765.5266757865937	118.64615384615385
2986	799.7264021887826	171.9794871794872
3012	798.358413132695	162.4068376068376
3035	798.358413132695	162.4068376068376
3058	881.8057455540355	262.2358974358974
3082	662.9274965800273	241.72307692307692
3104	662.9274965800273	241.72307692307692
3128	786.0465116279071	161.03931623931624
3151	784.6785225718195	305.9965811965812
3171	924.2134062927497	352.49230769230763
3192	802.4623803009576	411.29572649572646
3217	851.7099863201096	403.0905982905983
3239	873.5978112175103	386.68034188034187
3262	796.9904240766075	347.0222222222222
3284	757.3187414500684	326.5094017094017
3306	907.797537619699	507.02222222222224
3326	907.797537619699	507.02222222222224
3349	788.7824897400822	311.46666666666664
3371	716.2790697674419	96.76581196581198
3392	713.5430916552667	107.70598290598292
3414	706.703146374829	162.4068376068376
3436	706.703146374829	162.4068376068376
3458	747.7428180574556	233.5179487179487
3480	887.2777017783858	273.1760683760684
3504	887.2777017783858	273.1760683760684
3526	984.404924760602	371.6376068376068
3552	706.703146374829	229.41538461538462
3574	816.1422708618331	307.36410256410255
3599	816.1422708618331	307.36410256410255
3621	794.2544459644323	381.2102564102564
3645	747.7428180574556	315.5692307692307
3667	672.5034199726402	240.35555555555553
3691	672.5034199726402	240.35555555555553
3717	494.6648426812586	289.5863247863248
3750	569.9042407660739	359.3299145299145
3773	569.9042407660739	359.3299145299145
3796	554.8563611491109	411.29572649572646
3820	394.80164158686733	266.33846153846156
3845	595.8960328317374	311.46666666666664
3867	665.6634746922024	400.35555555555555
3892	502.8727770177839	363.4324786324786
3915	527.4965800273598	334.7145299145299
3937	430.36935704514366	301.89401709401704
3958	367.4418604651163	204.8
3982	461.83310533515737	282.74871794871797
4005	563.0642954856362	278.6461538461539
4029	504.2407660738715	207.53504273504274
4052	490.56087551299595	213.0051282051282
4073	498.76880984952123	130.95384615384614
4099	498.76880984952123	130.95384615384614
4120	383.8577291381669	247.19316239316237
4149	229.2749658002736	169.24444444444444
4171	229.2749658002736	169.24444444444444
4194	312.7222982216142	214.37264957264955
4217	485.08891928864574	292.3213675213675
4239	677.9753761969904	351.12478632478627
4267	537.0725034199727	297.79145299145296
4290	497.4008207934337	161.03931623931624
4311	478.248974008208	363.4324786324786
4336	552.1203830369358	418.13333333333327
4362	602.7359781121752	405.825641025641
4388	567.1682626538988	322.4068376068376
4416	545.2804377564979	330.61196581196583
4440	608.2079343365253	195.22735042735042
4464	657.4555403556772	248.56068376068373
4490	833.9261285909713	314.20170940170937
4516	874.9658002735978	256.76581196581196
4537	900.9575923392613	210.27008547008546
4563	703.9671682626539	178.817094017094
4586	910.5335157318741	256.76581196581196
4610	838.030095759234	244.45811965811964
4634	742.2708618331053	266.33846153846156
4655	695.7592339261286	129.58632478632478
4679	803.8303693570452	256.76581196581196
4704	802.4623803009576	316.93675213675215
4727	780.5745554035568	161.03931623931624
4752	862.6538987688099	73.51794871794871
4780	824.3502051983585	185.65470085470085
4810	1076.060191518468	211.63760683760682
4835	783.3105335157319	210.27008547008546
4856	1002.1887824897402	266.33846153846156
4880	1002.1887824897402	266.33846153846156
4907	967.9890560875514	243.09059829059828
4929	1066.4842681258551	296.4239316239316
4951	931.0533515731875	226.68034188034184
4973	931.0533515731875	226.68034188034184
4997	1000.8207934336526	252.66324786324782
5021	965.2530779753762	345.6547008547008
5045	985.7729138166895	344.28717948717946
5065	985.7729138166895	344.28717948717946
5086	958.4131326949384	166.50940170940171
5110	992.6128590971273	252.66324786324782
5132	992.6128590971273	252.66324786324782
5155	1025.4445964432284	305.9965811965812
5176	1025.4445964432284	305.9965811965812
5197	973.4610123119015	296.4239316239316
5221	980.3009575923393	135.05641025641026
5244	980.3009575923393	135.05641025641026
5265	999.452804377565	264.97094017094014
5287	959.781121751026	234.88547008547008
5309	959.781121751026	234.88547008547008
5333	812.0383036935705	72.15042735042735
5352	809.3023255813954	243.09059829059828
5373	809.3023255813954	243.09059829059828
5396	948.8372093023256	148.73162393162394
5424	703.9671682626539	182.91965811965812
5445	935.1573187414501	206.16752136752137
5469	935.1573187414501	206.16752136752137
5496	958.4131326949384	310.0991452991453
5527	820.2462380300958	173.34700854700856
5551	650.6155950752395	193.85982905982902
5574	790.1504787961696	121.38119658119659
5597	883.1737346101231	173.34700854700856
5619	1017.2366621067033	156.93675213675215
5643	1074.6922024623805	156.93675213675215
5668	944.733242134063	284.11623931623933
5691	818.8782489740083	288.2188034188034
5715	844.8700410396717	237.6205128205128
5738	844.8700410396717	237.6205128205128
5760	1059.6443228454173	115.91111111111113
5780	936.5253077975376	118.64615384615385
5803	859.9179206566348	-65.96923076923076
5823	1026.812585499316	-76.90940170940172
5845	1052.8043775649796	36.59487179487179
5869	1052.8043775649796	36.59487179487179
5891	840.7660738714092	-11.268376068376067
5914	794.2544459644323	33.85982905982905
5937	910.5335157318741	-61.86666666666667
5970	896.8536251709986	130.95384615384614
5991	320.9302325581395	228.0478632478632
6015	320.9302325581395	228.0478632478632
6037	114.36388508891929	211.63760683760682
6057	589.0560875512996	55.74017094017094
6080	589.0560875512996	55.74017094017094
6102	325.03419972640216	-12.635897435897437
6123	-68.9466484268126	-15.37094017094017
6143	136.2517099863201	-19.473504273504275
6166	-145.55403556771546	407.19316239316237
6186	-26.5389876880985	-134.34529914529912
6207	33.652530779753754	-102.89230769230768
6227	167.71545827633378	-31.781196581196586
6251	149.93160054719561	37.96239316239316
6274	149.93160054719561	37.96239316239316
6298	314.09028727770175	-126.14017094017093
6325	333.24213406292745	-94.68717948717949
6349	275.78659370725035	-180.84102564102565
6375	-131.87414500683994	374.37264957264955
6405	164.97948016415867	120.01367521367523
6434	-90.83447332421342	118.64615384615385
6457	497.4008207934337	55.74017094017094
6480	532.96853625171	151.4666666666667
6504	292.202462380301	148.73162393162394
6528	363.3378932968537	218.47521367521367
6551	590.4240766073872	61.210256410256406
6574	419.42544459644324	171.9794871794872
6598	478.248974008208	9.244444444444444
6623	478.248974008208	9.244444444444444
6645	301.77838577291385	115.91111111111113
6669	-11.49110807113544	124.11623931623932
6694	-23.8030095759234	-56.396581196581195
6719	-34.74692202462381	-57.76410256410257
6738	-92.20246238030097	-171.26837606837606
6761	17.23666210670314	-5.798290598290599
6784	17.23666210670314	-5.798290598290599
6811	-14.227086183310542	-50.92649572649572
6838	22.708618331053344	55.74017094017094
6861	154.03556771545826	-14.003418803418805
6886	318.1942544459644	166.50940170940171
6916	100.68399452804377	13.347008547008546
6941	78.79616963064295	7.876923076923077
6964	206.0191518467852	140.52649572649574
6986	275.78659370725035	104.97094017094017
7010	315.4582763337893	36.59487179487179
7032	186.86730506155948	236.25299145299144
7058	186.86730506155948	236.25299145299144
7080	196.44322845417236	29.757264957264955
7104	148.56361149110805	-31.781196581196586
7132	155.40355677154582	130.95384615384614
7154	143.09165526675784	336.0820512820513
7175	184.1313269493844	122.74871794871795
7195	112.99589603283174	191.1247863247863
7215	112.99589603283174	191.1247863247863
7237	303.1463748290014	-33.14871794871795
7257	241.58686730506153	178.817094017094
7279	241.58686730506153	178.817094017094
7299	158.13953488372093	237.6205128205128
7323	589.0560875512996	326.5094017094017
7346	438.57729138166894	154.20170940170942
7367	454.99316005471957	207.53504273504274
7387	378.3857729138167	254.03076923076924
7409	512.4487004103967	115.91111111111113
7433	750.4787961696306	299.1589743589743
7455	676.6073871409028	169.24444444444444
7477	703.9671682626539	137.79145299145299
7500	564.4322845417237	222.57777777777775
7522	613.6798905608756	232.15042735042735
7547	694.3912448700411	244.45811965811964
7569	610.9439124487004	99.50085470085472
7591	605.4719562243503	221.2102564102564
7616	639.6716826265391	251.29572649572646
7666	474.1450068399453	259.5008547008547
7689	610.9439124487004	349.7572649572649
7711	610.9439124487004	349.7572649572649
7732	798.358413132695	88.56068376068377
7755	604.1039671682627	282.74871794871797
7779	721.7510259917921	-67.33675213675214
7802	736.7989056087551	200.69743589743587
7823	736.7989056087551	200.69743589743587
7848	687.5512995896032	104.97094017094017
7874	434.47332421340633	162.4068376068376
7897	467.3050615595076	177.44957264957264
7919	467.3050615595076	177.44957264957264
7943	541.1764705882354	223.94529914529912
7983	627.3597811217511	244.45811965811964
8008	625.9917920656635	243.09059829059828
8031	582.2161422708618	136.42393162393162
8053	582.2161422708618	136.42393162393162
8075	829.8221614227087	310.0991452991453
8099	590.4240766073872	267.7059829059829
8123	590.4240766073872	267.7059829059829
8145	740.9028727770178	252.66324786324782
8169	627.3597811217511	321.03931623931624
8195	780.5745554035568	144.62905982905983
8219	639.6716826265391	68.04786324786325
8241	857.1819425444597	126.85128205128207
8264	978.9329685362518	111.80854700854701
8286	1007.6607387140904	159.67179487179487
8306	1017.2366621067033	177.44957264957264
8329	684.8153214774281	47.53504273504273
8354	743.6388508891929	219.84273504273503
8376	910.5335157318741	233.5179487179487
8399	1074.6922024623805	278.6461538461539
8423	1074.6922024623805	278.6461538461539
8453	943.3652530779754	141.8940170940171
8480	883.1737346101231	322.4068376068376
8507	857.1819425444597	129.58632478632478
8531	1019.9726402188783	259.5008547008547
8559	981.6689466484269	295.05641025641023
8601	721.7510259917921	196.59487179487178
8624	980.3009575923393	184.2871794871795
8647	943.3652530779754	214.37264957264955
8671	850.341997264022	202.06495726495723
8694	944.733242134063	128.21880341880342
8717	944.733242134063	128.21880341880342
8741	937.8932968536252	182.91965811965812
8764	1014.5006839945281	1.0393162393162392
8788	1014.5006839945281	1.0393162393162392
8808	989.8768809849522	21.552136752136754
8829	989.8768809849522	21.552136752136754
8851	776.4705882352941	193.85982905982902
8871	946.1012311901505	40.697435897435895
8898	946.1012311901505	40.697435897435895
8922	799.7264021887826	57.107692307692304
8946	844.8700410396717	55.74017094017094
8969	625.9917920656635	74.88547008547009
8996	337.3461012311901	24.287179487179483
9019	433.10533515731873	46.16752136752137
9049	509.7127222982216	48.9025641025641
9073	464.56908344733245	-35.883760683760684
9096	452.2571819425445	-7.165811965811966
9125	264.84268125854993	10.611965811965812
9148	264.84268125854993	10.611965811965812
9172	490.56087551299595	102.23589743589744
9194	490.56087551299595	102.23589743589744
9217	426.265389876881	18.817094017094014
9242	639.6716826265391	140.52649572649574
9263	569.9042407660739	114.54358974358976
9295	590.4240766073872	-1.6957264957264961
9317	615.0478796169631	89.92820512820514
9341	684.8153214774281	-46.82393162393163
9363	667.03146374829	81.72307692307692
9386	667.03146374829	81.72307692307692
9409	723.1190150478797	27.02222222222222
9428	694.3912448700411	7.876923076923077
9453	694.3912448700411	7.876923076923077
9478	746.374829001368	57.107692307692304
9505	746.374829001368	57.107692307692304
9530	757.3187414500684	110.44102564102565
9557	801.09439124487	113.17606837606837
9582	665.6634746922024	63.94529914529914
9608	732.6949384404925	42.064957264957265
9632	732.6949384404925	42.064957264957265
9654	848.9740082079344	83.09059829059828
9678	645.1436388508893	150.0991452991453
9700	714.9110807113543	43.43247863247863
9721	714.9110807113543	43.43247863247863
9744	859.9179206566348	37.96239316239316
9767	844.8700410396717	22.919658119658116
9792	844.8700410396717	22.919658119658116
9815	796.9904240766075	76.25299145299145
9842	682.0793433652531	87.1931623931624
9866	682.0793433652531	87.1931623931624
9890	710.8071135430916	28.38974358974359
9914	760.0547195622436	6.509401709401709
9940	739.5348837209302	66.68034188034187
9961	739.5348837209302	66.68034188034187
9984	297.6744186046512	-105.62735042735044
10007	360.60191518467855	158.3042735042735
10028	360.60191518467855	158.3042735042735
10053	264.84268125854993	113.17606837606837
10077	282.6265389876881	204.8
10099	386.59370725034205	92.66324786324786
10122	386.59370725034205	92.66324786324786
10147	498.76880984952123	-4.430769230769231
10169	303.1463748290014	189.75726495726494
10193	303.1463748290014	189.75726495726494
10216	258.0027359781122	-82.37948717948719
10239	258.0027359781122	-82.37948717948719
10261	318.1942544459644	-33.14871794871795
10285	199.17920656634746	3.774358974358974
10307	371.54582763337896	31.124786324786324
10331	371.54582763337896	31.124786324786324
10360	344.18604651162786	47.53504273504273
10381	502.8727770177839	61.210256410256406
10404	486.4569083447333	85.82564102564102
10427	486.4569083447333	85.82564102564102
10448	349.6580027359781	-71.43931623931624
10470	580.8481532147744	-39.986324786324786
10494	580.8481532147744	-39.986324786324786
10514	537.0725034199727	9.244444444444444
10537	446.7852257181943	-78.27692307692308
10564	539.8084815321478	-16.73846153846154
10590	539.8084815321478	-16.73846153846154
10613	17.23666210670314	-119.3025641025641
10637	17.23666210670314	-119.3025641025641
10662	268.9466484268126	-30.41367521367522
10687	195.0752393980848	24.287179487179483
10711	296.30642954856364	55.74017094017094
10735	270.31463748290014	66.68034188034187
10757	114.36388508891929	6.509401709401709
10780	286.73050615595076	91.2957264957265
10805	132.14774281805745	66.68034188034187
10826	132.14774281805745	66.68034188034187
10848	366.07387140902875	16.08205128205128
10871	290.83447332421343	187.0222222222222
10895	290.83447332421343	187.0222222222222
10917	315.4582763337893	130.95384615384614
10944	471.4090287277702	133.6888888888889
10968	349.6580027359781	77.62051282051281
10989	329.13816689466483	-37.251282051282054
11014	318.1942544459644	74.88547008547009
11041	318.1942544459644	74.88547008547009
11066	244.32284541723664	102.23589743589744
11091	277.1545827633379	210.27008547008546
11116	326.4021887824897	125.48376068376068
11142	465.93707250342	214.37264957264955
11183	352.39398084815326	141.8940170940171
11207	359.233926128591	226.68034188034184
11232	359.233926128591	226.68034188034184
11254	296.30642954856364	166.50940170940171
11279	416.6894664842681	226.68034188034184
11303	416.6894664842681	226.68034188034184
11327	394.80164158686733	100.86837606837607
11350	382.4897400820794	126.85128205128207
11372	382.4897400820794	126.85128205128207
11393	401.64158686730514	178.817094017094
11417	439.94528043775654	281.3811965811966
11439	439.94528043775654	281.3811965811966
11459	411.2175102599179	144.62905982905983
11482	526.1285909712723	248.56068376068373
11508	567.1682626538988	166.50940170940171
11536	567.1682626538988	166.50940170940171
11558	459.09712722298224	84.45811965811966
11580	490.56087551299595	173.34700854700856
11603	590.4240766073872	99.50085470085472
11625	590.4240766073872	99.50085470085472
11648	582.2161422708618	69.41538461538461
11669	582.2161422708618	69.41538461538461
11698	594.5280437756498	177.44957264957264
11722	545.2804377564979	132.32136752136753
11745	513.8166894664843	145.99658119658122
11764	393.4336525307798	208.9025641025641
11785	413.95348837209303	84.45811965811966
11808	413.95348837209303	84.45811965811966
11829	420.7934336525308	91.2957264957265
11852	294.93844049247605	122.74871794871795
11892	528.8645690834473	44.8
11912	349.6580027359781	176.08205128205128
11935	349.6580027359781	176.08205128205128
11955	290.83447332421343	155.56923076923078
11982	331.8741450068399	35.22735042735042
12011	479.61696306429553	96.76581196581198
12036	479.61696306429553	96.76581196581198
12058	386.59370725034205	85.82564102564102
12081	386.59370725034205	85.82564102564102
12104	311.3543091655266	115.91111111111113
12128	175.9233926128591	33.85982905982905
12150	430.36935704514366	111.80854700854701
12169	430.36935704514366	111.80854700854701
12191	413.95348837209303	229.41538461538462
12214	578.1121751025992	238.98803418803416
12251	238.85088919288643	191.1247863247863
12278	465.93707250342	152.83418803418806
12299	465.93707250342	152.83418803418806
12320	346.922024623803	195.22735042735042
12343	401.64158686730514	219.84273504273503
12365	401.64158686730514	219.84273504273503
12392	301.77838577291385	234.88547008547008
12416	266.21067031463747	219.84273504273503
12441	403.0095759233927	110.44102564102565
12465	318.1942544459644	130.95384615384614
12489	223.8030095759234	137.79145299145299
12516	323.6662106703146	74.88547008547009
12538	323.6662106703146	74.88547008547009
12570	415.3214774281806	241.72307692307692
12603	382.4897400820794	154.20170940170942
12627	435.84131326949387	166.50940170940171
12650	504.2407660738715	264.97094017094014
12678	452.2571819425445	111.80854700854701
12706	452.2571819425445	111.80854700854701
12751	478.248974008208	163.774358974359
12777	429.0013679890561	187.0222222222222
12802	517.9206566347469	161.03931623931624
12827	631.4637482900138	196.59487179487178
12850	631.4637482900138	196.59487179487178
12876	651.983584131327	158.3042735042735
12901	552.1203830369358	252.66324786324782
12931	593.1600547195623	187.0222222222222
12953	624.623803009576	167.87692307692308
12976	624.623803009576	167.87692307692308
12997	561.6963064295486	207.53504273504274
13026	612.311901504788	277.27863247863246
13047	698.4952120383036	247.19316239316237
13068	698.4952120383036	247.19316239316237
13091	639.6716826265391	200.69743589743587
13117	639.6716826265391	200.69743589743587
13144	635.5677154582764	278.6461538461539
13169	612.311901504788	155.56923076923078
13193	561.6963064295486	311.46666666666664
13218	597.2640218878249	66.68034188034187
13244	426.265389876881	111.80854700854701
13267	580.8481532147744	57.107692307692304
13297	493.296853625171	46.16752136752137
13326	423.5294117647059	150.0991452991453
13350	554.8563611491109	133.6888888888889
13373	604.1039671682627	80.35555555555555
13394	575.3761969904241	53.0051282051282
13418	619.1518467852258	85.82564102564102
13442	619.1518467852258	85.82564102564102
13462	549.3844049247606	263.6034188034188
13483	549.3844049247606	263.6034188034188
13504	760.0547195622436	147.36410256410258
13525	669.767441860465	255.3982905982906
13545	695.7592339261286	252.66324786324782
13567	427.6333789329685	109.07350427350428
13589	651.983584131327	140.52649572649574
13611	651.983584131327	140.52649572649574
13633	576.7441860465117	230.782905982906
13657	650.6155950752395	187.0222222222222
13679	650.6155950752395	187.0222222222222
13701	593.1600547195623	207.53504273504274
13725	653.3515731874146	270.44102564102565
13747	616.4158686730507	53.0051282051282
13771	616.4158686730507	53.0051282051282
13795	601.3679890560876	128.21880341880342
13817	601.3679890560876	128.21880341880342
13840	754.5827633378933	107.70598290598292
13862	796.9904240766075	111.80854700854701
13883	653.3515731874146	87.1931623931624
13905	649.2476060191519	196.59487179487178
13929	563.0642954856362	338.817094017094
13950	563.0642954856362	338.817094017094
13973	688.9192886456908	295.05641025641023
13995	772.3666210670315	158.3042735042735
14017	772.3666210670315	158.3042735042735
14039	471.4090287277702	128.21880341880342
14062	248.4268125854993	154.20170940170942
14085	303.1463748290014	193.85982905982902
14107	303.1463748290014	193.85982905982902
14128	382.4897400820794	273.1760683760684
14149	360.60191518467855	171.9794871794872
14169	335.9781121751026	107.70598290598292
14191	335.9781121751026	107.70598290598292
14215	263.4746922024624	281.3811965811966
14240	493.296853625171	348.38974358974355
14265	398.90560875513	193.85982905982902
14302	290.83447332421343	222.57777777777775
14325	149.93160054719561	163.774358974359
14347	149.93160054719561	163.774358974359
14367	262.1067031463748	229.41538461538462
14388	204.65116279069767	202.06495726495723
14413	204.65116279069767	202.06495726495723
14436	270.31463748290014	155.56923076923078
14459	279.890560875513	228.0478632478632
14480	279.890560875513	228.0478632478632
14500	286.73050615595076	197.96239316239314
14524	122.5718194254446	158.3042735042735
14551	155.40355677154582	141.8940170940171
14573	256.6347469220246	225.31282051282048
14597	392.06566347469226	62.577777777777776
14621	392.06566347469226	62.577777777777776
14643	434.47332421340633	81.72307692307692
14670	303.1463748290014	204.8
14693	422.1614227086183	126.85128205128207
14717	340.08207934336525	192.49230769230766
14736	405.74555403556775	241.72307692307692
14760	493.296853625171	110.44102564102565
14783	493.296853625171	110.44102564102565
14809	297.6744186046512	202.06495726495723
14837	319.56224350205196	288.2188034188034
14863	48.70041039671682	156.93675213675215
14887	48.70041039671682	156.93675213675215
14914	182.76333789329686	191.1247863247863
14943	281.25854993160056	193.85982905982902
14966	285.3625170998632	264.97094017094014
14990	285.3625170998632	264.97094017094014
15012	381.12175102599184	374.37264957264955
15037	480.98495212038307	772.3213675213675
15061	687.5512995896032	913.1760683760683
15082	687.5512995896032	913.1760683760683
15104	210.12311901504788	816.0820512820512
15127	307.25034199726406	590.4410256410256
15150	396.1696306429549	549.4153846153846
15174	457.7291381668947	537.1076923076923
15202	631.4637482900138	604.1162393162393
15226	512.4487004103967	420.868376068376
15267	642.4076607387142	515.2273504273504
15291	642.4076607387142	515.2273504273504
15316	593.1600547195623	433.1760683760684
15344	687.5512995896032	507.02222222222224
15368	639.6716826265391	531.6376068376069
15396	642.4076607387142	442.7487179487179
15422	642.4076607387142	442.7487179487179
15445	449.52120383036936	392.1504273504274
15468	560.328317373461	315.5692307692307
15490	560.328317373461	315.5692307692307
15512	650.6155950752395	330.61196581196583
15536	580.8481532147744	463.2615384615384
15558	408.4815321477429	419.50085470085463
15581	408.4815321477429	419.50085470085463
15603	546.6484268125855	474.2017094017094
15626	546.6484268125855	474.2017094017094
15649	486.4569083447333	405.825641025641
15671	584.952120383037	568.5606837606837
15694	584.952120383037	568.5606837606837
15716	530.232558139535	470.0991452991452
15739	590.4240766073872	463.2615384615384
15763	657.4555403556772	433.1760683760684
15786	657.4555403556772	433.1760683760684
15808	646.5116279069769	408.56068376068373
15831	775.1025991792067	497.4495726495727
15854	775.1025991792067	497.4495726495727
15874	624.623803009576	316.93675213675215
15896	513.8166894664843	445.48376068376064
15917	513.8166894664843	445.48376068376064
15939	643.7756497948017	444.1162393162393
15959	619.1518467852258	441.38119658119655
15980	619.1518467852258	441.38119658119655
16002	621.8878248974008	411.29572649572646
16034	627.3597811217511	370.27008547008546
16061	627.3597811217511	370.27008547008546
16084	839.3980848153216	310.0991452991453
16105	784.6785225718195	360.69743589743587
16126	784.6785225718195	360.69743589743587
16149	777.8385772913817	364.79999999999995
16172	792.8864569083448	338.817094017094
16195	691.6552667578659	315.5692307692307
16217	600.0	241.72307692307692
16240	591.7920656634748	315.5692307692307
16263	654.7195622435021	385.3128205128205
16284	654.7195622435021	385.3128205128205
16309	861.2859097127223	422.23589743589747
16333	861.2859097127223	422.23589743589747
16353	775.1025991792067	401.7230769230769
16378	616.4158686730507	420.868376068376
16401	616.4158686730507	420.868376068376
16423	784.6785225718195	456.4239316239316
16446	888.6456908344733	441.38119658119655
16469	452.2571819425445	426.33846153846156
16492	452.2571819425445	426.33846153846156
16514	164.97948016415867	550.782905982906
16535	103.41997264021887	336.0820512820513
16560	274.4186046511628	262.2358974358974
16581	-74.41860465116281	271.808547008547
16603	56.908344733242124	467.3641025641025
16626	56.908344733242124	467.3641025641025
16648	25.44459644322845	181.55213675213676
16673	281.25854993160056	211.63760683760682
16697	279.890560875513	360.69743589743587
16720	163.61149110807114	255.3982905982906
16741	112.99589603283174	388.04786324786323
16768	149.93160054719561	234.88547008547008
16795	44.59644322845416	481.03931623931624
16829	159.50752393980846	435.9111111111111
16851	289.46648426812584	218.47521367521367
16872	107.52393980848153	351.12478632478627
16893	107.52393980848153	351.12478632478627
16931	190.97127222982215	148.73162393162394
16977	504.2407660738715	254.03076923076924
17005	229.2749658002736	259.5008547008547
17030	290.83447332421343	234.88547008547008
17055	290.83447332421343	234.88547008547008
17079	574.0082079343366	188.38974358974357
17106	464.56908344733245	147.36410256410258
17128	497.4008207934337	158.3042735042735
17153	519.2886456908345	46.16752136752137
17177	349.6580027359781	169.24444444444444
17200	268.9466484268126	177.44957264957264
17226	293.5704514363885	285.4837606837607
17249	541.1764705882354	255.3982905982906
17271	426.265389876881	368.9025641025641
17293	426.265389876881	368.9025641025641
17324	642.4076607387142	244.45811965811964
17354	467.3050615595076	269.0735042735043
17377	572.640218878249	307.36410256410255
17399	480.98495212038307	217.1076923076923
17424	480.98495212038307	217.1076923076923
17453	502.8727770177839	293.68888888888887
17478	387.9616963064296	273.1760683760684
17517	513.8166894664843	158.3042735042735
17543	445.41723666210675	61.210256410256406
17567	385.2257181942545	-18.105982905982906
17591	315.4582763337893	237.6205128205128
17615	427.6333789329685	204.8
17639	434.47332421340633	247.19316239316237
17678	719.015047879617	211.63760683760682
17702	792.8864569083448	17.44957264957265
17733	755.9507523939809	225.31282051282048
17761	755.9507523939809	225.31282051282048
17781	635.5677154582764	27.02222222222222
17808	616.4158686730507	355.2273504273504
17830	590.4240766073872	575.3982905982906
17855	595.8960328317374	621.894017094017
17877	329.13816689466483	650.6119658119658
17904	364.7058823529412	665.6547008547009
17926	765.5266757865937	552.1504273504273
17947	791.5184678522572	258.1333333333333
17968	791.5184678522572	258.1333333333333
17990	610.9439124487004	217.1076923076923
18013	600.0	59.84273504273504
18034	610.9439124487004	16.08205128205128
18062	610.9439124487004	16.08205128205128
18084	597.2640218878249	113.17606837606837
18108	616.4158686730507	27.02222222222222
18130	616.4158686730507	27.02222222222222
18150	552.1203830369358	104.97094017094017
18173	552.1203830369358	104.97094017094017
18201	608.2079343365253	184.2871794871795
18232	612.311901504788	222.57777777777775
18269	616.4158686730507	122.74871794871795
18289	645.1436388508893	107.70598290598292
18309	511.0807113543092	133.6888888888889
18331	511.0807113543092	133.6888888888889
18355	796.9904240766075	98.13333333333334
18377	676.6073871409028	163.774358974359
18401	713.5430916552667	267.7059829059829
18424	639.6716826265391	110.44102564102565
18445	713.5430916552667	243.09059829059828
18473	874.9658002735978	234.88547008547008
18496	874.9658002735978	234.88547008547008
18516	955.6771545827634	419.50085470085463
18540	776.4705882352941	367.53504273504274
18562	981.6689466484269	185.65470085470085
18596	1107.5239398084816	129.58632478632478
18616	779.2065663474692	221.2102564102564
18639	807.9343365253079	241.72307692307692
18672	710.8071135430916	203.43247863247865
18695	825.7181942544461	171.9794871794872
18720	874.9658002735978	192.49230769230766
18739	679.343365253078	132.32136752136753
18763	679.343365253078	132.32136752136753
18783	630.0957592339262	173.34700854700856
18806	701.2311901504788	155.56923076923078
18830	701.2311901504788	155.56923076923078
18852	694.3912448700411	27.02222222222222
18872	651.983584131327	37.96239316239316
18894	709.439124487004	-76.90940170940172
18917	916.0054719562244	155.56923076923078
18941	916.0054719562244	155.56923076923078
18964	996.71682626539	252.66324786324782
18986	866.7578659370724	267.7059829059829
19014	857.1819425444597	199.3299145299145
19041	857.1819425444597	199.3299145299145
19070	932.4213406292749	204.8
19101	929.6853625170999	248.56068376068373
19127	965.2530779753762	281.3811965811966
19153	851.7099863201096	278.6461538461539
19182	859.9179206566348	359.3299145299145
19205	859.9179206566348	359.3299145299145
19231	816.1422708618331	282.74871794871797
19254	762.7906976744187	207.53504273504274
19278	780.5745554035568	170.61196581196583
19298	795.6224350205199	251.29572649572646
19320	1017.2366621067033	210.27008547008546
19342	914.6374829001368	263.6034188034188
19366	896.8536251709986	177.44957264957264
19387	880.437756497948	208.9025641025641
19408	880.437756497948	208.9025641025641
19432	1017.2366621067033	258.1333333333333
19457	920.109439124487	180.18461538461537
19482	792.8864569083448	215.7401709401709
19510	697.1272229822162	219.84273504273503
19537	844.8700410396717	331.9794871794872
19564	848.9740082079344	282.74871794871797
19588	781.9425444596444	210.27008547008546
19613	781.9425444596444	210.27008547008546
19645	617.7838577291383	173.34700854700856
19665	933.7893296853625	240.35555555555553
19694	765.5266757865937	199.3299145299145
19717	920.109439124487	357.96239316239314
19738	920.109439124487	357.96239316239314
19759	509.7127222982216	229.41538461538462
19782	419.42544459644324	301.89401709401704
19806	392.06566347469226	254.03076923076924
19829	392.06566347469226	107.70598290598292
19851	364.7058823529412	126.85128205128207
19874	289.46648426812584	230.782905982906
19895	318.1942544459644	166.50940170940171
19915	340.08207934336525	263.6034188034188
19939	340.08207934336525	263.6034188034188
19961	211.49110807113541	241.72307692307692
19984	320.9302325581395	232.15042735042735
20003	163.61149110807114	170.61196581196583
20023	329.13816689466483	102.23589743589744
20045	247.05882352941174	98.13333333333334
20066	312.7222982216142	208.9025641025641
20089	181.3953488372093	144.62905982905983
20113	196.44322845417236	128.21880341880342
20134	367.4418604651163	213.0051282051282
20155	498.76880984952123	285.4837606837607
20180	392.06566347469226	277.27863247863246
20199	392.06566347469226	277.27863247863246
20223	392.06566347469226	308.7316239316239
20248	460.4651162790698	213.0051282051282
20269	460.4651162790698	213.0051282051282
20290	281.25854993160056	280.01367521367524
20312	281.25854993160056	280.01367521367524
20333	218.3310533515732	211.63760683760682
20355	502.8727770177839	228.0478632478632
20378	502.8727770177839	228.0478632478632
20399	296.30642954856364	270.44102564102565
20438	136.2517099863201	251.29572649572646
20462	164.97948016415867	213.0051282051282
20487	393.4336525307798	255.3982905982906
20510	393.4336525307798	255.3982905982906
20532	701.2311901504788	285.4837606837607
20553	439.94528043775654	341.55213675213673
20578	627.3597811217511	271.808547008547
20602	627.3597811217511	271.808547008547
20624	493.296853625171	185.65470085470085
20646	493.296853625171	185.65470085470085
20669	504.2407660738715	304.6290598290598
20695	504.2407660738715	206.16752136752137
20715	504.2407660738715	206.16752136752137
20740	615.0478796169631	284.11623931623933
20763	646.5116279069769	240.35555555555553
20785	646.5116279069769	240.35555555555553
20807	677.9753761969904	169.24444444444444
20829	720.3830369357045	136.42393162393162
20851	627.3597811217511	110.44102564102565
20875	651.983584131327	135.05641025641026
20899	714.9110807113543	214.37264957264955
20922	694.3912448700411	226.68034188034184
20947	714.9110807113543	243.09059829059828
20971	662.9274965800273	297.79145299145296
20995	781.9425444596444	262.2358974358974
21018	850.341997264022	248.56068376068373
21038	738.1668946648427	188.38974358974357
21063	777.8385772913817	210.27008547008546
21084	801.09439124487	241.72307692307692
21107	835.2941176470589	318.3042735042735
21129	842.1340629274966	124.11623931623932
21149	1018.6046511627907	204.8
21170	1081.532147742818	259.5008547008547
21192	1015.8686730506157	418.13333333333327
21213	1015.8686730506157	418.13333333333327
21244	1028.1805745554036	278.6461538461539
21268	754.5827633378933	275.9111111111111
21289	881.8057455540355	362.06495726495723
21310	1166.3474692202462	357.96239316239314
21331	831.1901504787962	215.7401709401709
21356	770.998632010944	260.86837606837605
21381	770.998632010944	260.86837606837605
21407	941.9972640218879	333.34700854700856
21431	1044.5964432284543	303.26153846153846
21455	1044.5964432284543	303.26153846153846
21478	853.0779753761971	347.0222222222222
21503	963.8850889192887	342.9196581196581
21525	920.109439124487	232.15042735042735
21549	920.109439124487	232.15042735042735
21571	900.9575923392613	222.57777777777775
21592	939.2612859097128	371.6376068376068
21615	939.2612859097128	371.6376068376068
21638	794.2544459644323	322.4068376068376
21664	939.2612859097128	263.6034188034188
21688	928.3173734610124	267.7059829059829
21712	1058.2763337893298	280.01367521367524
21735	1078.796169630643	171.9794871794872
21761	1078.796169630643	171.9794871794872
21787	929.6853625170999	311.46666666666664
21810	932.4213406292749	241.72307692307692
21833	1015.8686730506157	256.76581196581196
21859	943.3652530779754	211.63760683760682
21899	972.093023255814	269.0735042735043
21936	1232.0109439124487	393.51794871794874
21957	1093.844049247606	259.5008547008547
21980	1093.844049247606	259.5008547008547
22002	1081.532147742818	196.59487179487178
22020	896.8536251709986	191.1247863247863
22044	896.8536251709986	191.1247863247863
22065	995.3488372093024	345.6547008547008
22087	995.3488372093024	345.6547008547008
22108	1166.3474692202462	333.34700854700856
22128	1166.3474692202462	333.34700854700856
22149	950.2051983584132	203.43247863247865
22204	237.4829001367989	281.3811965811966
22226	171.81942544459645	188.38974358974357
22244	375.64979480164163	258.1333333333333
22265	349.6580027359781	331.9794871794872
22311	182.76333789329686	293.68888888888887
22331	416.6894664842681	277.27863247863246
22353	416.6894664842681	277.27863247863246
22375	371.54582763337896	284.11623931623933
22399	267.578659370725	299.1589743589743
22419	232.0109439124487	188.38974358974357
22442	260.73871409028726	247.19316239316237
22461	260.73871409028726	247.19316239316237
22483	383.8577291381669	295.05641025641023
22506	155.40355677154582	353.85982905982905
22529	155.40355677154582	353.85982905982905
22553	268.9466484268126	252.66324786324782
22576	199.17920656634746	234.88547008547008
22598	471.4090287277702	206.16752136752137
22624	215.59507523939808	229.41538461538462
22647	256.6347469220246	143.26153846153846
22668	476.8809849521204	273.1760683760684
22689	476.8809849521204	273.1760683760684
22712	397.53761969904247	342.9196581196581
22734	253.8987688098495	308.7316239316239
22757	530.232558139535	280.01367521367524
22781	530.232558139535	280.01367521367524
22802	467.3050615595076	342.9196581196581
22827	407.11354309165534	340.18461538461537
22849	423.5294117647059	337.44957264957264
22869	383.8577291381669	331.9794871794872
22889	383.8577291381669	331.9794871794872
22910	190.97127222982215	412.6632478632478
22933	368.8098495212039	356.5948717948718
22959	375.64979480164163	338.817094017094
22981	364.7058823529412	461.89401709401704
23006	307.25034199726406	238.98803418803416
23027	258.0027359781122	327.87692307692305
23049	258.0027359781122	327.87692307692305
23068	366.07387140902875	367.53504273504274
23097	253.8987688098495	319.6717948717949
23117	253.8987688098495	319.6717948717949
23139	283.99452804377563	260.86837606837605
23160	283.99452804377563	260.86837606837605
23182	307.25034199726406	256.76581196581196
23205	312.7222982216142	297.79145299145296
23227	312.7222982216142	297.79145299145296
23247	356.4979480164159	341.55213675213673
23270	227.90697674418604	292.3213675213675
23293	461.83310533515737	394.8854700854701
23315	263.4746922024624	284.11623931623933
23344	356.4979480164159	404.45811965811964
23365	483.7209302325582	366.1675213675214
23386	483.7209302325582	366.1675213675214
23414	505.608755129959	364.79999999999995
23447	439.94528043775654	457.79145299145296
23473	557.5923392612859	360.69743589743587
23499	509.7127222982216	277.27863247863246
23522	612.311901504788	347.0222222222222
23547	600.0	329.24444444444447
23571	418.0574555403557	412.6632478632478
23597	418.0574555403557	412.6632478632478
23621	610.9439124487004	377.1076923076923
23645	665.6634746922024	297.79145299145296
23670	517.9206566347469	295.05641025641023
23695	638.3036935704515	310.0991452991453
23717	720.3830369357045	349.7572649572649
23742	454.99316005471957	240.35555555555553
23767	389.3296853625171	325.1418803418803
23791	429.0013679890561	393.51794871794874
23814	442.6812585499316	251.29572649572646
23840	528.8645690834473	327.87692307692305
23862	586.3201094391245	156.93675213675215
23893	627.3597811217511	204.8
23914	669.767441860465	207.53504273504274
23937	658.8235294117648	187.0222222222222
23960	702.5991792065663	219.84273504273503
23981	563.0642954856362	177.44957264957264
24003	553.4883720930233	244.45811965811964
24025	553.4883720930233	244.45811965811964
24046	651.983584131327	176.08205128205128
24070	621.8878248974008	288.2188034188034
24094	621.8878248974008	288.2188034188034
24113	575.3761969904241	273.1760683760684
24142	840.7660738714092	244.45811965811964
24174	684.8153214774281	316.93675213675215
24197	772.3666210670315	336.0820512820513
24236	710.8071135430916	290.95384615384614
24258	594.5280437756498	213.0051282051282
24279	653.3515731874146	237.6205128205128
24302	653.3515731874146	237.6205128205128
24322	846.2380300957593	383.94529914529915
24347	931.0533515731875	371.6376068376068
24370	931.0533515731875	371.6376068376068
24388	755.9507523939809	366.1675213675214
24410	777.8385772913817	408.56068376068373
24432	777.8385772913817	408.56068376068373
24453	824.3502051983585	445.48376068376064
24479	854.4459644322847	397.62051282051283
24503	766.8946648426813	381.2102564102564
24525	766.8946648426813	381.2102564102564
24547	859.9179206566348	403.0905982905983
24567	1043.2284541723666	338.817094017094
24594	1043.2284541723666	338.817094017094
24617	925.5813953488372	474.2017094017094
24639	925.5813953488372	474.2017094017094
24662	1045.9644322845418	340.18461538461537
24685	1000.8207934336526	363.4324786324786
24709	892.7496580027359	267.7059829059829
24730	892.7496580027359	267.7059829059829
24753	869.4938440492476	273.1760683760684
24778	1002.1887824897402	388.04786324786323
24802	810.670314637483	304.6290598290598
24823	928.3173734610124	414.0307692307692
24844	884.5417236662107	226.68034188034184
24864	884.5417236662107	226.68034188034184
24885	935.1573187414501	244.45811965811964
24910	921.4774281805745	240.35555555555553
24931	984.404924760602	345.6547008547008
24954	984.404924760602	345.6547008547008
24978	984.404924760602	345.6547008547008
24998	948.8372093023256	225.31282051282048
25022	854.4459644322847	315.5692307692307
25045	598.6320109439125	412.6632478632478
25067	598.6320109439125	412.6632478632478
25091	836.6621067031465	211.63760683760682
25115	721.7510259917921	215.7401709401709
25139	775.1025991792067	204.8
25163	775.1025991792067	204.8
25185	-22.43502051983585	137.79145299145299
25207	232.0109439124487	232.15042735042735
25231	232.0109439124487	232.15042735042735
25254	59.64432284541723	154.20170940170942
25275	201.91518467852256	185.65470085470085
25298	201.91518467852256	185.65470085470085
25321	25.44459644322845	232.15042735042735
25344	25.44459644322845	232.15042735042735
25366	74.6922024623803	207.53504273504274
25390	52.804377564979475	184.2871794871795
25414	315.4582763337893	230.782905982906
25441	315.4582763337893	230.782905982906
25465	322.29822161422703	408.56068376068373
25490	798.358413132695	623.2615384615385
25527	728.5909712722298	645.1418803418803
25551	154.03556771545826	457.79145299145296
25574	264.84268125854993	740.868376068376
25599	264.84268125854993	740.868376068376
25625	238.85088919288643	490.6119658119658
25647	147.1956224350205	512.4923076923077
25669	149.93160054719561	523.4324786324787
25693	149.93160054719561	523.4324786324787
25716	286.73050615595076	533.0051282051282
25740	262.1067031463748	528.9025641025642
25762	242.9548563611491	467.3641025641025
25786	434.47332421340633	490.6119658119658
25810	431.7373461012312	388.04786324786323
25835	448.1532147742818	430.44102564102565
25858	479.61696306429553	583.6034188034188
25879	334.61012311901504	524.8000000000001
25907	218.3310533515732	507.02222222222224
25930	242.9548563611491	487.87692307692305
25956	435.84131326949387	502.91965811965815
25980	464.56908344733245	520.6974358974359
26010	538.4404924760602	550.782905982906
26032	538.4404924760602	550.782905982906
26054	377.01778385772917	497.4495726495727
26077	377.01778385772917	497.4495726495727
26098	377.01778385772917	565.825641025641
26121	497.4008207934337	658.817094017094
26142	497.4008207934337	658.817094017094
26164	552.1203830369358	448.2188034188034
26186	827.0861833105336	549.4153846153846
26209	827.0861833105336	549.4153846153846
26230	801.09439124487	638.3042735042735
26254	939.2612859097128	661.5521367521367
26277	758.686730506156	453.68888888888887
26301	743.6388508891929	512.4923076923077
26323	705.3351573187415	419.50085470085463
26344	825.7181942544461	382.5777777777778
26367	825.7181942544461	382.5777777777778
26388	836.6621067031465	475.5692307692308
26408	836.6621067031465	475.5692307692308
26430	749.1108071135432	539.8427350427351
26451	833.9261285909713	567.1931623931623
26472	833.9261285909713	567.1931623931623
26494	1110.2599179206568	556.2529914529914
26516	910.5335157318741	496.0820512820512
26559	862.6538987688099	476.93675213675215
26585	861.2859097127223	569.928205128205
26608	861.2859097127223	569.928205128205
26631	1059.6443228454173	526.1675213675214
26655	1175.923392612859	557.6205128205128
26677	894.1176470588235	452.3213675213675
26699	892.7496580027359	408.56068376068373
26721	868.12585499316	516.5948717948718
26743	962.5170998632011	636.9367521367521
26766	946.1012311901505	613.6888888888889
26787	865.389876880985	440.0136752136752
26814	641.0396716826266	405.825641025641
26834	790.1504787961696	290.95384615384614
26858	859.9179206566348	483.77435897435896
26879	836.6621067031465	530.2700854700855
26898	790.1504787961696	289.5863247863248
26921	650.6155950752395	377.1076923076923
26977	465.93707250342	445.48376068376064
26999	278.5225718194254	243.09059829059828
27023	653.3515731874146	251.29572649572646
27048	277.1545827633379	310.0991452991453
27076	270.31463748290014	295.05641025641023
27098	331.8741450068399	355.2273504273504
27121	293.5704514363885	290.95384615384614
27142	293.5704514363885	290.95384615384614
27167	314.09028727770175	348.38974358974355
27190	386.59370725034205	323.77435897435896
27214	386.59370725034205	323.77435897435896
27239	426.265389876881	464.62905982905977
27264	330.5061559507524	296.4239316239316
27290	288.0984952120383	460.5264957264957
27314	288.0984952120383	460.5264957264957
27335	266.21067031463747	450.95384615384614
27362	353.7619699042408	301.89401709401704
27385	175.9233926128591	371.6376068376068
27408	175.9233926128591	371.6376068376068
27431	309.98632010943913	295.05641025641023
27460	331.8741450068399	337.44957264957264
27481	352.39398084815326	323.77435897435896
27506	212.85909712722298	337.44957264957264
27529	367.4418604651163	326.5094017094017
27556	325.03419972640216	267.7059829059829
27580	311.3543091655266	305.9965811965812
27606	216.96306429548562	414.0307692307692
27632	556.2243502051983	409.9282051282051
27659	491.9288645690835	424.9709401709402
27683	571.2722298221614	463.2615384615384
27709	374.2818057455541	465.99658119658113
27735	448.1532147742818	445.48376068376064
27760	465.93707250342	445.48376068376064
27783	587.6880984952121	415.39829059829054
27805	445.41723666210675	433.1760683760684
27829	597.2640218878249	345.6547008547008
27853	597.2640218878249	345.6547008547008
27875	506.9767441860466	485.1418803418803
27903	654.7195622435021	468.73162393162386
27925	558.9603283173735	412.6632478632478
27949	558.9603283173735	412.6632478632478
27971	641.0396716826266	371.6376068376068
27996	550.7523939808482	385.3128205128205
28022	397.53761969904247	623.2615384615385
28048	397.53761969904247	623.2615384615385
28072	709.439124487004	416.7658119658119
28095	470.04103967168265	452.3213675213675
28126	695.7592339261286	345.6547008547008
28151	465.93707250342	455.05641025641023
28176	557.5923392612859	483.77435897435896
28197	620.5198358413134	453.68888888888887
28220	620.5198358413134	453.68888888888887
28243	597.2640218878249	582.2358974358974
28266	605.4719562243503	505.6547008547009
28288	549.3844049247606	490.6119658119658
28309	308.6183310533516	463.2615384615384
28330	297.6744186046512	583.6034188034188
28351	297.6744186046512	583.6034188034188
28373	457.7291381668947	564.4581196581196
28393	427.6333789329685	595.911111111111
28414	427.6333789329685	595.911111111111
28436	513.8166894664843	620.5264957264957
28458	415.3214774281806	528.9025641025642
28479	415.3214774281806	528.9025641025642
28500	561.6963064295486	475.5692307692308
28521	482.3529411764706	569.928205128205
28545	482.3529411764706	569.928205128205
28567	524.7606019151847	505.6547008547009
28589	524.7606019151847	505.6547008547009
28611	621.8878248974008	586.3384615384615
28642	564.4322845417237	616.4239316239316
28666	574.0082079343366	546.6803418803419
28689	574.0082079343366	546.6803418803419
28711	548.0164158686731	597.2786324786325
28735	546.6484268125855	520.6974358974359
28758	697.1272229822162	563.0905982905982
28778	697.1272229822162	563.0905982905982
28802	653.3515731874146	601.3811965811966
28824	475.51299589603286	558.9880341880341
28847	497.4008207934337	595.911111111111
28867	620.5198358413134	530.2700854700855
28888	604.1039671682627	542.5777777777778
28910	502.8727770177839	431.808547008547
28933	709.439124487004	546.6803418803419
28957	452.2571819425445	625.9965811965812
28981	452.2571819425445	468.73162393162386
29002	532.96853625171	587.7059829059829
29024	605.4719562243503	620.5264957264957
29047	661.5595075239398	574.0307692307692
29073	709.439124487004	617.791452991453
29096	549.3844049247606	459.1589743589743
29117	549.3844049247606	459.1589743589743
29140	569.9042407660739	734.0307692307692
29162	617.7838577291383	452.3213675213675
29192	709.439124487004	262.2358974358974
29212	709.439124487004	262.2358974358974
29235	539.8084815321478	236.25299145299144
29257	582.2161422708618	326.5094017094017
29281	582.2161422708618	326.5094017094017
29301	497.4008207934337	236.25299145299144
29321	576.7441860465117	360.69743589743587
29344	524.7606019151847	191.1247863247863
29366	675.2393980848153	215.7401709401709
29390	675.2393980848153	215.7401709401709
29415	550.7523939808482	243.09059829059828
29436	672.5034199726402	321.03931623931624
29458	558.9603283173735	340.18461538461537
29492	482.3529411764706	270.44102564102565
29512	482.3529411764706	270.44102564102565
29531	617.7838577291383	327.87692307692305
29555	731.3269493844049	375.7401709401709
29579	731.3269493844049	375.7401709401709
29601	643.7756497948017	345.6547008547008
29623	500.1367989056088	280.01367521367524
29648	500.1367989056088	280.01367521367524
29674	693.0232558139535	314.20170940170937
29698	693.0232558139535	314.20170940170937
29725	664.2954856361149	340.18461538461537
29751	582.2161422708618	323.77435897435896
29775	441.3132694938441	323.77435897435896
29800	386.59370725034205	305.9965811965812
29823	386.59370725034205	305.9965811965812
29846	486.4569083447333	404.45811965811964
29872	454.99316005471957	393.51794871794874
29895	385.2257181942545	282.74871794871797
29924	450.88919288645695	301.89401709401704
29951	567.1682626538988	403.0905982905983
29974	556.2243502051983	295.05641025641023
29998	541.1764705882354	316.93675213675215
30019	549.3844049247606	295.05641025641023
30041	426.265389876881	318.3042735042735
30066	426.265389876881	318.3042735042735
30088	415.3214774281806	329.24444444444447
30108	393.4336525307798	370.27008547008546
30133	378.3857729138167	270.44102564102565
30160	345.55403556771546	251.29572649572646
30184	363.3378932968537	299.1589743589743
30208	530.232558139535	249.9282051282051
30231	479.61696306429553	292.3213675213675
30277	480.98495212038307	152.83418803418806
30300	359.233926128591	236.25299145299144
30324	517.9206566347469	356.5948717948718
30349	517.9206566347469	356.5948717948718
30374	379.7537619699043	256.76581196581196
30397	379.7537619699043	256.76581196581196
30418	531.6005471956224	269.0735042735043
30442	511.0807113543092	223.94529914529912
30482	727.2229822161423	202.06495726495723
30501	890.0136798905609	262.2358974358974
30522	890.0136798905609	262.2358974358974
30545	809.3023255813954	301.89401709401704
30567	768.2626538987688	237.6205128205128
30588	768.2626538987688	237.6205128205128
30609	732.6949384404925	270.44102564102565
30627	917.373461012312	323.77435897435896
30649	917.373461012312	323.77435897435896
30668	902.3255813953489	184.2871794871795
30690	853.0779753761971	248.56068376068373
30711	646.5116279069769	204.8
30730	646.5116279069769	204.8
30753	716.2790697674419	158.3042735042735
30779	810.670314637483	196.59487179487178
30800	810.670314637483	196.59487179487178
30821	801.09439124487	187.0222222222222
30839	822.9822161422709	104.97094017094017
30862	822.9822161422709	104.97094017094017
30886	948.8372093023256	76.25299145299145
30908	858.5499316005472	54.372649572649564
30929	955.6771545827634	154.20170940170942
30952	1043.2284541723666	192.49230769230766
30974	883.1737346101231	111.80854700854701
30996	903.6935704514364	191.1247863247863
31017	903.6935704514364	191.1247863247863
31040	993.9808481532149	102.23589743589744
31063	958.4131326949384	229.41538461538462
31102	941.9972640218879	162.4068376068376
31126	906.4295485636115	155.56923076923078
31156	1011.7647058823529	197.96239316239314
31175	918.7414500683994	195.22735042735042
31195	918.7414500683994	195.22735042735042
31215	995.3488372093024	207.53504273504274
31238	1006.2927496580028	166.50940170940171
31259	984.404924760602	84.45811965811966
31281	1218.3310533515732	233.5179487179487
31308	894.1176470588235	140.52649572649574
31329	894.1176470588235	140.52649572649574
31350	331.8741450068399	273.1760683760684
31373	398.90560875513	174.71452991452992
31394	357.86593707250347	129.58632478632478
31415	337.3461012311901	118.64615384615385
31441	337.3461012311901	118.64615384615385
31466	297.6744186046512	282.74871794871797
31487	461.83310533515737	336.0820512820513
31509	409.84952120383036	259.5008547008547
31533	590.4240766073872	193.85982905982902
31555	709.439124487004	230.782905982906
31578	429.0013679890561	165.14188034188035
31599	429.0013679890561	165.14188034188035
31618	448.1532147742818	162.4068376068376
31647	505.608755129959	210.27008547008546
31670	340.08207934336525	191.1247863247863
31693	340.08207934336525	191.1247863247863
31715	437.2093023255814	219.84273504273503
31739	386.59370725034205	271.808547008547
31797	465.93707250342	214.37264957264955
31825	461.83310533515737	178.817094017094
31852	403.0095759233927	234.88547008547008
31879	543.9124487004104	273.1760683760684
31906	543.9124487004104	273.1760683760684
31943	445.41723666210675	226.68034188034184
31971	438.57729138166894	184.2871794871795
31993	438.57729138166894	184.2871794871795
32015	423.5294117647059	225.31282051282048
32038	502.8727770177839	161.03931623931624
32062	502.8727770177839	161.03931623931624
32085	586.3201094391245	221.2102564102564
32107	690.2872777017784	145.99658119658122
32127	690.2872777017784	145.99658119658122
32150	679.343365253078	195.22735042735042
32172	679.343365253078	195.22735042735042
32193	583.5841313269494	223.94529914529912
32214	613.6798905608756	118.64615384615385
32237	613.6798905608756	118.64615384615385
32260	632.8317373461012	107.70598290598292
32290	745.0068399452805	208.9025641025641
32318	885.9097127222982	187.0222222222222
32341	669.767441860465	174.71452991452992
32374	647.8796169630643	177.44957264957264
32398	647.8796169630643	177.44957264957264
32425	651.983584131327	170.61196581196583
32449	638.3036935704515	111.80854700854701
32472	630.0957592339262	136.42393162393162
32495	630.0957592339262	136.42393162393162
32517	361.9699042407661	232.15042735042735
32541	361.9699042407661	232.15042735042735
32563	378.3857729138167	87.1931623931624
32587	319.56224350205196	115.91111111111113
32607	319.56224350205196	115.91111111111113
32628	346.922024623803	158.3042735042735
32654	460.4651162790698	236.25299145299144
32678	422.1614227086183	218.47521367521367
32701	422.1614227086183	218.47521367521367
32726	371.54582763337896	226.68034188034184
32748	252.53077975376198	95.3982905982906
32769	353.7619699042408	124.11623931623932
32790	500.1367989056088	177.44957264957264
32814	393.4336525307798	219.84273504273503
32836	404.3775649794802	181.55213675213676
32863	211.49110807113541	128.21880341880342
32891	288.0984952120383	228.0478632478632
32911	288.0984952120383	228.0478632478632
32932	329.13816689466483	161.03931623931624
32953	519.2886456908345	234.88547008547008
32977	519.2886456908345	234.88547008547008
33000	765.5266757865937	223.94529914529912
33024	807.9343365253079	249.9282051282051
33044	818.8782489740083	270.44102564102565
33067	818.8782489740083	270.44102564102565
33092	734.0629274965801	207.53504273504274
33114	766.8946648426813	258.1333333333333
33135	766.8946648426813	258.1333333333333
33158	656.0875512995897	208.9025641025641
33182	658.8235294117648	207.53504273504274
33202	658.8235294117648	207.53504273504274
33223	786.0465116279071	187.0222222222222
33245	786.0465116279071	187.0222222222222
33267	810.670314637483	169.24444444444444
33291	610.9439124487004	128.21880341880342
33312	610.9439124487004	128.21880341880342
33331	766.8946648426813	197.96239316239314
33359	699.8632010943912	245.825641025641
33382	859.9179206566348	229.41538461538462
33410	798.358413132695	233.5179487179487
33432	818.8782489740083	300.5264957264957
33453	1056.908344733242	285.4837606837607
33478	910.5335157318741	234.88547008547008
33500	910.5335157318741	234.88547008547008
33520	1096.5800273597813	351.12478632478627
33541	832.5581395348838	218.47521367521367
33564	832.5581395348838	218.47521367521367
33585	880.437756497948	359.3299145299145
33606	880.437756497948	359.3299145299145
33629	646.5116279069769	345.6547008547008
33651	712.1751025991792	238.98803418803416
33675	712.1751025991792	238.98803418803416
33694	818.8782489740083	197.96239316239314
33717	779.2065663474692	219.84273504273503
33739	900.9575923392613	204.8
33760	911.9015047879617	280.01367521367524
33782	714.9110807113543	215.7401709401709
33805	714.9110807113543	215.7401709401709
33831	807.9343365253079	193.85982905982902
33853	812.0383036935705	121.38119658119659
33877	1061.012311901505	215.7401709401709
33902	1061.012311901505	215.7401709401709
33929	1013.1326949384405	267.7059829059829
33959	951.5731874145007	251.29572649572646
33990	862.6538987688099	296.4239316239316
34014	862.6538987688099	296.4239316239316
34038	918.7414500683994	213.0051282051282
34061	1024.076607387141	401.7230769230769
34085	1102.0519835841314	496.0820512820512
34108	1102.0519835841314	496.0820512820512
34133	721.7510259917921	278.6461538461539
34154	587.6880984952121	230.782905982906
34174	587.6880984952121	230.782905982906
34196	623.2558139534884	289.5863247863248
34218	496.03283173734616	312.834188034188
34240	602.7359781121752	296.4239316239316
34262	625.9917920656635	263.6034188034188
34286	318.1942544459644	207.53504273504274
34308	159.50752393980846	312.834188034188
34330	266.21067031463747	359.3299145299145
34351	266.21067031463747	359.3299145299145
34374	222.43502051983583	408.56068376068373
34406	338.71409028727766	293.68888888888887
34429	407.11354309165534	300.5264957264957
34456	407.11354309165534	333.34700854700856
34507	467.3050615595076	362.06495726495723
34535	249.79480164158684	284.11623931623933
34561	392.06566347469226	293.68888888888887
34587	185.49931600547194	420.868376068376
34610	326.4021887824897	355.2273504273504
34632	326.4021887824897	355.2273504273504
34659	296.30642954856364	367.53504273504274
34683	296.30642954856364	367.53504273504274
34703	262.1067031463748	247.19316239316237
34724	727.2229822161423	368.9025641025641
34749	641.0396716826266	318.3042735042735
34773	773.7346101231191	316.93675213675215
34794	872.2298221614227	285.4837606837607
34813	872.2298221614227	285.4837606837607
34835	835.2941176470589	318.3042735042735
34862	995.3488372093024	357.96239316239314
34884	1022.7086183310535	360.69743589743587
34906	1022.7086183310535	360.69743589743587
34927	1010.3967168262656	300.5264957264957
34950	872.2298221614227	299.1589743589743
34975	872.2298221614227	299.1589743589743
34995	870.8618331053351	368.9025641025641
35023	879.0697674418604	282.74871794871797
35049	851.7099863201096	238.98803418803416
35068	887.2777017783858	397.62051282051283
35090	887.2777017783858	397.62051282051283
35113	824.3502051983585	174.71452991452992
35135	890.0136798905609	57.107692307692304
35158	928.3173734610124	293.68888888888887
35191	896.8536251709986	215.7401709401709
35222	900.9575923392613	181.55213675213676
35243	900.9575923392613	181.55213675213676
35266	766.8946648426813	156.93675213675215
35287	843.5020519835842	133.6888888888889
35308	843.5020519835842	133.6888888888889
35331	1015.8686730506157	180.18461538461537
35355	729.9589603283174	107.70598290598292
35375	729.9589603283174	107.70598290598292
35399	620.5198358413134	182.91965811965812
35420	620.5198358413134	182.91965811965812
35440	643.7756497948017	388.04786324786323
35464	691.6552667578659	141.8940170940171
35485	691.6552667578659	141.8940170940171
35507	828.4541723666212	197.96239316239314
35539	760.0547195622436	165.14188034188035
35559	825.7181942544461	187.0222222222222
35580	825.7181942544461	187.0222222222222
35604	612.311901504788	74.88547008547009
35625	798.358413132695	152.83418803418806
35646	809.3023255813954	251.29572649572646
35668	628.7277701778387	88.56068376068377
35690	794.2544459644323	371.6376068376068
35712	866.7578659370724	403.0905982905983
35738	539.8084815321478	174.71452991452992
35762	645.1436388508893	107.70598290598292
35782	717.6470588235294	289.5863247863248
35805	735.4309165526676	285.4837606837607
35827	1009.028727770178	418.13333333333327
35847	827.0861833105336	389.4153846153846
35871	993.9808481532149	262.2358974358974
35894	828.4541723666212	316.93675213675215
35916	865.389876880985	285.4837606837607
35940	921.4774281805745	394.8854700854701
35964	853.0779753761971	422.23589743589747
35988	944.733242134063	370.27008547008546
36010	944.733242134063	370.27008547008546
36037	747.7428180574556	290.95384615384614
36073	615.0478796169631	370.27008547008546
36099	389.3296853625171	308.7316239316239
36123	621.8878248974008	537.1076923076923
36146	643.7756497948017	580.868376068376
36171	351.02599179206567	321.03931623931624
36194	500.1367989056088	236.25299145299144
36216	482.3529411764706	438.6461538461538
36239	244.32284541723664	288.2188034188034
36264	378.3857729138167	377.1076923076923
36288	378.3857729138167	377.1076923076923
36309	251.16279069767438	292.3213675213675
36335	352.39398084815326	312.834188034188
36363	-27.906976744186053	341.55213675213673
36385	197.8112175102599	502.91965811965815
36408	-59.37072503419973	363.4324786324786
36430	382.4897400820794	471.4666666666666
36454	326.4021887824897	385.3128205128205
36474	326.4021887824897	385.3128205128205
36498	326.4021887824897	385.3128205128205
36521	694.3912448700411	334.7145299145299
36546	449.52120383036936	374.37264957264955
36608	429.0013679890561	178.817094017094
36631	319.56224350205196	289.5863247863248
36655	154.03556771545826	264.97094017094014
36678	210.12311901504788	330.61196581196583
36703	294.93844049247605	370.27008547008546
36728	253.8987688098495	487.87692307692305
36750	253.8987688098495	487.87692307692305
36774	405.74555403556775	364.79999999999995
36798	182.76333789329686	218.47521367521367
36819	505.608755129959	262.2358974358974
36842	505.608755129959	262.2358974358974
36866	263.4746922024624	226.68034188034184
36885	341.4500683994528	461.89401709401704
36908	639.6716826265391	463.2615384615384
36930	639.6716826265391	463.2615384615384
36952	474.1450068399453	501.5521367521368
36975	858.5499316005472	450.95384615384614
36998	922.8454172366621	642.4068376068376
37019	922.8454172366621	642.4068376068376
37041	866.7578659370724	424.9709401709402
37066	668.3994528043776	453.68888888888887
37089	783.3105335157319	377.1076923076923
37109	909.1655266757866	403.0905982905983
37139	939.2612859097128	502.91965811965815
37159	675.2393980848153	206.16752136752137
37180	586.3201094391245	89.92820512820514
37203	776.4705882352941	296.4239316239316
37225	776.4705882352941	296.4239316239316
37244	583.5841313269494	379.84273504273506
37267	745.0068399452805	286.85128205128206
37290	1037.7564979480164	404.45811965811964
37312	604.1039671682627	340.18461538461537
37334	768.2626538987688	323.77435897435896
37358	768.2626538987688	323.77435897435896
37381	725.8549931600547	448.2188034188034
37409	743.6388508891929	403.0905982905983
37431	978.9329685362518	263.6034188034188
37456	827.0861833105336	321.03931623931624
37489	896.8536251709986	386.68034188034187
37516	613.6798905608756	604.1162393162393
37536	463.2010943912449	673.859829059829
37558	1186.8673050615594	731.2957264957265
37580	636.9357045143639	542.5777777777778
37602	950.2051983584132	661.5521367521367
37623	584.952120383037	564.4581196581196
37645	416.6894664842681	571.2957264957264
37672	268.9466484268126	710.782905982906
37694	489.1928864569084	605.4837606837607
37717	370.1778385772914	761.3811965811966
37739	244.32284541723664	565.825641025641
37762	249.79480164158684	631.4666666666667
37786	516.5526675786593	761.3811965811966
37808	437.2093023255814	668.3897435897436
37831	218.3310533515732	565.825641025641
37851	218.3310533515732	565.825641025641
37874	370.1778385772914	641.0393162393162
37899	185.49931600547194	751.8085470085471
37921	185.49931600547194	751.8085470085471
37940	-41.58686730506157	606.851282051282
37961	148.56361149110805	653.3470085470085
37981	335.9781121751026	780.5264957264957
38006	241.58686730506153	754.5435897435898
38032	114.36388508891929	829.7572649572649
38053	-16.963064295485644	848.9025641025642
38074	149.93160054719561	791.4666666666666
38097	312.7222982216142	765.4837606837607
38122	275.78659370725035	673.859829059829
38145	491.9288645690835	940.5264957264958
38172	356.4979480164159	1048.5606837606838
38205	472.7770177838578	922.7487179487179
38229	345.55403556771546	940.5264957264958
38252	374.2818057455541	1014.3726495726495
38277	453.62517099863203	855.740170940171
38305	478.248974008208	744.9709401709401
38329	329.13816689466483	705.3128205128205
38354	308.6183310533516	878.9880341880341
38375	308.6183310533516	764.1162393162393
38400	308.6183310533516	764.1162393162393
38423	175.9233926128591	706.6803418803419
38445	91.10807113543092	734.0307692307692
38470	66.484268125855	813.3470085470085
38493	88.37209302325581	885.8256410256411
38516	148.56361149110805	903.6034188034188
38542	356.4979480164159	651.9794871794873
38567	359.233926128591	729.9282051282051
38596	545.2804377564979	806.5094017094017
38622	482.3529411764706	766.851282051282
38645	393.4336525307798	457.79145299145296
38672	574.0082079343366	534.3726495726496
38693	783.3105335157319	375.7401709401709
38713	601.3679890560876	204.8
38737	601.3679890560876	204.8
38758	662.9274965800273	103.6034188034188
38781	325.03419972640216	-1.6957264957264961
38803	541.1764705882354	-50.92649572649572
38824	719.015047879617	9.244444444444444
38844	459.09712722298224	125.48376068376068
38864	459.09712722298224	125.48376068376068
38883	598.6320109439125	111.80854700854701
38905	840.7660738714092	238.98803418803416
38927	840.7660738714092	238.98803418803416
38948	828.4541723666212	420.868376068376
38968	790.1504787961696	237.6205128205128
38991	790.1504787961696	237.6205128205128
39010	846.2380300957593	187.0222222222222
39036	967.9890560875514	92.66324786324786
39059	848.9740082079344	338.817094017094
39083	906.4295485636115	340.18461538461537
39109	880.437756497948	390.782905982906
39131	880.437756497948	390.782905982906
39153	832.5581395348838	295.05641025641023
39174	1106.155950752394	589.0735042735042
39197	1106.155950752394	589.0735042735042
39220	902.3255813953489	389.4153846153846
39240	943.3652530779754	415.39829059829054
39262	635.5677154582764	366.1675213675214
39286	809.3023255813954	273.1760683760684
39310	946.1012311901505	434.54358974358973
39331	827.0861833105336	374.37264957264955
39355	900.9575923392613	258.1333333333333
39375	900.9575923392613	258.1333333333333
39398	974.8290013679891	275.9111111111111
39420	874.9658002735978	136.42393162393162
39440	874.9658002735978	136.42393162393162
39463	695.7592339261286	113.17606837606837
39484	879.0697674418604	366.1675213675214
39518	892.7496580027359	304.6290598290598
39540	1003.5567715458276	222.57777777777775
39563	1003.5567715458276	222.57777777777775
39586	813.4062927496581	88.56068376068377
39609	918.7414500683994	233.5179487179487
39630	918.7414500683994	233.5179487179487
39654	646.5116279069769	278.6461538461539
39676	909.1655266757866	211.63760683760682
39701	909.1655266757866	211.63760683760682
39723	884.5417236662107	342.9196581196581
39745	884.5417236662107	342.9196581196581
39768	739.5348837209302	378.4752136752137
39791	820.2462380300958	282.74871794871797
39814	736.7989056087551	356.5948717948718
39837	736.7989056087551	356.5948717948718
39862	801.09439124487	280.01367521367524
39888	790.1504787961696	228.0478632478632
39911	1024.076607387141	357.96239316239314
39934	818.8782489740083	233.5179487179487
39956	848.9740082079344	357.96239316239314
39987	944.733242134063	334.7145299145299
40010	876.3337893296854	267.7059829059829
40033	876.3337893296854	267.7059829059829
40057	727.2229822161423	129.58632478632478
40083	727.2229822161423	129.58632478632478
40107	786.0465116279071	225.31282051282048
40131	848.9740082079344	234.88547008547008
40159	959.781121751026	378.4752136752137
40182	653.3515731874146	196.59487179487178
40205	535.7045143638851	185.65470085470085
40227	668.3994528043776	223.94529914529912
40260	755.9507523939809	378.4752136752137
40285	703.9671682626539	275.9111111111111
40310	597.2640218878249	349.7572649572649
40338	597.2640218878249	349.7572649572649
40362	656.0875512995897	364.79999999999995
40390	589.0560875512996	263.6034188034188
40421	606.8399452804379	243.09059829059828
40443	606.8399452804379	243.09059829059828
40471	803.8303693570452	450.95384615384614
40505	891.3816689466485	576.765811965812
40538	806.5663474692203	362.06495726495723
40571	869.4938440492476	281.3811965811966
40605	791.5184678522572	370.27008547008546
40638	865.389876880985	359.3299145299145
40672	984.404924760602	463.2615384615384
40705	906.4295485636115	311.46666666666664
40738	914.6374829001368	528.9025641025642
40761	906.4295485636115	498.81709401709406
40788	827.0861833105336	467.3641025641025
40821	884.5417236662107	297.79145299145296
40855	943.3652530779754	459.1589743589743
40888	921.4774281805745	472.83418803418806
40921	809.3023255813954	435.9111111111111
40955	485.08891928864574	310.0991452991453
40988	827.0861833105336	404.45811965811964
41021	584.952120383037	433.1760683760684
41055	494.6648426812586	299.1589743589743
41088	918.7414500683994	578.1333333333333
41112	966.6210670314638	623.2615384615385
41138	1047.3324213406293	589.0735042735042
41171	887.2777017783858	404.45811965811964
