time	x	y
1	1243.7275985663084	657.2452407614782
79	1392.47311827957	455.6774916013437
135	1284.9462365591398	659.036954087346
193	1369.1756272401435	631.2653975363942
244	1228.494623655914	542.575587905935
298	1309.1397849462364	561.3885778275476
349	689.9641577060933	379.5296752519597
399	332.43727598566306	129.58566629339305
448	210.57347670250894	91.06382978723406
497	207.8853046594982	180.6494960806271
550	347.6702508960573	-13.751399776035832
600	207.8853046594982	137.64837625979845
648	232.97491039426524	271.13101903695406
697	240.14336917562724	115.25195968645016
746	142.47311827956992	144.8152295632699
795	258.06451612903226	335.63269876819703
845	267.921146953405	203.0459126539754
894	147.8494623655914	-14.647256438969766
943	378.1362007168459	298.9025755879059
997	87.81362007168458	30.14557670772676
1047	203.40501792114696	82.10526315789474
1102	210.57347670250894	-35.25195968645017
1151	214.15770609318997	201.2541993281075
1200	128.13620071684588	135.85666293393058
1255	338.7096774193548	-35.25195968645017
1303	181.89964157706092	128.68980963045914
1352	280.4659498207885	215.58790593505043
1401	309.13978494623655	605.2855543113102
1452	99.46236559139784	596.3269876819709
1501	248.2078853046595	592.7435610302351
1551	454.3010752688172	504.9496080627099
1602	425.6272401433692	366.98768197088464
1656	401.4336917562724	253.21388577827543
1706	365.5913978494624	474.4904815229563
1756	215.94982078853047	781.7693169092945
1806	170.25089605734766	923.3146696528557
1857	250.0	446.7189249720045
1912	297.4910394265233	520.1791713325867
1961	491.93548387096774	582.8891377379618
2012	509.8566308243727	468.2194848824188
2065	374.55197132616485	259.48488241881296
2114	453.40501792114696	423.42665173572226
2164	374.55197132616485	478.073908174692
2216	644.2652329749103	142.12765957446808
2269	801.9713261648745	261.27659574468083
2318	719.5340501792115	143.91937290033596
2367	649.6415770609319	130.481522956327
2429	803.763440860215	37.3124300111982
2481	665.7706093189964	125.1063829787234
2533	672.9390681003584	-50.481522956326984
2582	731.1827956989248	12.228443449048152
2632	396.0573476702509	208.42105263157896
2681	310.9318996415771	319.50727883538633
2730	266.1290322580645	160.94064949608062
2782	329.7491039426523	155.56550951847706
2833	326.16487455197137	213.79619260918253
2897	297.4910394265233	213.79619260918253
2946	253.58422939068097	278.2978723404255
2995	314.51612903225805	171.6909294512878
3049	232.078853046595	267.5475923852183
3098	411.2903225806452	302.4860022396416
3146	81.54121863799284	768.3314669652855
3197	-15.232974910394265	701.1422172452408
3247	450.7168458781362	540.7838745800672
3295	366.4874551971326	414.46808510638294
3348	401.4336917562724	435.07278835386336
3396	465.05376344086017	387.59238521836505
3447	327.9569892473118	411.7805151175812
3497	359.3189964157706	202.15005599104146
3547	344.0860215053764	112.56438969764837
3612	261.6487455197133	218.27547592385218
3663	302.86738351254485	298.9025755879059
3712	400.5376344086021	112.56438969764837
3778	276.8817204301075	190.50391937290036
3837	358.42293906810033	169.003359462486
3896	381.72043010752685	233.505039193729
3961	295.6989247311828	206.62933930571108
4012	263.44086021505376	8.64501679731243
4064	258.06451612903226	31.04143337066069
4112	429.2114695340502	126.00223964165733
4163	453.40501792114696	-4.792833146696529
4229	307.34767025089604	143.02351623740202
4278	268.81720430107526	111.66853303471444
4329	412.18637992831543	211.10862262038074
4380	448.02867383512546	83.00111982082868
4428	230.28673835125448	-8.376259798432251
4478	344.0860215053764	19.395296752519595
4531	325.26881720430106	27.45800671892497
4581	342.2939068100359	177.06606942889138
4631	288.5304659498208	126.00223964165733
4681	261.6487455197133	57.91713325867862
4732	299.2831541218638	15.811870100783873
4785	222.2222222222222	-4.792833146696529
4834	409.4982078853047	182.44120940649498
4885	365.5913978494624	94.64725643896978
4945	244.6236559139785	194.98320268756999
4995	482.078853046595	341.00783874580065
5046	261.6487455197133	39.10414333706606
5097	234.76702508960574	147.50279955207168
5146	329.7491039426523	159.14893617021278
5195	296.59498207885304	-46.89809630459127
5246	280.4659498207885	-26.293393057110865
5296	405.01792114695337	389.3840985442329
5349	284.0501792114695	104.501679731243
5398	355.7347670250896	238.88017917133254
5447	284.94623655913983	54.33370660694289
5496	168.4587813620072	205.73348264277715
5545	215.05376344086022	144.8152295632699
5595	419.35483870967744	109.8768197088466
5645	258.06451612903226	171.6909294512878
5694	103.04659498207886	203.9417693169093
5743	255.3763440860215	175.27435610302354
5795	260.752688172043	189.60806270996642
5845	162.1863799283154	318.6114221724524
5897	162.1863799283154	248.73460246360582
5946	425.6272401433692	209.3169092945129
5995	439.9641577060932	255.00559910414333
6044	454.3010752688172	538.9921612541993
6093	383.5125448028674	504.9496080627099
6152	471.326164874552	532.7211646136618
6203	296.59498207885304	370.57110862262033
6252	441.75627240143365	308.75699888017914
6302	339.6057347670251	282.77715565509516
6361	256.27240143369175	220.06718924972003
6412	320.7885304659498	356.23740201567745
6463	419.35483870967744	292.6315789473684
6514	254.48028673835128	358.9249720044793
6563	402.3297491039427	259.48488241881296
6628	346.77419354838713	66.87569988801792
6679	315.4121863799283	68.66741321388578
6729	535.84229390681	190.50391937290036
6795	321.68458781362006	248.73460246360582
6861	379.92831541218635	177.96192609182532
6911	331.54121863799287	147.50279955207168
6962	316.3082437275986	123.31466965285556
7011	322.5806451612903	34.62486002239641
7062	289.42652329749103	65.97984322508398
7128	278.673835125448	74.9384098544233
7179	353.9426523297491	59.708846584546485
7228	374.55197132616485	47.16685330347145
7277	345.8781362007168	134.06494960806273
7328	231.1827956989247	141.23180291153417
7380	334.2293906810036	149.29451287793952
7429	408.60215053763443	188.71220604703248
7478	308.24372759856635	190.50391937290036
7529	271.505376344086	70.45912653975364
7579	342.2939068100359	111.66853303471444
7629	215.94982078853047	137.64837625979845
7695	215.05376344086022	133.16909294512877
7745	335.1254480286738	232.60918253079504
7795	370.9677419354839	154.66965285554312
7844	277.77777777777777	21.187010078387456
7911	275.089605734767	136.7525195968645
7965	306.4516129032258	264.8600223964165
8015	443.5483870967742	113.46024636058232
8064	370.9677419354839	253.21388577827543
8113	360.2150537634409	91.06382978723406
8162	380.82437275985666	118.83538633818588
8228	357.52688172043014	120.62709966405376
8282	387.99283154121866	297.11086226203804
8344	248.2078853046595	183.3370660694289
8396	271.505376344086	229.92161254199326
8447	150.53763440860214	179.75363941769317
8498	238.35125448028674	206.62933930571108
8552	246.415770609319	188.71220604703248
8616	240.14336917562724	123.31466965285556
8664	376.34408602150535	227.23404255319147
8713	309.13978494623655	272.02687569988797
8764	467.7419354838709	176.17021276595744
8816	342.2939068100359	102.70996640537516
8878	294.80286738351253	222.75475923852187
8930	396.0573476702509	169.003359462486
8980	424.73118279569894	108.98096304591265
9045	445.3405017921147	-43.31466965285554
9094	435.48387096774195	129.58566629339305
9162	323.4767025089606	312.3404255319149
9211	249.10394265232975	130.481522956327
9261	370.07168458781365	310.548712206047
9311	298.38709677419354	284.56886898096303
9362	315.4121863799283	251.42217245240758
9412	255.3763440860215	220.96304591265397
9478	313.62007168458786	280.9854423292273
9528	232.078853046595	218.27547592385218
9579	414.8745519713262	242.4636058230683
9629	421.1469534050179	209.3169092945129
9679	516.1290322580645	293.52743561030235
9732	521.505376344086	184.23292273236282
9783	494.6236559139785	111.66853303471444
9846	397.84946236559136	68.66741321388578
9903	405.9139784946236	116.14781634938412
9951	362.00716845878134	111.66853303471444
10001	366.4874551971326	164.52407614781634
10050	377.2401433691756	246.94288913773792
10099	220.43010752688173	368.7793952967525
10161	241.0394265232975	255.00559910414333
10212	295.6989247311828	284.56886898096303
10264	191.7562724014337	127.7939529675252
10319	231.1827956989247	155.56550951847706
10368	214.15770609318997	246.94288913773792
10418	262.5448028673835	232.60918253079504
10469	284.94623655913983	122.4188129899216
10519	310.9318996415771	373.25867861142217
10568	342.2939068100359	139.4400895856663
10618	280.4659498207885	277.4020156774916
10666	255.3763440860215	63.292273236282206
10715	312.72401433691755	94.64725643896978
10765	162.1863799283154	13.124300111982084
10814	336.9175627240144	203.0459126539754
10866	265.23297491039426	304.27771556550954
10916	203.40501792114696	291.7357222844345
10968	367.3835125448029	355.34154535274354
11017	205.19713261648744	253.21388577827543
11069	231.1827956989247	280.0895856662934
11123	224.01433691756273	371.4669652855543
11172	310.0358422939068	282.77715565509516
11222	387.99283154121866	144.8152295632699
11277	166.66666666666666	225.44232922732363
11327	202.50896057347668	180.6494960806271
11377	274.19354838709677	233.505039193729
11431	269.7132616487455	395.6550951847704
11480	312.72401433691755	363.4042553191489
11531	90.50179211469533	349.96640537513997
11580	217.74193548387098	306.96528555431127
11631	137.09677419354838	315.0279955207167
11678	137.99283154121864	434.17693169092945
11729	128.13620071684588	244.25531914893614
11783	206.09318996415772	238.88017917133254
11833	131.72043010752688	384.0089585666293
11881	164.87455197132616	435.07278835386336
11929	356.63082437275983	407.30123180291156
11978	293.9068100358423	237.0884658454647
12027	244.6236559139785	379.5296752519597
12078	343.1899641577061	380.4255319148936
12128	315.4121863799283	350.8622620380739
12176	309.13978494623655	141.23180291153417
12226	360.2150537634409	255.00559910414333
12278	390.6810035842294	294.42329227323626
12337	319.89247311827955	345.4871220604703
12388	282.2580645161291	349.070548712206
12439	379.0322580645161	293.52743561030235
12495	207.8853046594982	96.43896976483764
12547	216.8458781362007	18.499440089585665
12599	263.44086021505376	158.25307950727884
12648	179.21146953405017	77.6259798432251
12698	152.32974910394265	115.25195968645016
12748	257.168458781362	344.5912653975364
12797	120.07168458781362	588.2642777155655
12847	232.078853046595	551.5341545352744
12912	270.60931899641577	500.47032474804024
12962	280.4659498207885	298.006718924972
13012	341.39784946236557	331.15341545352743
13063	342.2939068100359	254.10974244120942
13113	205.19713261648744	279.1937290033594
13165	324.3727598566308	269.33930571108624
13215	307.34767025089604	174.3784994400896
13265	172.0430107526882	366.0918253079507
13316	363.79928315412184	269.33930571108624
13366	198.02867383512546	338.32026875699887
13417	213.2616487455197	285.46472564389694
13478	215.94982078853047	370.57110862262033
13529	173.83512544802866	181.54535274356104
13585	284.0501792114695	158.25307950727884
13644	161.29032258064515	259.48488241881296
13695	222.2222222222222	194.98320268756999
13750	261.6487455197133	377.73796192609177
13797	265.23297491039426	186.0246360582307
13849	397.84946236559136	350.8622620380739
13897	301.0752688172043	295.31914893617017
13945	258.9605734767025	220.06718924972003
13995	247.31182795698925	266.6517357222844
14061	166.66666666666666	412.67637178051507
14112	284.94623655913983	404.6136618141097
14161	209.67741935483872	293.52743561030235
14210	266.1290322580645	314.1321388577827
14261	298.38709677419354	427.01007838745795
14313	359.3189964157706	393.8633818589026
14364	322.5806451612903	384.9048152295632
14428	296.59498207885304	335.63269876819703
14477	411.2903225806452	406.40537513997754
14526	352.15053763440864	113.46024636058232
14576	277.77777777777777	326.6741321388578
14628	244.6236559139785	478.969764837626
14679	250.0	366.98768197088464
14729	184.58781362007167	548.8465845464725
14794	323.4767025089606	246.94288913773792
14846	263.44086021505376	326.6741321388578
14910	192.65232974910393	642.9115341545353
14961	187.27598566308242	464.6360582306831
15013	383.5125448028674	404.6136618141097
15078	329.7491039426523	384.0089585666293
15129	287.6344086021506	452.094064949608
15178	380.82437275985666	487.0324748040313
15228	373.65591397849465	307.86114221724523
15280	210.57347670250894	607.077267637178
15330	175.62724014336916	472.69876819708844
15394	306.4516129032258	563.1802911534154
15447	191.7562724014337	588.2642777155655
15511	257.168458781362	487.9283314669653
15562	108.42293906810035	439.552071668533
15610	232.97491039426524	435.07278835386336
15661	251.79211469534053	395.6550951847704
15711	247.31182795698925	299.7984322508398
15777	345.8781362007168	358.9249720044793
15827	243.72759856630825	305.17357222844345
15878	250.0	401.9260918253079
15932	178.31541218637992	105.39753639417692
15981	228.49462365591398	203.9417693169093
16030	224.01433691756273	114.35610302351624
16084	353.9426523297491	127.7939529675252
16134	114.69534050179212	86.5845464725644
16183	236.55913978494624	65.97984322508398
16231	171.14695340501794	141.23180291153417
16284	251.79211469534053	238.88017917133254
16334	421.1469534050179	182.44120940649498
16383	169.3548387096774	165.41993281075028
16432	247.31182795698925	196.77491601343786
16483	209.67741935483872	326.6741321388578
16533	200.7168458781362	82.10526315789474
16587	67.20430107526882	156.46136618141097
16638	172.0430107526882	335.63269876819703
16694	206.98924731182797	233.505039193729
16744	160.3942652329749	388.48824188129896
16795	138.88888888888889	485.2407614781635
16844	179.21146953405017	248.73460246360582
16893	172.0430107526882	321.29899216125415
16943	220.43010752688173	258.58902575587905
16993	488.3512544802867	237.98432250839863
17042	513.4408602150537	179.75363941769317
17095	451.61290322580646	221.85890257558788
17152	567.2043010752689	288.1522956326987
17201	402.3297491039427	215.58790593505043
17248	301.0752688172043	329.36170212765956
17299	281.3620071684588	11.332586786114222
17349	276.8817204301075	115.25195968645016
17403	195.3405017921147	112.56438969764837
17456	235.663082437276	60.60470324748041
17511	316.3082437275986	23.87458006718925
17558	276.8817204301075	135.85666293393058
17611	358.42293906810033	113.46024636058232
17661	170.25089605734766	156.46136618141097
17712	163.9784946236559	154.66965285554312
17762	174.73118279569894	68.66741321388578
17812	233.87096774193546	206.62933930571108
17861	185.48387096774195	157.3572228443449
17944	220.43010752688173	154.66965285554312
17998	189.06810035842295	184.23292273236282
18045	107.52688172043011	240.67189249720045
18096	187.27598566308242	149.29451287793952
18145	143.36917562724014	134.06494960806273
18195	220.43010752688173	15.811870100783873
18244	223.11827956989248	133.16909294512877
18303	103.9426523297491	244.25531914893614
18355	240.14336917562724	120.62709966405376
18406	322.5806451612903	221.85890257558788
18457	229.39068100358423	153.77379619260918
18508	116.48745519713262	5.957446808510639
18564	175.62724014336916	180.6494960806271
18614	100.3584229390681	145.7110862262038
18665	114.69534050179212	269.33930571108624
18716	236.55913978494624	676.9540873460246
18777	295.6989247311828	468.2194848824188
18830	412.18637992831543	519.2833146696528
18894	320.7885304659498	236.1926091825308
18945	187.27598566308242	330.25755879059346
18996	227.59856630824373	323.986562150056
19046	383.5125448028674	223.65061590145578
19096	335.1254480286738	425.21836506159013
19152	293.01075268817203	255.90145576707727
19201	306.4516129032258	42.68756998880179
19251	188.17204301075267	200.35834266517355
19299	279.5698924731183	137.64837625979845
19348	150.53763440860214	168.10750279955207
19398	224.01433691756273	353.54983202687566
19447	307.34767025089604	309.6528555431131
19502	352.15053763440864	212.9003359462486
19550	336.9175627240144	244.25531914893614
19599	261.6487455197133	248.73460246360582
19647	240.14336917562724	301.5901455767077
19700	269.7132616487455	230.8174692049272
19751	175.62724014336916	106.29339305711088
19799	327.06093189964156	393.8633818589026
19849	294.80286738351253	228.1298992161254
19899	265.23297491039426	117.93952967525196
19961	270.60931899641577	295.31914893617017
20012	215.05376344086022	272.02687569988797
20063	227.59856630824373	210.21276595744683
20126	121.86379928315412	174.3784994400896
20177	248.2078853046595	128.68980963045914
20227	214.15770609318997	185.12877939529676
20293	271.505376344086	369.6752519596864
20343	232.078853046595	232.60918253079504
20392	250.89605734767022	285.46472564389694
20443	344.98207885304663	141.23180291153417
20492	283.1541218637993	301.5901455767077
20546	327.9569892473118	249.63045912653973
20595	287.6344086021506	246.94288913773792
20645	285.84229390681	135.85666293393058
20695	327.9569892473118	104.501679731243
20749	172.9390681003584	228.1298992161254
20797	375.44802867383515	236.1926091825308
20851	422.93906810035844	210.21276595744683
20900	402.3297491039427	233.505039193729
20951	390.6810035842294	222.75475923852187
20999	478.494623655914	319.50727883538633
21048	357.52688172043014	152.87793952967525
21100	352.15053763440864	301.5901455767077
21149	367.3835125448029	269.33930571108624
21197	445.3405017921147	171.6909294512878
21246	430.10752688172045	143.91937290033596
21293	507.16845878136195	194.98320268756999
21343	486.55913978494624	468.2194848824188
21410	273.2974910394265	709.2049272116461
21461	438.1720430107527	515.6998880179171
21513	565.4121863799282	567.6595744680851
21564	570.7885304659497	441.34378499440083
21615	594.0860215053764	283.6730123180291
21666	373.65591397849465	463.7402015677491
21727	293.01075268817203	428.8017917133258
21793	245.51971326164875	322.1948488241881
21848	215.05376344086022	499.5744680851064
21913	395.1612903225806	554.2217245240761
21966	297.4910394265233	578.4098544232922
22016	242.831541218638	497.7827547592385
22067	251.79211469534053	527.3460246360581
22117	109.31899641577061	530.929451287794
22166	302.86738351254485	397.4468085106383
22216	190.86021505376343	530.03359462486
22267	455.19713261648747	755.7894736842105
22315	213.2616487455197	580.2015677491602
22377	310.0358422939068	738.7681970884659
22444	232.078853046595	462.8443449048152
22494	531.3620071684588	672.474804031355
22545	327.9569892473118	767.4356103023516
22594	373.65591397849465	808.6450167973125
22644	325.26881720430106	617.8275475923851
22710	329.7491039426523	690.3919372900335
22777	409.4982078853047	573.9305711086226
22827	396.95340501792117	815.8118701007838
22876	480.2867383512545	586.4725643896977
22943	397.84946236559136	507.63717805151174
22995	306.4516129032258	442.2396416573348
23048	479.39068100358423	653.6618141097424
23102	606.6308243727599	466.4277715565509
23154	549.2831541218638	358.0291153415453
23203	469.5340501792115	580.2015677491602
23254	514.336917562724	550.6382978723404
23308	534.0501792114695	480.7614781634938
23360	485.663082437276	616.9316909294513
23411	578.8530465949821	435.07278835386336
23460	648.7455197132616	380.4255319148936
23511	584.2293906810036	497.7827547592385
23561	629.0322580645161	420.7390817469205
23616	605.7347670250897	557.805151175812
23667	607.5268817204301	206.62933930571108
23727	400.5376344086021	557.805151175812
23778	701.6129032258065	615.1399776035835
23828	664.8745519713261	469.11534154535275
23894	688.1720430107528	516.5957446808511
23944	713.2616487455197	532.7211646136618
23993	716.8458781362007	607.973124300112
24044	656.8100358422939	597.2228443449047
24095	735.663082437276	644.7032474804031
24145	722.2222222222222	488.8241881298992
24199	508.06451612903226	655.4535274356102
24259	308.24372759856635	598.1187010078387
24317	354.8387096774194	519.2833146696528
24368	325.26881720430106	383.1131019036954
24418	629.0322580645161	547.0548712206047
24476	539.426523297491	553.3258678611422
24526	457.8853046594982	590.0559910414333
24575	520.6093189964157	609.7648376259798
24627	548.3870967741935	600.8062709966406
24674	577.0609318996416	374.1545352743561
24724	436.37992831541214	730.7054871220605
24777	494.6236559139785	529.1377379619261
24826	500.8960573476703	503.1578947368421
24877	355.7347670250896	458.36506159014556
24926	522.4014336917563	494.1993281075028
24977	329.7491039426523	594.5352743561031
25031	278.673835125448	543.471444568869
25080	379.0322580645161	602.5979843225084
25130	332.43727598566306	597.2228443449047
25179	335.1254480286738	670.6830907054871
25229	347.6702508960573	601.7021276595744
25279	283.1541218637993	500.47032474804024
25328	322.5806451612903	576.6181410974243
25377	310.9318996415771	696.6629339305711
25426	48.387096774193544	607.973124300112
25475	241.0394265232975	1101.590145576708
25526	154.12186379928318	818.4994400895856
25581	189.06810035842295	605.2855543113102
25643	335.1254480286738	687.7043673012317
25694	242.831541218638	671.578947368421
25745	407.7060931899641	644.7032474804031
25796	323.4767025089606	613.3482642777155
25851	219.53405017921145	548.8465845464725
25910	233.87096774193546	365.19596864501676
25960	251.79211469534053	252.31802911534152
26009	129.03225806451613	332.04927211646134
26060	141.57706093189964	313.2362821948488
26109	136.20071684587813	242.4636058230683
26176	28.67383512544803	51.64613661814109
26227	122.75985663082437	-37.04367301231803
26294	166.66666666666666	204.83762597984324
26345	105.73476702508961	-132.9003359462486
26394	299.2831541218638	181.54535274356104
26444	163.08243727598568	62.39641657334827
26494	289.42652329749103	-71.08622620380739
26544	207.8853046594982	57.91713325867862
26597	300.17921146953404	40.89585666293393
26647	256.27240143369175	73.14669652855544
26695	200.7168458781362	93.75139977603584
26751	209.67741935483872	-83.62821948488242
26801	221.32616487455198	152.87793952967525
26849	201.61290322580643	91.06382978723406
26899	271.505376344086	98.2306830907055
26949	177.4193548387097	161.83650615901456
26998	223.11827956989248	33.72900335946248
27048	195.3405017921147	-252.9451287793953
27097	28.67383512544803	-125.73348264277715
27152	244.6236559139785	-0.31354983202687536
27200	131.72043010752688	14.916013437849942
27251	327.06093189964156	70.45912653975364
27301	263.44086021505376	174.3784994400896
27360	244.6236559139785	-117.67077267637178
27413	205.19713261648744	-36.1478163493841
27462	285.84229390681	-1.2094064949608059
27511	344.0860215053764	8.64501679731243
27559	303.76344086021504	-136.4837625979843
27609	345.8781362007168	187.81634938409854
27658	181.89964157706092	188.71220604703248
27709	209.67741935483872	-6.58454647256439
27759	125.44802867383511	140.3359462486002
27809	201.61290322580643	-47.7939529675252
27859	213.2616487455197	-69.29451287793952
27908	327.06093189964156	206.62933930571108
27978	248.2078853046595	155.56550951847706
28032	195.3405017921147	178.85778275475926
28081	219.53405017921145	202.15005599104146
28130	128.13620071684588	60.60470324748041
28178	299.2831541218638	37.3124300111982
28227	234.76702508960574	186.92049272116463
28280	351.2544802867383	358.9249720044793
28329	330.64516129032256	289.0481522956327
28377	319.89247311827955	376.84210526315786
28426	286.7383512544803	366.98768197088464
28475	354.8387096774194	431.48936170212767
28527	202.50896057347668	495.09518477043673
28577	352.15053763440864	487.0324748040313
28626	336.02150537634407	463.7402015677491
28675	254.48028673835128	401.030235162374
28725	470.4301075268817	348.1746920492721
28775	461.4695340501792	384.9048152295632
28828	351.2544802867383	521.0750279955207
28878	395.1612903225806	399.2385218365061
28928	423.83512544802863	382.2172452407615
28979	411.2903225806452	218.27547592385218
29029	369.17562724014334	341.00783874580065
29085	428.31541218637994	495.9910414333707
29135	378.1362007168459	417.1556550951847
29194	446.23655913978496	479.8656215005598
29259	381.72043010752685	233.505039193729
29309	492.831541218638	322.1948488241881
29360	540.3225806451612	562.2844344904814
29410	588.7096774193549	453.8857782754759
29462	395.1612903225806	461.94848824188125
29511	282.2580645161291	395.6550951847704
29561	299.2831541218638	568.555431131019
29609	409.4982078853047	650.0783874580068
29665	248.2078853046595	543.471444568869
29715	379.0322580645161	478.969764837626
29765	381.72043010752685	558.7010078387458
29815	348.5663082437276	531.8253079507278
29865	437.27598566308245	470.0111982082866
29915	448.02867383512546	401.030235162374
29965	475.80645161290323	472.69876819708844
30016	250.0	654.5576707726764
30065	241.93548387096774	580.2015677491602
30115	219.53405017921145	683.2250839865621
30164	284.0501792114695	447.61478163493837
30218	466.8458781362007	441.34378499440083
30267	392.47311827956986	570.3471444568868
30316	450.7168458781362	375.94624860022395
30366	464.15770609319	424.32250839865617
30420	525.089605734767	541.679731243001
30475	421.1469534050179	563.1802911534154
30524	474.01433691756273	660.8286674132138
30574	235.663082437276	754.8936170212766
30622	298.38709677419354	508.5330347144457
30671	339.6057347670251	692.1836506159015
30719	363.79928315412184	428.8017917133258
30772	296.59498207885304	599.0145576707727
30821	330.64516129032256	513.0123180291152
30871	234.76702508960574	535.4087346024636
30920	286.7383512544803	639.3281075027995
30971	363.79928315412184	661.7245240761478
31027	398.7455197132617	694.8712206047032
31076	-42.1146953405018	749.518477043673
31124	148.74551971326164	890.1679731243
31174	258.9605734767025	556.0134378499439
31224	293.01075268817203	524.6584546472565
31274	414.8745519713262	526.4501679731243
31330	368.27956989247315	683.2250839865621
31379	526.8817204301075	683.2250839865621
31430	621.8637992831542	602.5979843225084
31481	578.8530465949821	702.0380739081746
31531	541.2186379928315	484.34490481522954
31581	451.61290322580646	779.9776035834267
31634	589.6057347670251	562.2844344904814
31684	551.9713261648745	466.4277715565509
31732	476.7025089605735	812.2284434490482
31783	469.5340501792115	634.8488241881298
31833	513.4408602150537	592.7435610302351
31887	398.7455197132617	583.7849944008958
31937	362.90322580645164	543.471444568869
31992	491.93548387096774	526.4501679731243
32043	400.5376344086021	668.8913773796193
32093	340.5017921146953	589.1601343784994
32148	521.505376344086	470.9070548712206
32197	338.7096774193548	521.9708846584547
32259	405.9139784946236	372.36282194848826
32326	355.7347670250896	530.03359462486
32376	524.1935483870967	635.7446808510639
32425	230.28673835125448	483.44904815229563
32492	462.3655913978494	380.4255319148936
32544	460.57347670250897	513.0123180291152
32594	418.45878136200713	697.558790593505
32644	347.6702508960573	330.25755879059346
32693	443.5483870967742	450.3023516237402
32747	348.5663082437276	375.05039193729004
32795	392.47311827956986	462.8443449048152
32860	315.4121863799283	558.7010078387458
32915	217.74193548387098	656.3493840985442
32980	306.4516129032258	633.057110862262
33031	211.46953405017922	454.78163493840987
33086	332.43727598566306	510.3247480403136
33137	243.72759856630825	549.7424412094065
33186	217.74193548387098	572.1388577827548
33236	294.80286738351253	536.3045912653976
33293	261.6487455197133	582.8891377379618
33351	254.48028673835128	446.7189249720045
33400	318.10035842293905	513.0123180291152
33450	371.8637992831541	497.7827547592385
33500	322.5806451612903	388.48824188129896
33550	270.60931899641577	498.6786114221724
33599	369.17562724014334	301.5901455767077
33652	405.9139784946236	501.3661814109742
33709	408.60215053763443	356.23740201567745
33759	471.326164874552	404.6136618141097
33809	449.82078853046596	508.5330347144457
33859	397.84946236559136	568.555431131019
33913	395.1612903225806	436.8645016797312
33975	338.7096774193548	496.88689809630455
34026	486.55913978494624	613.3482642777155
34080	421.1469534050179	640.2239641657335
34142	521.505376344086	527.3460246360581
34196	543.9068100358423	366.98768197088464
34245	474.910394265233	454.78163493840987
34295	646.0573476702509	375.05039193729004
34359	292.1146953405018	399.2385218365061
34409	171.14695340501794	517.491601343785
34459	279.5698924731183	572.1388577827548
34525	344.98207885304663	273.81858902575584
34575	270.60931899641577	639.3281075027995
34626	422.0430107526882	478.969764837626
34675	585.1254480286739	521.9708846584547
34726	593.1899641577061	555.11758118701
34778	584.2293906810036	506.7413213885778
34829	606.6308243727599	358.0291153415453
34880	512.5448028673835	453.8857782754759
34931	509.8566308243727	323.986562150056
34982	500.0	573.0347144456887
35033	344.98207885304663	537.2004479283315
35092	232.078853046595	642.9115341545353
35140	272.40143369175627	173.48264277715566
35190	320.7885304659498	685.9126539753639
35241	171.14695340501794	546.1590145576707
35294	240.14336917562724	450.3023516237402
35353	105.73476702508961	494.1993281075028
35409	270.60931899641577	446.7189249720045
35460	329.7491039426523	354.44568868980963
35511	290.32258064516134	577.5139977603583
35561	477.59856630824373	431.48936170212767
35613	276.8817204301075	598.1187010078387
35675	316.3082437275986	545.2631578947369
35726	291.21863799283153	423.42665173572226
35777	381.72043010752685	559.5968645016798
35826	357.52688172043014	504.05375139977605
35877	456.0931899641577	362.508398656215
35930	499.10394265232975	380.4255319148936
35979	429.2114695340502	418.05151175811875
36028	347.6702508960573	543.471444568869
36078	437.27598566308245	590.0559910414333
36127	320.7885304659498	846.2709966405375
36178	321.68458781362006	459.2609182530795
36232	243.72759856630825	602.5979843225084
36283	329.7491039426523	451.19820828667406
36332	191.7562724014337	487.0324748040313
36381	394.2652329749104	753.1019036954087
36430	396.0573476702509	487.9283314669653
36493	310.0358422939068	473.5946248600224
36547	230.28673835125448	489.72004479283316
36596	231.1827956989247	624.9944008958566
36659	206.98924731182797	573.0347144456887
36711	329.7491039426523	671.578947368421
36761	285.84229390681	603.4938409854423
36812	397.84946236559136	375.05039193729004
36865	287.6344086021506	526.4501679731243
36916	370.07168458781365	646.4949608062709
36966	303.76344086021504	561.3885778275476
37025	314.51612903225805	365.19596864501676
37079	327.06093189964156	378.63381858902574
37128	228.49462365591398	514.8040313549832
37177	250.89605734767022	409.9888017917133
37225	342.2939068100359	415.3639417693169
37276	203.40501792114696	384.9048152295632
37325	220.43010752688173	499.5744680851064
37375	181.00358422939067	464.6360582306831
37425	337.81362007168457	505.84546472564386
37477	286.7383512544803	574.8264277715565
37526	284.94623655913983	585.5767077267637
37577	305.5555555555556	519.2833146696528
37632	229.39068100358423	405.5095184770437
37682	297.4910394265233	535.4087346024636
37737	392.47311827956986	475.3863381858903
37792	498.2078853046595	564.9720044792833
37842	418.45878136200713	585.5767077267637
37894	443.5483870967742	480.7614781634938
37946	416.6666666666667	579.3057110862262
38008	454.3010752688172	473.5946248600224
38059	513.4408602150537	563.1802911534154
38109	129.03225806451613	956.4613661814111
38159	32.25806451612903	1016.4837625979844
38225	125.44802867383511	650.0783874580068
38275	337.81362007168457	520.1791713325867
38326	392.47311827956986	663.5162374020157
38375	383.5125448028674	697.558790593505
38425	464.15770609319	569.4512877939529
38492	575.2688172043012	589.1601343784994
38544	394.2652329749104	723.538633818589
38608	568.9964157706094	548.8465845464725
38658	436.37992831541214	547.0548712206047
38709	400.5376344086021	486.13661814109736
38759	340.5017921146953	541.679731243001
38814	353.9426523297491	495.09518477043673
38863	287.6344086021506	315.0279955207167
38913	273.2974910394265	203.9417693169093
38969	305.5555555555556	366.0918253079507
39019	267.921146953405	246.94288913773792
39072	289.42652329749103	242.4636058230683
39123	219.53405017921145	247.8387458006719
39171	236.55913978494624	386.69652855543114
39220	62.724014336917556	352.65397536394175
39269	343.1899641577061	255.90145576707727
39318	353.04659498207883	539.8880179171332
39371	287.6344086021506	392.07166853303465
39419	327.06093189964156	341.90369540873456
39469	306.4516129032258	220.96304591265397
39518	315.4121863799283	366.98768197088464
39567	356.63082437275983	455.6774916013437
39621	345.8781362007168	525.5543113101903
39671	289.42652329749103	357.1332586786114
39720	126.34408602150538	753.1019036954087
39766	279.5698924731183	253.21388577827543
39815	199.82078853046596	579.3057110862262
39866	241.93548387096774	418.9473684210526
39923	307.34767025089604	690.3919372900335
39972	353.04659498207883	327.5699888017917
40020	381.72043010752685	518.3874580067189
40072	347.6702508960573	452.094064949608
40121	365.5913978494624	442.2396416573348
40176	398.7455197132617	572.1388577827548
40230	340.5017921146953	449.40649496080624
40279	288.5304659498208	562.2844344904814
40329	419.35483870967744	636.6405375139977
40377	232.97491039426524	513.0123180291152
40427	306.4516129032258	462.8443449048152
40479	221.32616487455198	415.3639417693169
40530	244.6236559139785	450.3023516237402
40579	364.69534050179215	565.8678611422173
40631	325.26881720430106	650.0783874580068
40681	410.3942652329749	402.82194848824184
40735	364.69534050179215	567.6595744680851
40786	380.82437275985666	451.19820828667406
40837	376.34408602150535	571.2430011198207
40886	439.9641577060932	472.69876819708844
40937	296.59498207885304	604.3896976483762
40991	422.0430107526882	463.7402015677491
41045	338.7096774193548	546.1590145576707
41095	202.50896057347668	597.2228443449047
41144	205.19713261648744	733.3930571108622
41193	361.1111111111111	576.6181410974243
41245	372.7598566308244	659.036954087346
41298	437.27598566308245	612.4524076147816
41348	440.86021505376345	564.0761478163494
41402	345.8781362007168	598.1187010078387
41453	335.1254480286738	652.7659574468084
41501	369.17562724014334	672.474804031355
41550	381.72043010752685	678.7458006718925
41605	400.5376344086021	672.474804031355
41653	485.663082437276	351.75811870100785
41702	421.1469534050179	647.3908174692049
41750	232.97491039426524	635.7446808510639
41800	72.58064516129033	652.7659574468084
41853	222.2222222222222	1000.3583426651737
41901	120.96774193548387	1000.3583426651737
41950	209.67741935483872	630.3695408734602
41999	291.21863799283153	640.2239641657335
42048	259.85663082437276	772.8107502799552
42098	412.18637992831543	688.6002239641657
42150	514.336917562724	563.1802911534154
42199	417.56272401433694	456.5733482642777
42250	313.62007168458786	635.7446808510639
42298	448.02867383512546	661.7245240761478
42348	266.1290322580645	666.2038073908175
42402	440.86021505376345	648.2866741321388
42453	412.18637992831543	467.3236282194849
42502	418.45878136200713	536.3045912653976
42553	292.1146953405018	376.84210526315786
42609	378.1362007168459	590.9518477043672
42662	338.7096774193548	649.1825307950728
42710	466.8458781362007	454.78163493840987
42759	605.7347670250897	529.1377379619261
42809	454.3010752688172	607.973124300112
42857	490.14336917562724	543.471444568869
42907	423.83512544802863	592.7435610302351
42960	599.4623655913979	409.0929451287794
43024	505.3763440860215	594.5352743561031
43073	534.9462365591397	535.4087346024636
43122	534.0501792114695	480.7614781634938
43172	536.7383512544803	737.8723404255319
43220	422.93906810035844	596.3269876819709
43274	518.8172043010752	566.7637178051511
43325	454.3010752688172	482.55319148936167
43376	588.7096774193549	409.0929451287794
43424	603.0465949820788	534.5128779395296
43475	530.4659498207885	458.36506159014556
43529	359.3189964157706	635.7446808510639
43579	598.5663082437276	669.7872340425531
43627	535.84229390681	402.82194848824184
43677	588.7096774193549	391.17581187010074
43741	624.5519713261649	573.0347144456887
43808	404.1218637992832	493.30347144456886
43859	367.3835125448029	511.22060470324743
43915	421.1469534050179	385.8006718924972
43974	220.43010752688173	390.27995520716684
44022	422.93906810035844	709.2049272116461
44074	418.45878136200713	319.50727883538633
44130	111.1111111111111	487.9283314669653
44181	306.4516129032258	402.82194848824184
44233	258.9605734767025	543.471444568869
44285	234.76702508960574	534.5128779395296
44335	210.57347670250894	484.34490481522954
44391	229.39068100358423	521.0750279955207
44444	326.16487455197137	503.1578947368421
44494	328.8530465949821	432.38521836506163
44546	390.6810035842294	504.05375139977605
44596	335.1254480286738	609.7648376259798
44646	236.55913978494624	519.2833146696528
44696	325.26881720430106	561.3885778275476
44746	411.2903225806452	438.6562150055991
44796	381.72043010752685	516.5957446808511
44845	374.55197132616485	599.9104143337066
44893	404.1218637992832	345.4871220604703
44942	391.57706093189967	633.057110862262
44991	296.59498207885304	572.1388577827548
45046	380.82437275985666	682.3292273236282
45102	387.99283154121866	504.9496080627099
45151	319.89247311827955	828.3538633818589
45202	334.2293906810036	249.63045912653973
45250	201.61290322580643	664.4120940649497
45301	214.15770609318997	417.1556550951847
45357	221.32616487455198	497.7827547592385
45408	438.1720430107527	236.1926091825308
45458	453.40501792114696	444.9272116461366
45508	472.22222222222223	524.6584546472565
45557	374.55197132616485	563.1802911534154
45608	433.6917562724014	348.1746920492721
45661	321.68458781362006	478.969764837626
45710	381.72043010752685	543.471444568869
45758	267.02508960573476	482.55319148936167
45809	244.6236559139785	605.2855543113102
45858	184.58781362007167	581.993281075028
45912	277.77777777777777	678.7458006718925
45962	330.64516129032256	531.8253079507278
46010	406.8100358422939	599.9104143337066
46059	466.8458781362007	598.1187010078387
46109	456.98924731182797	671.578947368421
46160	432.7956989247312	670.6830907054871
46213	493.72759856630825	409.0929451287794
46268	645.1612903225806	413.57222844344903
46320	675.6272401433691	515.6998880179171
46370	610.2150537634409	389.3840985442329
46421	548.3870967741935	383.1131019036954
46475	551.0752688172042	426.1142217245241
46526	487.4551971326165	513.9081746920492
46576	473.1182795698925	651.8701007838746
46626	426.5232974910394	463.7402015677491
46676	448.02867383512546	644.7032474804031
46727	109.31899641577061	945.711086226204
46782	138.88888888888889	679.6416573348264
46831	384.4086021505376	642.0156774916013
46882	324.3727598566308	566.7637178051511
46932	434.5878136200717	569.4512877939529
46982	595.8781362007169	435.07278835386336
47036	620.0716845878136	520.1791713325867
47085	525.089605734767	524.6584546472565
47136	718.6379928315412	697.558790593505
47186	419.35483870967744	641.1198208286673
47235	375.44802867383515	543.471444568869
47288	389.7849462365591	789.8320268756999
47338	492.831541218638	490.615901455767
47387	377.2401433691756	606.181410974244
47437	387.09677419354836	520.1791713325867
47492	435.48387096774195	604.3896976483762
47545	424.73118279569894	442.2396416573348
47607	390.6810035842294	615.1399776035835
47659	544.8028673835125	548.8465845464725
47708	481.18279569892474	592.7435610302351
47759	454.3010752688172	621.410974244121
47810	442.65232974910396	542.575587905935
47856	539.426523297491	742.3516237402016
47907	387.99283154121866	624.0985442329227
47958	408.60215053763443	499.5744680851064
48024	418.45878136200713	484.34490481522954
48073	517.0250896057348	626.7861142217245
48123	493.72759856630825	635.7446808510639
48176	420.2508960573477	774.602463605823
48226	288.5304659498208	437.76035834266514
48275	456.98924731182797	577.5139977603583
48325	443.5483870967742	630.3695408734602
48375	201.61290322580643	705.6215005599104
48426	396.95340501792117	626.7861142217245
48475	293.01075268817203	647.3908174692049
48525	451.61290322580646	680.5375139977604
48574	443.5483870967742	388.48824188129896
48623	390.6810035842294	512.1164613661814
48674	457.8853046594982	424.32250839865617
48733	396.95340501792117	609.7648376259798
48785	329.7491039426523	577.5139977603583
48833	759.8566308243727	590.0559910414333
48883	1191.7562724014338	233.505039193729
48932	1144.2652329749103	424.32250839865617
48990	1291.2186379928314	223.65061590145578
49041	1344.0860215053763	201.2541993281075
49092	1136.200716845878	501.3661814109742
49140	1215.9498207885304	202.15005599104146
49192	1258.0645161290322	502.2620380739082
49257	1141.5770609318995	478.969764837626
49307	1153.225806451613	325.77827547592386
49355	1028.673835125448	229.02575587905935
49406	1111.111111111111	186.92049272116463
49458	1094.9820788530467	-54.064949608062705
49510	1145.1612903225807	231.7133258678611
49562	1069.8924731182794	-175.00559910414333
49624	1165.7706093189963	95.5431131019037
49674	1032.258064516129	40.89585666293393
49724	1036.7383512544802	-12.855543113101902
49774	857.5268817204301	74.9384098544233
49824	1175.6272401433691	272.92273236282193
49874	335.1254480286738	442.2396416573348
49925	271.505376344086	371.4669652855543
49975	184.58781362007167	554.2217245240761
50042	398.7455197132617	441.34378499440083
50107	284.94623655913983	608.8689809630459
50160	394.2652329749104	409.9888017917133
50224	322.5806451612903	498.6786114221724
50291	473.1182795698925	231.7133258678611
50342	354.8387096774194	541.679731243001
50391	470.4301075268817	518.3874580067189
50458	251.79211469534053	654.5576707726764
50508	312.72401433691755	556.0134378499439
50557	231.1827956989247	494.1993281075028
50607	350.3584229390681	654.5576707726764
50657	300.17921146953404	231.7133258678611
50707	159.49820788530468	94.64725643896978
50774	215.05376344086022	165.41993281075028
50824	180.10752688172045	156.46136618141097
50875	242.831541218638	262.1724524076148
50926	198.02867383512546	109.8768197088466
50978	144.2652329749104	140.3359462486002
51032	118.27956989247312	190.50391937290036
51082	195.3405017921147	152.87793952967525
51133	116.48745519713262	149.29451287793952
51194	222.2222222222222	194.08734602463608
51242	169.3548387096774	143.02351623740202
51292	135.30465949820788	-8.376259798432251
51345	160.3942652329749	303.3818589025756
51407	103.04659498207886	88.37625979843226
51457	308.24372759856635	105.39753639417692
51507	106.63082437275985	68.66741321388578
51557	30.46594982078853	192.2956326987682
51610	148.74551971326164	196.77491601343786
51660	38.530465949820794	21.187010078387456
51709	186.3799283154122	244.25531914893614
51758	184.58781362007167	271.13101903695406
51807	215.94982078853047	287.2564389697648
51856	136.20071684587813	291.7357222844345
51909	317.2043010752688	169.003359462486
51958	254.48028673835128	96.43896976483764
52008	233.87096774193546	21.187010078387456
52057	155.0179211469534	147.50279955207168
52107	187.27598566308242	240.67189249720045
52162	159.49820788530468	35.52071668533034
52210	213.2616487455197	23.87458006718925
52273	89.60573476702508	53.43784994400895
52324	269.7132616487455	147.50279955207168
52378	41.21863799283154	-159.7760358342665
52429	301.97132616487454	96.43896976483764
52478	285.84229390681	25.66629339305711
52527	320.7885304659498	91.95968645016798
52576	379.0322580645161	160.94064949608062
52625	233.87096774193546	37.3124300111982
52675	224.01433691756273	22.97872340425532
52729	123.65591397849462	254.10974244120942
52777	163.08243727598568	29.24972004479283
52840	167.5627240143369	46.27099664053752
52889	220.43010752688173	112.56438969764837
52938	89.60573476702508	-97.9619260918253
52992	146.95340501792114	108.98096304591265
53046	78.85304659498208	-138.27547592385218
53096	183.69175627240145	222.75475923852187
53147	127.24014336917564	100.91825307950728
53198	96.77419354838709	154.66965285554312
53244	41.21863799283154	50.75027995520717
53297	106.63082437275985	222.75475923852187
53348	77.06093189964159	120.62709966405376
53398	150.53763440860214	90.16797312430012
53448	131.72043010752688	196.77491601343786
53498	183.69175627240145	86.5845464725644
53557	111.1111111111111	201.2541993281075
53608	92.29390681003584	131.37737961926092
53661	134.40860215053763	160.0447928331467
53711	258.9605734767025	80.31354983202688
53760	284.0501792114695	59.708846584546485
53809	112.90322580645162	192.2956326987682
53862	94.08602150537634	48.06270996640538
53911	218.63799283154123	57.91713325867862
53958	166.66666666666666	72.25083986562151
54007	174.73118279569894	39.10414333706606
54057	153.2258064516129	204.83762597984324
54110	82.43727598566308	162.7323628219485
54158	133.51254480286738	-20.91825307950728
54208	-19.71326164874552	34.62486002239641
54258	146.0573476702509	259.48488241881296
54308	-2.688172043010753	110.77267637178052
54357	24.193548387096772	386.69652855543114
54410	203.40501792114696	268.4434490481523
54461	70.78853046594982	240.67189249720045
54510	-6.272401433691757	221.85890257558788
54559	59.13978494623656	389.3840985442329
54606	92.29390681003584	292.6315789473684
54653	53.763440860215056	333.8409854423292
54706	146.0573476702509	478.969764837626
54763	170.25089605734766	410.88465845464725
54817	39.42652329749104	423.42665173572226
54869	382.6164874551971	449.40649496080624
54917	201.61290322580643	352.65397536394175
54967	165.77060931899643	530.929451287794
55018	206.98924731182797	306.06942889137736
55073	148.74551971326164	300.6942889137738
55123	197.1326164874552	374.1545352743561
55173	186.3799283154122	412.67637178051507
55222	174.73118279569894	428.8017917133258
55272	249.10394265232975	599.0145576707727
55326	268.81720430107526	246.94288913773792
55376	310.9318996415771	154.66965285554312
55425	451.61290322580646	392.9675251959686
55490	287.6344086021506	185.12877939529676
55540	127.24014336917564	-9.272116461366181
55593	153.2258064516129	121.52295632698768
55643	83.33333333333333	22.97872340425532
55692	90.50179211469533	129.58566629339305
55741	158.6021505376344	105.39753639417692
55791	82.43727598566308	80.31354983202688
55840	152.32974910394265	193.19148936170214
55893	188.17204301075267	-106.02463605823067
55942	300.17921146953404	13.124300111982084
55992	310.0358422939068	-52.273236282194844
56046	112.90322580645162	177.06606942889138
56100	314.51612903225805	-27.189249720044796
56154	250.0	-99.75363941769317
56203	164.87455197132616	144.8152295632699
56252	191.7562724014337	151.98208286674134
56302	258.06451612903226	200.35834266517355
56351	196.23655913978493	333.8409854423292
56400	227.59856630824373	-68.39865621500559
56453	170.25089605734766	36.41657334826427
56502	240.14336917562724	123.31466965285556
56551	130.82437275985666	-99.75363941769317
56600	157.70609318996415	111.66853303471444
56650	163.9784946236559	78.52183650615902
56704	332.43727598566306	127.7939529675252
56754	65.41218637992833	100.91825307950728
56805	163.9784946236559	255.90145576707727
56854	143.36917562724014	12.228443449048152
56903	162.1863799283154	149.29451287793952
56953	342.2939068100359	199.46248600223964
57006	128.13620071684588	-69.29451287793952
57056	169.3548387096774	-37.93952967525196
57105	250.0	-166.94288913773795
57153	191.7562724014337	100.02239641657336
57203	206.98924731182797	100.91825307950728
57258	215.94982078853047	95.5431131019037
57310	209.67741935483872	-209.94400895856666
57359	145.16129032258067	75.83426651735724
57409	181.00358422939067	101.8141097424412
57458	74.37275985663082	25.66629339305711
57508	129.03225806451613	100.91825307950728
57557	147.8494623655914	1.4781634938409858
57606	59.13978494623656	136.7525195968645
57656	121.86379928315412	58.81298992161255
57703	214.15770609318997	210.21276595744683
57753	192.65232974910393	-34.35610302351624
57807	239.247311827957	22.08286674132139
57856	370.07168458781365	54.33370660694289
57906	293.01075268817203	151.0862262038074
57954	264.336917562724	273.81858902575584
58007	281.3620071684588	186.0246360582307
58059	210.57347670250894	100.02239641657336
58110	249.10394265232975	-109.60806270996639
58161	282.2580645161291	52.54199328107503
58210	242.831541218638	-41.52295632698768
58261	232.97491039426524	-10.167973124300111
58312	298.38709677419354	-54.96080627099664
58366	362.90322580645164	-42.41881298992161
58416	331.54121863799287	50.75027995520717
58468	439.0681003584229	140.3359462486002
58529	223.11827956989248	99.12653975363942
58580	558.2437275985664	97.33482642777156
58632	551.9713261648745	57.02127659574467
58681	466.8458781362007	94.64725643896978
58730	347.6702508960573	219.17133258678612
58778	182.7956989247312	130.481522956327
58828	184.58781362007167	29.24972004479283
58877	265.23297491039426	217.37961926091828
58930	215.05376344086022	37.3124300111982
58978	56.45161290322581	-25.397536394176935
59028	206.98924731182797	73.14669652855544
59076	177.4193548387097	39.10414333706606
59125	184.58781362007167	73.14669652855544
59177	295.6989247311828	63.292273236282206
59226	245.51971326164875	109.8768197088466
59279	258.9605734767025	98.2306830907055
59329	315.4121863799283	240.67189249720045
59378	279.5698924731183	120.62709966405376
59425	217.74193548387098	-59.440089585666286
59474	259.85663082437276	83.8969764837626
59525	159.49820788530468	-33.46024636058231
59578	212.36559139784947	-66.60694288913773
59627	261.6487455197133	73.14669652855544
59682	161.29032258064515	-154.4008958566629
59732	199.82078853046596	239.77603583426648
59780	250.0	-91.69092945128779
59828	101.25448028673834	20.291153415453525
59877	148.74551971326164	-53.16909294512878
59927	112.90322580645162	12.228443449048152
59977	268.81720430107526	-9.272116461366181
60025	275.089605734767	1.4781634938409858
60074	103.9426523297491	39.10414333706606
60127	135.30465949820788	122.4188129899216
60177	155.0179211469534	209.3169092945129
60226	39.42652329749104	-7.48040313549832
60276	62.724014336917556	-55.856662933930565
60325	0.0	151.98208286674134
60389	299.2831541218638	161.83650615901456
60439	249.10394265232975	96.43896976483764
60489	267.02508960573476	261.27659574468083
60538	237.4551971326165	72.25083986562151
60587	321.68458781362006	-70.19036954087345
60638	267.921146953405	144.8152295632699
60691	193.54838709677418	22.08286674132139
60739	134.40860215053763	-3.0011198208286674
60789	186.3799283154122	50.75027995520717
60839	118.27956989247312	117.93952967525196
60891	224.01433691756273	126.89809630459128
60947	67.20430107526882	150.19036954087346
60996	101.25448028673834	-28.085106382978726
61046	58.24372759856631	-57.648376259798425
61097	137.99283154121864	134.06494960806273
61145	65.41218637992833	23.87458006718925
61195	77.06093189964159	151.98208286674134
61249	154.12186379928318	-11.959686450167972
61298	139.78494623655914	-74.6696528555431
61348	258.9605734767025	-74.6696528555431
61406	335.1254480286738	116.14781634938412
61457	336.9175627240144	184.23292273236282
61511	121.86379928315412	118.83538633818588
61561	181.00358422939067	203.0459126539754
61611	323.4767025089606	82.10526315789474
61673	324.3727598566308	228.1298992161254
61722	347.6702508960573	171.6909294512878
61773	323.4767025089606	50.75027995520717
61824	185.48387096774195	-37.93952967525196
61873	207.8853046594982	29.24972004479283
61923	26.881720430107528	67.77155655095186
61974	221.32616487455198	126.89809630459128
62024	88.70967741935485	44.47928331466965
62090	135.30465949820788	199.46248600223964
62141	181.00358422939067	-15.543113101903696
62194	81.54121863799284	197.6707726763718
62256	201.61290322580643	135.85666293393058
62306	162.1863799283154	47.16685330347145
62356	115.59139784946235	48.95856662933931
62408	199.82078853046596	18.499440089585665
62458	279.5698924731183	86.5845464725644
62508	207.8853046594982	129.58566629339305
62557	163.08243727598568	70.45912653975364
62608	345.8781362007168	198.5666293393057
62660	238.35125448028674	201.2541993281075
62709	181.89964157706092	86.5845464725644
62759	200.7168458781362	213.79619260918253
62808	103.9426523297491	342.7995520716685
62859	55.55555555555555	469.11534154535275
62906	181.00358422939067	175.27435610302354
62956	132.61648745519713	261.27659574468083
63008	79.74910394265234	192.2956326987682
63064	235.663082437276	359.8208286674132
63113	311.8279569892473	287.2564389697648
63163	328.8530465949821	409.0929451287794
63215	350.3584229390681	348.1746920492721
63266	244.6236559139785	385.8006718924972
63324	278.673835125448	396.55095184770437
63380	197.1326164874552	415.3639417693169
63430	380.82437275985666	476.28219484882413
63484	292.1146953405018	207.525195968645
63533	334.2293906810036	487.9283314669653
63583	366.4874551971326	329.36170212765956
63634	205.19713261648744	301.5901455767077
63689	215.94982078853047	155.56550951847706
63739	206.98924731182797	425.21836506159013
63792	229.39068100358423	399.2385218365061
63842	184.58781362007167	279.1937290033594
63891	122.75985663082437	138.54423292273236
63940	120.96774193548387	177.06606942889138
63991	128.13620071684588	21.187010078387456
64043	86.91756272401433	152.87793952967525
64094	216.8458781362007	-20.91825307950728
64143	295.6989247311828	-45.10638297872341
64194	288.5304659498208	160.94064949608062
64242	232.078853046595	83.00111982082868
64292	270.60931899641577	10.436730123180292
64342	204.30107526881721	20.291153415453525
64399	293.01075268817203	40.89585666293393
64448	250.0	-50.481522956326984
64497	194.44444444444446	178.85778275475926
64560	137.09677419354838	237.0884658454647
64609	177.4193548387097	143.91937290033596
64660	275.089605734767	38.20828667413213
64708	124.55197132616487	-20.022396416573347
64757	96.77419354838709	-69.29451287793952
64806	154.12186379928318	222.75475923852187
64856	117.38351254480287	-69.29451287793952
64905	104.83870967741936	-232.3404255319149
64958	365.5913978494624	255.00559910414333
65007	283.1541218637993	-34.35610302351624
65056	285.84229390681	145.7110862262038
65105	284.94623655913983	-13.751399776035832
65156	345.8781362007168	125.1063829787234
65210	343.1899641577061	228.1298992161254
65258	303.76344086021504	87.48040313549834
65323	373.65591397849465	-35.25195968645017
65373	286.7383512544803	84.79283314669654
65423	337.81362007168457	178.85778275475926
65473	274.19354838709677	26.56215005599104
65526	370.07168458781365	186.92049272116463
65575	302.86738351254485	137.64837625979845
65624	186.3799283154122	88.37625979843226
65672	245.51971326164875	65.08398656215006
65722	213.2616487455197	58.81298992161255
65781	155.91397849462365	287.2564389697648
65834	116.48745519713262	280.9854423292273
65885	109.31899641577061	234.40089585666294
65935	82.43727598566308	272.02687569988797
65986	48.387096774193544	183.3370660694289
66036	65.41218637992833	209.3169092945129
66090	54.659498207885306	208.42105263157896
66141	13.440860215053764	365.19596864501676
66189	71.68458781362007	312.3404255319149
66238	113.79928315412187	283.6730123180291
66287	194.44444444444446	242.4636058230683
66340	228.49462365591398	242.4636058230683
66389	327.9569892473118	208.42105263157896
66439	333.3333333333333	256.7973124300112
66489	307.34767025089604	366.98768197088464
66555	263.44086021505376	323.986562150056
66606	291.21863799283153	389.3840985442329
66672	292.1146953405018	454.78163493840987
66722	208.78136200716847	524.6584546472565
66772	322.5806451612903	499.5744680851064
66822	249.10394265232975	404.6136618141097
66872	301.97132616487454	507.63717805151174
66926	340.5017921146953	573.9305711086226
66991	356.63082437275983	355.34154535274354
67055	284.94623655913983	399.2385218365061
67108	275.98566308243727	504.9496080627099
67172	307.34767025089604	433.2810750279955
67222	312.72401433691755	611.5565509518476
67275	301.97132616487454	585.5767077267637
67324	290.32258064516134	528.2418812989921
67373	436.37992831541214	598.1187010078387
67422	355.7347670250896	530.03359462486
67474	508.06451612903226	438.6562150055991
67527	520.6093189964157	488.8241881298992
67589	365.5913978494624	661.7245240761478
67640	362.00716845878134	560.4927211646136
67691	415.7706093189964	616.9316909294513
67740	402.3297491039427	331.15341545352743
67790	456.98924731182797	774.602463605823
67840	290.32258064516134	528.2418812989921
67889	185.48387096774195	588.2642777155655
67940	226.70250896057348	504.05375139977605
67991	183.69175627240145	540.7838745800672
68056	281.3620071684588	534.5128779395296
68122	326.16487455197137	498.6786114221724
68172	338.7096774193548	447.61478163493837
68224	55.55555555555555	954.6696528555432
68279	71.68458781362007	810.4367301231802
68339	68.10035842293907	589.1601343784994
68405	298.38709677419354	542.575587905935
68457	277.77777777777777	650.0783874580068
68506	275.98566308243727	418.9473684210526
68555	263.44086021505376	568.555431131019
68603	272.40143369175627	616.9316909294513
68655	248.2078853046595	618.7234042553191
68722	219.53405017921145	605.2855543113102
68772	417.56272401433694	535.4087346024636
68822	428.31541218637994	369.6752519596864
68873	258.9605734767025	504.05375139977605
68922	521.505376344086	503.1578947368421
68972	418.45878136200713	467.3236282194849
69021	477.59856630824373	568.555431131019
69072	250.0	347.2788353863382
69122	546.594982078853	630.3695408734602
69178	625.4480286738351	583.7849944008958
69229	517.921146953405	481.6573348264278
69289	373.65591397849465	623.2026875699888
69340	317.2043010752688	633.952967525196
69393	262.5448028673835	443.1354983202687
69455	303.76344086021504	353.54983202687566
69505	340.5017921146953	565.8678611422173
69555	342.2939068100359	519.2833146696528
69605	347.6702508960573	397.4468085106383
69655	409.4982078853047	208.42105263157896
69705	283.1541218637993	423.42665173572226
69760	225.80645161290323	539.8880179171332
69811	373.65591397849465	469.11534154535275
69861	238.35125448028674	702.9339305711086
69913	172.9390681003584	481.6573348264278
69972	283.1541218637993	612.4524076147816
70023	241.0394265232975	529.1377379619261
70072	333.3333333333333	487.0324748040313
70123	289.42652329749103	591.8477043673012
70172	330.64516129032256	409.0929451287794
70223	306.4516129032258	280.0895856662934
70273	357.52688172043014	581.993281075028
70327	267.921146953405	432.38521836506163
70376	304.6594982078853	499.5744680851064
70426	284.94623655913983	675.1623740201568
70475	268.81720430107526	687.7043673012317
70522	192.65232974910393	602.5979843225084
70576	358.42293906810033	581.097424412094
70624	362.90322580645164	475.3863381858903
70673	381.72043010752685	478.073908174692
70738	438.1720430107527	433.2810750279955
70788	253.58422939068097	486.13661814109736
70839	429.2114695340502	547.0548712206047
70905	333.3333333333333	616.9316909294513
70957	246.415770609319	590.0559910414333
71006	280.4659498207885	409.0929451287794
71055	256.27240143369175	490.615901455767
71106	248.2078853046595	511.22060470324743
71159	415.7706093189964	478.969764837626
71222	372.7598566308244	375.94624860022395
71272	365.5913978494624	556.0134378499439
71322	293.01075268817203	248.73460246360582
71372	455.19713261648747	453.8857782754759
71421	455.19713261648747	464.6360582306831
71474	407.7060931899641	231.7133258678611
71523	266.1290322580645	564.0761478163494
71573	366.4874551971326	300.6942889137738
71623	345.8781362007168	408.1970884658454
71672	250.89605734767022	395.6550951847704
71725	369.17562724014334	438.6562150055991
71774	330.64516129032256	581.993281075028
71827	295.6989247311828	541.679731243001
71878	212.36559139784947	539.8880179171332
71926	189.06810035842295	513.0123180291152
71976	288.5304659498208	403.7178051511758
72025	307.34767025089604	311.444568868981
72075	160.3942652329749	573.9305711086226
72125	273.2974910394265	485.2407614781635
72174	368.27956989247315	455.6774916013437
72239	278.673835125448	492.4076147816349
72305	353.9426523297491	419.84322508398657
72355	568.100358422939	412.67637178051507
72405	537.6344086021505	361.61254199328107
72455	643.3691756272401	352.65397536394175
72503	588.7096774193549	106.29339305711088
72555	468.6379928315412	245.15117581187008
72605	591.3978494623656	349.070548712206
72655	500.0	585.5767077267637
72705	583.3333333333334	591.8477043673012
72756	502.68817204301075	392.9675251959686
72806	390.6810035842294	577.5139977603583
72872	350.3584229390681	606.181410974244
72922	291.21863799283153	441.34378499440083
72971	368.27956989247315	435.9686450167973
73029	252.68817204301075	680.5375139977604
73095	314.51612903225805	130.481522956327
73155	350.3584229390681	61.500559910414346
73205	187.27598566308242	14.020156774916014
73253	265.23297491039426	49.85442329227324
73303	303.76344086021504	204.83762597984324
73353	284.0501792114695	-20.91825307950728
73403	242.831541218638	33.72900335946248
73455	217.74193548387098	167.21164613661813
73505	315.4121863799283	-34.35610302351624
73554	249.10394265232975	-141.8589025755879
73605	346.77419354838713	89.2721164613662
73655	250.89605734767022	-28.085106382978726
73711	309.13978494623655	-64.81522956326987
73760	275.98566308243727	10.436730123180292
73808	231.1827956989247	33.72900335946248
73862	333.3333333333333	164.52407614781634
73911	290.32258064516134	-104.23292273236282
73960	362.90322580645164	315.0279955207167
74010	358.42293906810033	435.9686450167973
74061	358.42293906810033	444.9272116461366
74122	338.7096774193548	243.35946248600223
74188	258.06451612903226	340.11198208286675
74242	377.2401433691756	572.1388577827548
74305	473.1182795698925	327.5699888017917
74356	412.18637992831543	547.9507278835385
74407	0.8960573476702509	838.2082866741321
74460	101.25448028673834	679.6416573348264
74522	392.47311827956986	579.3057110862262
74571	608.4229390681004	508.5330347144457
74621	513.4408602150537	615.1399776035835
74673	547.4910394265233	469.11534154535275
74721	681.0035842293906	501.3661814109742
74777	611.1111111111112	470.0111982082866
74838	569.8924731182797	595.4311310190369
74888	681.0035842293906	403.7178051511758
74937	574.3727598566309	392.9675251959686
74987	449.82078853046596	506.7413213885778
75040	350.3584229390681	477.1780515117581
75088	428.31541218637994	496.88689809630455
75139	431.00358422939064	410.88465845464725
75188	346.77419354838713	414.46808510638294
75240	399.6415770609319	497.7827547592385
75304	517.921146953405	455.6774916013437
75371	491.0394265232975	615.1399776035835
75421	473.1182795698925	479.8656215005598
75476	572.5806451612904	548.8465845464725
75538	443.5483870967742	469.11534154535275
75588	512.5448028673835	367.8835386338186
75655	422.93906810035844	603.4938409854423
75704	674.7311827956988	563.1802911534154
75754	645.1612903225806	459.2609182530795
75803	560.931899641577	467.3236282194849
75855	592.2939068100358	406.40537513997754
75905	555.5555555555555	495.09518477043673
75972	424.73118279569894	468.2194848824188
76022	610.2150537634409	341.90369540873456
76075	608.4229390681004	355.34154535274354
76125	571.68458781362	349.070548712206
76176	699.820788530466	458.36506159014556
76230	610.2150537634409	495.09518477043673
76280	776.8817204301075	676.9540873460246
76338	605.7347670250897	440.447928331467
76389	660.3942652329749	459.2609182530795
76440	703.405017921147	480.7614781634938
76489	558.2437275985664	430.59350503919364
76542	635.3046594982079	368.7793952967525
76591	604.8387096774194	503.1578947368421
76641	741.0394265232975	515.6998880179171
76693	706.989247311828	567.6595744680851
76744	248.2078853046595	702.0380739081746
76798	422.93906810035844	398.3426651735722
76854	166.66666666666666	991.3997760358344
76904	277.77777777777777	756.6853303471445
76954	357.52688172043014	597.2228443449047
77005	666.6666666666666	516.5957446808511
77054	662.1863799283154	417.1556550951847
77104	761.6487455197133	321.29899216125415
77155	625.4480286738351	446.7189249720045
77205	697.1326164874552	532.7211646136618
77254	557.347670250896	368.7793952967525
77303	574.3727598566309	394.7592385218365
77357	556.4516129032257	564.0761478163494
77407	603.0465949820788	407.30123180291156
77456	555.5555555555555	330.25755879059346
77506	687.2759856630825	580.2015677491602
77557	580.6451612903227	521.9708846584547
77607	784.0501792114695	589.1601343784994
77671	833.3333333333334	438.6562150055991
77721	689.9641577060933	440.447928331467
77769	784.0501792114695	321.29899216125415
77822	637.0967741935484	538.0963045912654
77870	720.4301075268818	620.5151175811869
77937	640.6810035842294	437.76035834266514
77990	674.7311827956988	418.05151175811875
78042	765.2329749103942	632.161254199328
78101	550.179211469534	469.11534154535275
78151	653.2258064516129	408.1970884658454
78205	392.47311827956986	453.8857782754759
78255	572.5806451612904	80.31354983202688
78306	383.5125448028674	661.7245240761478
78355	273.2974910394265	440.447928331467
78405	408.60215053763443	526.4501679731243
78455	396.0573476702509	452.094064949608
78521	259.85663082437276	681.4333706606942
78571	341.39784946236557	502.2620380739082
78622	335.1254480286738	503.1578947368421
78674	285.84229390681	463.7402015677491
78738	338.7096774193548	535.4087346024636
78788	299.2831541218638	525.5543113101903
78839	392.47311827956986	589.1601343784994
78893	308.24372759856635	476.28219484882413
78942	285.84229390681	394.7592385218365
79005	361.1111111111111	277.4020156774916
79057	391.57706093189967	460.15677491601343
79106	438.1720430107527	519.2833146696528
79157	189.96415770609318	534.5128779395296
79206	263.44086021505376	450.3023516237402
79259	399.6415770609319	590.0559910414333
79309	371.8637992831541	499.5744680851064
79371	278.673835125448	583.7849944008958
79421	352.15053763440864	468.2194848824188
79473	408.60215053763443	353.54983202687566
79522	379.0322580645161	598.1187010078387
79588	295.6989247311828	576.6181410974243
79638	362.90322580645164	693.0795072788354
79687	304.6594982078853	539.8880179171332
79737	318.99641577060936	420.7390817469205
79788	412.18637992831543	197.6707726763718
79841	402.3297491039427	568.555431131019
79889	355.7347670250896	524.6584546472565
79939	357.52688172043014	375.94624860022395
79987	379.0322580645161	331.15341545352743
80038	304.6594982078853	513.0123180291152
80089	356.63082437275983	227.23404255319147
80155	291.21863799283153	425.21836506159013
80205	425.6272401433692	318.6114221724524
80255	467.7419354838709	415.3639417693169
80305	402.3297491039427	428.8017917133258
80356	457.8853046594982	272.92273236282193
80415	417.56272401433694	424.32250839865617
80471	405.9139784946236	552.4300111982083
80521	490.14336917562724	645.5991041433371
80572	375.44802867383515	706.5173572228443
80622	350.3584229390681	521.0750279955207
80672	418.45878136200713	485.2407614781635
80737	391.57706093189967	690.3919372900335
80788	270.60931899641577	513.9081746920492
80840	293.9068100358423	560.4927211646136
80889	418.45878136200713	545.2631578947369
80955	223.11827956989248	461.0526315789474
81008	323.4767025089606	595.4311310190369
81071	201.61290322580643	625.8902575587905
81121	259.85663082437276	469.11534154535275
81171	309.13978494623655	639.3281075027995
81221	462.3655913978494	366.0918253079507
81272	524.1935483870967	538.0963045912654
81326	385.30465949820785	640.2239641657335
81374	356.63082437275983	428.8017917133258
81424	544.8028673835125	519.2833146696528
81473	557.347670250896	527.3460246360581
81523	674.7311827956988	486.13661814109736
81580	479.39068100358423	540.7838745800672
81637	531.3620071684588	496.88689809630455
81688	542.1146953405018	476.28219484882413
81738	469.5340501792115	560.4927211646136
81788	516.1290322580645	586.4725643896977
81838	566.3082437275986	584.6808510638298
81889	444.4444444444444	650.9742441209406
81939	385.30465949820785	696.6629339305711
81990	357.52688172043014	569.4512877939529
82040	418.45878136200713	504.9496080627099
82089	519.7132616487455	517.491601343785
82155	491.93548387096774	419.84322508398657
82206	402.3297491039427	421.63493840985444
82254	508.06451612903226	417.1556550951847
82307	343.1899641577061	573.9305711086226
82359	329.7491039426523	538.9921612541993
82411	365.5913978494624	498.6786114221724
82471	388.8888888888889	700.2463605823068
82520	522.4014336917563	436.8645016797312
82571	302.86738351254485	649.1825307950728
82620	510.752688172043	579.3057110862262
82669	396.0573476702509	534.5128779395296
82722	398.7455197132617	541.679731243001
82774	224.01433691756273	624.9944008958566
82826	486.55913978494624	334.7368421052631
82875	284.94623655913983	695.7670772676372
82925	458.78136200716847	415.3639417693169
82978	401.4336917562724	357.1332586786114
83026	327.9569892473118	573.0347144456887
83092	362.90322580645164	572.1388577827548
83142	544.8028673835125	593.6394176931691
83190	486.55913978494624	551.5341545352744
83240	551.9713261648745	650.9742441209406
83294	425.6272401433692	643.8073908174692
83354	550.179211469534	438.6562150055991
83404	566.3082437275986	439.552071668533
83454	432.7956989247312	539.8880179171332
83504	595.8781362007169	698.4546472564389
83570	1263.4408602150538	111.66853303471444
83621	1284.0501792114696	469.11534154535275
83672	1189.9641577060931	630.3695408734602
83721	1316.3082437275987	210.21276595744683
83771	1123.6559139784945	614.2441209406495
83821	1381.720430107527	412.67637178051507
83876	1258.9605734767024	663.5162374020157
83927	1065.4121863799285	481.6573348264278
83989	1370.0716845878135	516.5957446808511
84055	985.663082437276	490.615901455767
84105	1225.8064516129032	620.5151175811869
84171	1309.1397849462364	459.2609182530795
84221	1212.3655913978496	510.3247480403136
84272	1043.010752688172	788.9361702127659
84322	1104.8387096774193	336.528555431131
84375	351.2544802867383	555.11758118701
84432	474.01433691756273	412.67637178051507
84491	422.0430107526882	454.78163493840987
84539	392.47311827956986	354.44568868980963
84590	365.5913978494624	551.5341545352744
84644	486.55913978494624	384.0089585666293
84699	344.0860215053764	505.84546472564386
84754	388.8888888888889	421.63493840985444
84803	320.7885304659498	647.3908174692049
84853	307.34767025089604	557.805151175812
84904	282.2580645161291	516.5957446808511
84954	471.326164874552	437.76035834266514
85004	362.90322580645164	417.1556550951847
85055	466.8458781362007	390.27995520716684
85105	619.1756272401434	501.3661814109742
85153	525.9856630824373	764.7480403135498
85205	422.0430107526882	739.6640537513997
85258	548.3870967741935	800.582306830907
85309	540.3225806451612	753.9977603583426
85358	426.5232974910394	749.518477043673
85407	188.17204301075267	817.6035834266518
85456	361.1111111111111	679.6416573348264
85505	213.2616487455197	943.0235162374022
85559	333.3333333333333	824.7704367301232
85609	376.34408602150535	779.9776035834267
85658	262.5448028673835	893.7513997760359
85709	370.07168458781365	804.1657334826427
85760	354.8387096774194	741.4557670772676
85820	326.16487455197137	850.7502799552071
85875	336.02150537634407	930.4815229563271
85934	455.19713261648747	781.7693169092945
85986	275.98566308243727	789.8320268756999
86032	224.91039426523298	723.538633818589
86083	261.6487455197133	896.4389697648376
86135	117.38351254480287	840.0
86189	334.2293906810036	795.2071668533034
86242	318.10035842293905	712.7883538633819
86291	243.72759856630825	771.0190369540874
86341	340.5017921146953	856.1254199328108
86393	271.505376344086	874.0425531914892
86455	304.6594982078853	810.4367301231802
86510	97.67025089605735	947.5027995520717
86561	100.3584229390681	1058.5890257558792
86609	23.297491039426525	912.5643896976485
86666	86.91756272401433	782.6651735722284
86721	120.96774193548387	902.7099664053751
86771	-30.46594982078853	1069.3393057110864
86829	-42.1146953405018	926.8980963045914
86880	215.94982078853047	775.498320268757
86931	-0.8960573476702509	864.188129899216
86989	484.76702508960574	827.458006718925
87041	414.8745519713262	556.9092945128779
87089	553.763440860215	414.46808510638294
87138	510.752688172043	436.8645016797312
87189	552.8673835125448	405.5095184770437
87239	486.55913978494624	429.6976483762598
87304	663.9784946236559	355.34154535274354
87355	660.3942652329749	508.5330347144457
87404	644.2652329749103	547.9507278835385
87454	323.4767025089606	572.1388577827548
87504	184.58781362007167	907.1892497200448
87554	461.4695340501792	811.3325867861142
87606	394.2652329749104	559.5968645016798
87674	802.8673835125448	816.7077267637177
87747	1068.9964157706092	855.2295632698767
87796	1148.7455197132617	577.5139977603583
87855	1075.268817204301	547.0548712206047
87921	1232.9749103942654	713.6842105263158
87971	1063.6200716845879	446.7189249720045
88019	1195.3405017921145	495.9910414333707
88070	1089.605734767025	608.8689809630459
88131	1088.7096774193546	301.5901455767077
88187	1106.63082437276	603.4938409854423
88237	1139.7849462365593	533.6170212765957
88287	1144.2652329749103	540.7838745800672
88337	1163.978494623656	581.993281075028
88386	1367.383512544803	504.05375139977605
88437	1264.336917562724	666.2038073908175
88503	1220.4301075268818	477.1780515117581
88554	1118.279569892473	667.0996640537513
88604	1223.1182795698926	415.3639417693169
88654	825.2688172043012	501.3661814109742
88704	468.6379928315412	369.6752519596864
88758	455.19713261648747	377.73796192609177
88820	312.72401433691755	392.07166853303465
88874	502.68817204301075	723.538633818589
88927	363.79928315412184	637.5363941769317
88976	260.752688172043	511.22060470324743
89026	224.91039426523298	557.805151175812
89080	156.81003584229393	555.11758118701
89128	44.80286738351254	789.8320268756999
89181	285.84229390681	616.9316909294513
89230	107.52688172043011	830.1455767077268
89279	107.52688172043011	760.2687569988801
89328	129.92831541218638	581.993281075028
89378	465.9498207885305	652.7659574468084
89430	437.27598566308245	511.22060470324743
89486	363.79928315412184	548.8465845464725
89534	393.36917562724017	495.9910414333707
89586	453.40501792114696	741.4557670772676
89635	387.09677419354836	540.7838745800672
89684	320.7885304659498	384.0089585666293
89733	412.18637992831543	469.11534154535275
89782	229.39068100358423	370.57110862262033
89829	305.5555555555556	88.37625979843226
89879	308.24372759856635	374.1545352743561
89928	310.9318996415771	213.79619260918253
89978	247.31182795698925	110.77267637178052
90030	294.80286738351253	155.56550951847706
90079	270.60931899641577	66.87569988801792
90139	233.87096774193546	134.96080627099664
90189	322.5806451612903	151.98208286674134
90238	310.9318996415771	322.1948488241881
90291	279.5698924731183	235.29675251959685
90340	428.31541218637994	287.2564389697648
90389	257.168458781362	410.88465845464725
90438	347.6702508960573	86.5845464725644
90489	376.34408602150535	184.23292273236282
90538	346.77419354838713	177.06606942889138
90590	359.3189964157706	83.00111982082868
90640	316.3082437275986	143.91937290033596
90690	293.01075268817203	179.75363941769317
90739	234.76702508960574	175.27435610302354
90788	116.48745519713262	160.0447928331467
90841	237.4551971326165	-46.00223964165734
90890	173.83512544802866	194.08734602463608
90939	214.15770609318997	235.29675251959685
90989	95.87813620071685	325.77827547592386
91038	265.23297491039426	226.33818589025756
91087	146.95340501792114	32.83314669652855
91139	176.52329749103941	199.46248600223964
91188	136.20071684587813	96.43896976483764
91238	218.63799283154123	170.79507278835388
91292	206.98924731182797	220.96304591265397
91343	216.8458781362007	185.12877939529676
91396	248.2078853046595	139.4400895856663
91445	336.02150537634407	-26.293393057110865
91495	327.06093189964156	150.19036954087346
91544	535.84229390681	201.2541993281075
91594	1384.4086021505377	292.6315789473684
