time	x	y
1	799.5132743362832	815.1491712707182
37	893.5398230088496	805.2044198895029
66	813.8938053097345	873.7127071823204
93	813.8938053097345	873.7127071823204
120	813.8938053097345	873.7127071823204
147	872.5221238938053	821.7790055248619
174	872.5221238938053	821.7790055248619
199	805.0442477876106	756.585635359116
228	805.0442477876106	756.585635359116
253	805.0442477876106	756.585635359116
283	778.4955752212389	763.2154696132596
308	778.4955752212389	763.2154696132596
333	778.4955752212389	763.2154696132596
360	1198.8495575221239	665.9779005524863
387	1198.8495575221239	665.9779005524863
414	1350.3982300884957	757.6906077348067
442	1350.3982300884957	757.6906077348067
469	1213.230088495575	702.4419889502763
504	1213.230088495575	702.4419889502763
531	1067.212389380531	712.3867403314918
565	1067.212389380531	712.3867403314918
594	1268.5398230088497	684.7624309392265
620	1237.5663716814158	597.4696132596686
645	1237.5663716814158	597.4696132596686
673	1292.8761061946902	735.5911602209945
698	1292.8761061946902	735.5911602209945
724	1292.8761061946902	735.5911602209945
753	1197.7433628318583	780.8950276243095
781	1196.6371681415928	691.3922651933702
807	646.858407079646	528.9613259668508
836	646.858407079646	528.9613259668508
863	649.070796460177	587.5248618784531
895	216.54867256637166	442.7734806629834
923	250.8407079646018	493.6022099447514
949	234.24778761061947	418.4640883977901
976	241.99115044247787	422.88397790055245
1004	268.53982300884957	412.93922651933696
1032	268.53982300884957	412.93922651933696
1058	214.3362831858407	208.51933701657458
1086	178.93805309734512	208.51933701657458
1115	222.0796460176991	217.35911602209947
1142	155.7079646017699	83.65745856353593
1169	155.7079646017699	83.65745856353593
1194	155.7079646017699	83.65745856353593
1220	29.601769911504412	157.69060773480663
1246	71.63716814159291	113.49171270718233
1272	58.36283185840707	169.84530386740332
1298	58.36283185840707	169.84530386740332
1330	112.56637168141592	231.72375690607737
1358	64.99999999999999	202.99447513812154
1385	64.99999999999999	202.99447513812154
1411	57.25663716814158	119.01657458563537
1439	57.25663716814158	119.01657458563537
1465	52.831858407079636	-44.51933701657458
1492	97.0796460176991	-25.734806629834257
1518	164.5575221238938	52.7182320441989
1544	121.41592920353982	65.97790055248619
1570	91.54867256637166	52.7182320441989
1597	121.41592920353982	65.97790055248619
1631	202.16814159292034	17.35911602209945
1659	180.0442477876106	42.773480662983424
1685	197.7433628318584	84.76243093922653
1717	197.7433628318584	84.76243093922653
1744	301.72566371681415	172.05524861878453
1793	340.4424778761062	133.38121546961327
1819	316.10619469026545	133.38121546961327
1847	316.10619469026545	133.38121546961327
1874	318.3185840707964	59.34806629834254
1903	318.3185840707964	59.34806629834254
1928	318.3185840707964	59.34806629834254
1957	854.8230088495575	269.292817679558
1985	854.8230088495575	269.292817679558
2014	1253.0530973451328	585.3149171270719
2041	1253.0530973451328	585.3149171270719
2067	1342.654867256637	416.2541436464088
2098	1342.654867256637	416.2541436464088
2125	1342.654867256637	416.2541436464088
2155	1315.0	543.3259668508288
2181	1329.3805309734512	479.23756906077347
2211	1212.1238938053098	612.939226519337
2240	1170.0884955752213	590.8397790055249
2268	1379.159292035398	577.5801104972376
2295	1379.159292035398	577.5801104972376
2321	1379.159292035398	577.5801104972376
2349	1324.9557522123894	618.4640883977901
2383	1369.203539823009	663.767955801105
2413	1444.424778761062	595.2596685082874
2439	1402.3893805309735	559.9005524861878
2467	1260.796460176991	606.3093922651934
2497	1317.212389380531	593.0497237569061
2526	1237.5663716814158	638.3535911602211
2552	1448.8495575221239	522.3314917127071
2580	1448.8495575221239	522.3314917127071
2609	1407.9203539823009	502.4419889502762
2638	1407.9203539823009	502.4419889502762
2668	1433.3628318584072	551.060773480663
2698	1433.3628318584072	551.060773480663
2723	1277.3893805309735	486.9723756906077
2749	1336.0176991150443	516.8066298342542
2776	1336.0176991150443	516.8066298342542
2801	1373.6283185840707	622.8839779005525
2828	1400.1769911504425	625.0939226519338
2855	1373.6283185840707	622.8839779005525
2885	1525.1769911504425	492.49723756906076
2912	1383.58407079646	516.8066298342542
2939	1451.0619469026549	520.121546961326
2969	1451.0619469026549	520.121546961326
3000	1401.283185840708	659.3480662983426
3031	1432.2566371681417	682.5524861878454
3058	1358.141592920354	601.889502762431
3086	1358.141592920354	601.889502762431
3112	1358.141592920354	601.889502762431
3140	1382.4778761061946	600.7845303867404
3167	1382.4778761061946	600.7845303867404
3197	1382.4778761061946	600.7845303867404
3231	1092.654867256637	519.0165745856353
3261	1092.654867256637	519.0165745856353
3285	944.4247787610619	270.39779005524866
3312	1020.7522123893806	334.48618784530385
3341	965.4424778761062	166.5303867403315
3368	965.4424778761062	166.5303867403315
3394	989.7787610619469	103.54696132596686
3423	989.7787610619469	103.54696132596686
3450	989.7787610619469	103.54696132596686
3478	307.25663716814154	91.39226519337016
3502	405.7079646017699	88.07734806629836
3529	291.7699115044248	177.5801104972376
3555	448.8495575221239	100.23204419889504
3582	409.0265486725664	136.6961325966851
3610	-2.4778761061947003	10.729281767955802
3638	-29.02654867256638	18.464088397790057
3667	168.98230088495575	123.43646408839778
3694	168.98230088495575	123.43646408839778
3723	168.98230088495575	123.43646408839778
3749	98.18584070796459	12.93922651933702
3776	98.18584070796459	12.93922651933702
3805	-22.38938053097346	-72.14364640883977
3833	20.75221238938052	-25.734806629834257
3859	-96.50442477876108	4.099447513812156
3890	-96.50442477876108	4.099447513812156
3915	-96.50442477876108	4.099447513812156
3946	46.19469026548671	176.47513812154696
3972	83.80530973451326	110.17679558011051
3998	83.80530973451326	110.17679558011051
4026	184.46902654867256	121.22651933701658
4053	184.46902654867256	121.22651933701658
4082	168.98230088495575	140.0110497237569
4109	248.62831858407077	135.59116022099448
4136	192.21238938053096	7.414364640883979
4163	180.0442477876106	41.668508287292816
4190	180.0442477876106	41.668508287292816
4217	226.50442477876106	77.02762430939228
4244	295.0884955752212	47.193370165745854
4270	247.5221238938053	38.353591160220994
4302	247.5221238938053	38.353591160220994
4335	301.72566371681415	94.707182320442
4362	301.72566371681415	94.707182320442
4387	301.72566371681415	94.707182320442
4413	357.0353982300885	82.5524861878453
4441	357.0353982300885	82.5524861878453
4472	583.8053097345132	75.92265193370167
4499	604.8230088495575	98.02209944751382
4526	604.8230088495575	98.02209944751382
4553	372.5221238938053	177.5801104972376
4580	372.5221238938053	177.5801104972376
4611	500.8407079646018	111.28176795580112
4638	568.3185840707965	102.44198895027625
4669	463.2300884955752	80.3425414364641
4697	497.5221238938053	-2.530386740331491
4724	591.5486725663717	8.519337016574587
4751	591.5486725663717	8.519337016574587
4779	572.7433628318585	-9.160220994475138
4804	409.0265486725664	134.48618784530387
4834	527.3893805309734	211.83425414364643
4861	527.3893805309734	211.83425414364643
4886	108.14159292035397	135.59116022099448
4914	108.14159292035397	135.59116022099448
4940	223.1858407079646	140.0110497237569
4968	223.1858407079646	140.0110497237569
4995	30.707964601769902	88.07734806629836
5023	9.690265486725654	102.44198895027625
5049	9.690265486725654	102.44198895027625
5075	149.07079646017698	102.44198895027625
5101	11.902654867256626	35.03867403314917
5129	61.68141592920353	291.3922651933702
5156	103.71681415929203	246.08839779005524
5184	103.71681415929203	246.08839779005524
5209	135.79646017699116	253.8232044198895
5236	135.79646017699116	253.8232044198895
5261	156.81415929203538	165.4254143646409
5290	192.21238938053096	241.66850828729284
5316	126.94690265486724	352.16574585635357
5348	214.3362831858407	284.7624309392265
5375	209.91150442477874	283.6574585635359
5401	77.16814159292035	344.43093922651934
5430	118.09734513274336	377.58011049723757
5455	118.09734513274336	377.58011049723757
5482	167.87610619469027	590.8397790055249
5508	124.73451327433627	633.9337016574585
5536	163.4513274336283	437.24861878453044
5564	193.31858407079645	544.4309392265193
5590	234.24778761061947	600.7845303867404
5617	270.75221238938053	557.6906077348066
5643	234.24778761061947	600.7845303867404
5669	239.7787610619469	561.0055248618784
5696	239.7787610619469	561.0055248618784
5724	239.7787610619469	561.0055248618784
5754	324.95575221238937	553.2707182320441
5780	324.95575221238937	553.2707182320441
5806	203.27433628318585	576.475138121547
5834	203.27433628318585	576.475138121547
5865	141.32743362831857	578.6850828729282
5892	141.32743362831857	578.6850828729282
5920	285.13274336283183	564.3204419889503
5951	285.13274336283183	511.28176795580106
5977	285.13274336283183	511.28176795580106
6006	140.2212389380531	402.9944751381215
6035	140.2212389380531	402.9944751381215
6063	140.2212389380531	402.9944751381215
6091	256.3716814159292	459.34806629834253
6120	256.3716814159292	459.34806629834253
6147	160.13274336283183	461.55801104972375
6174	256.3716814159292	468.18784530386733
6201	108.14159292035397	441.6685082872928
6229	141.32743362831857	472.6077348066299
6257	299.5132743362832	558.7955801104972
6282	299.5132743362832	558.7955801104972
6308	299.5132743362832	558.7955801104972
6337	336.01769911504425	472.6077348066299
6364	324.95575221238937	436.14364640883974
6398	331.5929203539823	362.11049723756906
6428	307.25663716814154	257.1381215469613
6459	307.25663716814154	257.1381215469613
6485	477.6106194690266	414.04419889502765
6514	438.8938053097345	375.3701657458563
6540	467.6548672566372	436.14364640883974
6572	438.8938053097345	480.3425414364641
6595	374.7345132743363	346.64088397790056
6623	286.23893805309734	272.6077348066299
6651	286.23893805309734	272.6077348066299
6677	389.1150442477876	401.8895027624309
6704	291.7699115044248	353.27071823204415
6732	241.99115044247787	499.12707182320435
6764	205.4867256637168	467.08287292817676
6788	250.8407079646018	467.08287292817676
6816	250.8407079646018	467.08287292817676
6843	250.8407079646018	467.08287292817676
6869	197.7433628318584	337.80110497237564
6896	197.7433628318584	337.80110497237564
6919	197.7433628318584	337.80110497237564
6946	133.58407079646017	313.4917127071823
6973	257.4778761061947	359.90055248618785
6999	229.8230088495575	355.48066298342536
7027	229.8230088495575	355.48066298342536
7054	229.8230088495575	355.48066298342536
7080	295.0884955752212	315.7016574585635
7106	295.0884955752212	315.7016574585635
7137	306.1504424778761	346.64088397790056
7187	388.0088495575221	352.16574585635357
7215	340.4424778761062	394.15469613259665
7242	388.0088495575221	352.16574585635357
7268	443.3185840707964	415.1491712707182
7296	355.929203539823	291.3922651933702
7322	355.929203539823	291.3922651933702
7348	168.98230088495575	375.3701657458563
7375	168.98230088495575	375.3701657458563
7401	181.15044247787608	375.3701657458563
7429	181.15044247787608	375.3701657458563
7455	181.15044247787608	375.3701657458563
7482	154.60176991150442	453.8232044198895
7508	233.14159292035396	356.585635359116
7534	265.2212389380531	506.8618784530386
7558	315.0	481.4475138121547
7586	157.92035398230087	498.02209944751377
7614	194.42477876106193	454.9281767955801
7639	190.0	404.09944751381215
7667	215.44247787610618	574.2651933701658
7691	225.39823008849558	602.9944751381215
7718	225.39823008849558	602.9944751381215
7749	177.83185840707964	639.4585635359117
7798	213.23008849557522	528.9613259668508
7829	201.06194690265485	464.8729281767956
7852	201.06194690265485	464.8729281767956
7880	263.0088495575221	573.1602209944751
7911	78.27433628318583	528.9613259668508
7936	124.73451327433627	543.3259668508288
7965	140.2212389380531	542.2209944751381
7998	245.30973451327432	488.07734806629827
8026	245.30973451327432	488.07734806629827
8053	198.8495575221239	511.28176795580106
8080	198.8495575221239	511.28176795580106
8107	198.8495575221239	511.28176795580106
8131	291.7699115044248	507.9668508287293
8158	291.7699115044248	507.9668508287293
8184	291.7699115044248	507.9668508287293
8215	307.25663716814154	526.7513812154696
8243	323.8495575221239	519.0165745856353
8269	381.3716814159292	443.87845303867397
8295	208.8053097345133	395.2596685082873
8322	258.5840707964602	544.4309392265193
8350	250.8407079646018	511.28176795580106
8377	258.5840707964602	544.4309392265193
8404	291.7699115044248	460.4530386740331
8432	217.65486725663715	501.3370165745856
8459	180.0442477876106	425.09392265193367
8486	180.0442477876106	425.09392265193367
8515	107.03539823008848	435.03867403314916
8541	9.690265486725654	284.7624309392265
8571	123.6283185840708	335.5911602209944
8596	111.46017699115043	401.8895027624309
8624	111.46017699115043	401.8895027624309
8651	111.46017699115043	401.8895027624309
8675	130.26548672566372	304.6519337016574
8702	131.3716814159292	349.95580110497235
8729	-15.75221238938054	367.6353591160221
8756	150.17699115044246	388.6298342541436
8782	42.87610619469025	398.5745856353591
8813	215.44247787610618	452.7182320441988
8841	188.89380530973452	410.7292817679558
8870	298.4070796460177	340.01104972375686
8896	298.4070796460177	340.01104972375686
8919	298.4070796460177	340.01104972375686
8948	226.50442477876106	353.27071823204415
8975	226.50442477876106	353.27071823204415
9001	320.53097345132744	406.30939226519337
9030	320.53097345132744	406.30939226519337
9064	214.3362831858407	383.1049723756906
9097	214.3362831858407	383.1049723756906
9124	312.78761061946904	382.0
9151	312.78761061946904	382.0
9177	312.78761061946904	382.0
9201	222.0796460176991	386.41988950276243
9229	222.0796460176991	386.41988950276243
9255	206.5929203539823	289.18232044198896
9282	206.5929203539823	289.18232044198896
9308	206.5929203539823	289.18232044198896
9331	264.1150442477876	293.6022099447514
9359	218.76106194690266	301.3370165745856
9385	299.5132743362832	282.5524861878453
9410	217.65486725663715	376.47513812154693
9438	236.46017699115043	438.353591160221
9464	172.30088495575222	387.524861878453
9489	172.30088495575222	387.524861878453
9516	172.30088495575222	387.524861878453
9546	144.64601769911502	348.8508287292818
9582	157.92035398230087	332.27624309392263
9609	55.04424778761061	311.2817679558011
9636	55.04424778761061	311.2817679558011
9664	110.35398230088495	142.22099447513813
9690	110.35398230088495	142.22099447513813
9717	62.787610619469014	221.7790055248619
9743	62.787610619469014	221.7790055248619
9769	62.787610619469014	221.7790055248619
9795	42.87610619469025	200.78453038674033
9824	42.87610619469025	200.78453038674033
9851	42.87610619469025	200.78453038674033
9877	67.21238938053096	64.87292817679558
9906	67.21238938053096	64.87292817679558
9933	83.80530973451326	77.02762430939228
9959	83.80530973451326	77.02762430939228
9986	176.72566371681415	152.1657458563536
10019	157.92035398230087	115.70165745856353
10046	124.73451327433627	127.85635359116023
10074	-41.194690265486734	121.22651933701658
10103	-8.008849557522135	32.828729281767956
10132	79.38053097345133	10.729281767955802
10161	76.06194690265485	100.23204419889504
10187	76.06194690265485	100.23204419889504
10214	-23.495575221238948	58.24309392265194
10242	77.16814159292035	128.96132596685084
10269	114.7787610619469	63.76795580110497
10301	114.7787610619469	63.76795580110497
10326	-4.690265486725673	32.828729281767956
10353	95.97345132743362	94.707182320442
10381	95.97345132743362	94.707182320442
10410	50.61946902654866	91.39226519337016
10437	80.4867256637168	28.408839779005525
10466	45.08849557522123	-4.740331491712706
10493	45.08849557522123	-4.740331491712706
10520	569.4247787610619	698.0220994475138
10548	511.9026548672566	631.7237569060774
10573	511.9026548672566	631.7237569060774
10597	604.8230088495575	607.4143646408841
10623	604.8230088495575	607.4143646408841
10650	582.6991150442477	638.3535911602211
10676	327.16814159292034	526.7513812154696
10703	309.46902654867256	551.060773480663
10729	256.3716814159292	465.9779005524862
10756	192.21238938053096	564.3204419889503
10783	256.3716814159292	465.9779005524862
10812	218.76106194690266	347.74585635359114
10840	202.16814159292034	380.89502762430936
10866	99.29203539823007	492.49723756906076
10893	87.12389380530973	461.55801104972375
10916	105.929203539823	429.51381215469615
10946	101.50442477876105	333.3812154696132
10972	105.929203539823	429.51381215469615
10996	68.31858407079645	265.9779005524862
11025	68.31858407079645	265.9779005524862
11050	68.31858407079645	265.9779005524862
11080	156.81415929203538	304.6519337016574
11107	184.46902654867256	307.96685082872926
11134	249.73451327433628	250.50828729281767
11164	89.3362831858407	345.5359116022099
11190	119.20353982300884	274.81767955801104
11219	146.858407079646	109.0718232044199
11247	31.81415929203539	38.353591160220994
11276	172.30088495575222	105.75690607734806
11302	167.87610619469027	70.39779005524862
11329	244.20353982300884	130.06629834254144
11358	244.20353982300884	130.06629834254144
11385	244.20353982300884	130.06629834254144
11413	300.6194690265487	112.38674033149172
11445	300.6194690265487	112.38674033149172
11473	296.1946902654867	165.4254143646409
11501	296.1946902654867	165.4254143646409
11526	369.20353982300884	61.55801104972376
11557	369.20353982300884	61.55801104972376
11586	339.33628318584067	49.40331491712707
11615	339.33628318584067	49.40331491712707
11640	339.33628318584067	49.40331491712707
11665	239.7787610619469	235.0386740331492
11698	239.7787610619469	235.0386740331492
11729	52.831858407079636	211.83425414364643
11755	57.25663716814158	260.45303867403317
11782	52.831858407079636	211.83425414364643
11808	119.20353982300884	166.5303867403315
11836	60.57522123893804	85.86740331491714
11861	177.83185840707964	130.06629834254144
11888	177.83185840707964	130.06629834254144
11916	177.83185840707964	130.06629834254144
11942	116.99115044247786	119.01657458563537
11969	116.99115044247786	119.01657458563537
11996	161.23893805309734	64.87292817679558
12023	161.23893805309734	64.87292817679558
12051	69.42477876106194	67.0828729281768
12082	73.84955752212389	93.6022099447514
12110	73.84955752212389	93.6022099447514
12140	193.31858407079645	49.40331491712707
12167	193.31858407079645	49.40331491712707
12193	111.46017699115043	101.33701657458565
12221	159.02654867256635	147.74585635359117
12247	159.02654867256635	147.74585635359117
12277	151.28318584070797	183.1049723756906
12306	151.28318584070797	183.1049723756906
12335	64.99999999999999	175.37016574585635
12362	64.99999999999999	175.37016574585635
12387	38.45132743362831	91.39226519337016
12419	38.45132743362831	91.39226519337016
12448	201.06194690265485	8.519337016574587
12477	201.06194690265485	8.519337016574587
12504	201.06194690265485	8.519337016574587
12533	282.92035398230087	61.55801104972376
12560	282.92035398230087	61.55801104972376
12589	293.98230088495575	14.044198895027627
12621	293.98230088495575	14.044198895027627
12652	293.98230088495575	14.044198895027627
12678	237.56637168141592	104.65193370165747
12703	237.56637168141592	104.65193370165747
12732	237.56637168141592	121.22651933701658
12764	237.56637168141592	121.22651933701658
12788	185.57522123893804	80.3425414364641
12843	241.99115044247787	72.60773480662984
12869	371.4159292035398	73.71270718232044
12901	306.1504424778761	143.32596685082873
12926	160.13274336283183	71.50276243093924
12955	160.13274336283183	71.50276243093924
12981	212.1238938053097	154.3756906077348
13011	184.46902654867256	115.70165745856353
13042	212.1238938053097	154.3756906077348
13067	178.93805309734512	116.80662983425417
13096	178.93805309734512	116.80662983425417
13129	105.929203539823	145.53591160220995
13165	105.929203539823	145.53591160220995
13192	151.28318584070797	214.04419889502765
13218	151.28318584070797	214.04419889502765
13245	151.28318584070797	214.04419889502765
13271	208.8053097345133	107.96685082872929
13300	194.42477876106193	194.1546961325967
13328	207.69911504424778	146.64088397790056
13354	226.50442477876106	185.31491712707182
13384	213.23008849557522	107.96685082872929
13413	213.23008849557522	107.96685082872929
13444	213.23008849557522	107.96685082872929
13472	281.8141592920354	190.83977900552486
13502	281.8141592920354	190.83977900552486
13532	209.91150442477874	10.729281767955802
13556	209.91150442477874	10.729281767955802
13587	132.47787610619469	52.7182320441989
13616	132.47787610619469	52.7182320441989
13644	132.47787610619469	52.7182320441989
13669	4.15929203539822	157.69060773480663
13696	89.3362831858407	92.49723756906079
13723	56.1504424778761	47.193370165745854
13750	68.31858407079645	33.93370165745856
13777	-29.02654867256638	23.988950276243095
13803	-29.02654867256638	23.988950276243095
13831	-29.02654867256638	23.988950276243095
13858	-56.68141592920355	75.92265193370167
13886	-56.68141592920355	75.92265193370167
13912	-56.68141592920355	75.92265193370167
13937	41.76991150442477	122.33149171270719
13963	41.76991150442477	122.33149171270719
13991	159.02654867256635	12.93922651933702
14021	107.03539823008848	81.44751381215471
14049	192.21238938053096	157.69060773480663
14078	190.0	106.86187845303867
14108	190.0	106.86187845303867
14136	157.92035398230087	196.36464088397793
14164	163.4513274336283	198.5745856353591
14192	333.8053097345133	91.39226519337016
14220	343.76106194690266	132.27624309392266
14245	295.0884955752212	167.6353591160221
14273	295.0884955752212	167.6353591160221
14301	295.0884955752212	167.6353591160221
14326	368.0973451327433	88.07734806629836
14351	315.0	48.29834254143647
14378	315.0	48.29834254143647
14404	339.33628318584067	7.414364640883979
14434	371.4159292035398	83.65745856353593
14466	227.61061946902652	82.5524861878453
14495	281.8141592920354	95.8121546961326
14521	287.3451327433628	74.81767955801106
14549	287.3451327433628	74.81767955801106
14577	270.75221238938053	159.90055248618788
14606	270.75221238938053	159.90055248618788
14632	270.75221238938053	159.90055248618788
14659	269.6460176991151	41.668508287292816
14686	269.6460176991151	41.668508287292816
14713	257.4778761061947	54.92817679558011
14738	187.78761061946904	57.13812154696133
14768	187.78761061946904	57.13812154696133
14799	248.62831858407077	138.9060773480663
14833	220.97345132743362	96.91712707182322
14861	248.62831858407077	-44.51933701657458
14887	248.62831858407077	-44.51933701657458
14916	309.46902654867256	121.22651933701658
14944	309.46902654867256	121.22651933701658
14968	309.46902654867256	121.22651933701658
14996	163.4513274336283	78.13259668508287
15023	163.4513274336283	78.13259668508287
15050	361.46017699115043	596.3646408839779
15078	345.9734513274336	544.4309392265193
15105	340.4424778761062	579.7900552486188
15133	509.6902654867257	514.5966850828729
15159	504.1592920353982	505.75690607734805
15186	528.4955752212389	568.7403314917128
15214	541.7699115044247	651.6132596685084
15241	541.7699115044247	651.6132596685084
15269	443.3185840707964	626.1988950276243
15296	443.3185840707964	626.1988950276243
15325	311.6814159292035	494.707182320442
15357	311.6814159292035	494.707182320442
15383	275.17699115044246	491.3922651933701
15415	275.17699115044246	491.3922651933701
15443	180.0442477876106	480.3425414364641
15471	180.0442477876106	480.3425414364641
15498	223.1858407079646	488.07734806629827
15524	177.83185840707964	354.3756906077348
15552	225.39823008849558	335.5911602209944
15582	225.39823008849558	335.5911602209944
15610	237.56637168141592	310.1767955801105
15639	143.53982300884954	345.5359116022099
15666	268.53982300884957	291.3922651933702
15694	268.53982300884957	291.3922651933702
15719	136.90265486725664	304.6519337016574
15746	136.90265486725664	304.6519337016574
15771	136.90265486725664	304.6519337016574
15797	207.69911504424778	226.1988950276243
15825	207.69911504424778	226.1988950276243
15852	104.82300884955751	253.8232044198895
15879	104.82300884955751	253.8232044198895
15905	104.82300884955751	253.8232044198895
15931	144.64601769911502	240.5635359116022
15962	134.69026548672565	299.1270718232044
15988	64.99999999999999	269.292817679558
16018	42.87610619469025	305.75690607734805
16046	42.87610619469025	305.75690607734805
16079	5.265486725663707	159.90055248618788
16110	5.265486725663707	159.90055248618788
16135	9.690265486725654	193.04972375690608
16164	9.690265486725654	193.04972375690608
16192	-58.893805309734525	230.61878453038673
16221	-77.6991150442478	197.4696132596685
16246	-11.327433628318595	120.12154696132598
16272	-11.327433628318595	120.12154696132598
16301	-11.327433628318595	120.12154696132598
16326	73.84955752212389	207.414364640884
16356	73.84955752212389	207.414364640884
16382	73.84955752212389	207.414364640884
16408	132.47787610619469	172.05524861878453
16436	132.47787610619469	172.05524861878453
16464	29.601769911504412	193.04972375690608
16491	29.601769911504412	193.04972375690608
16516	38.45132743362831	305.75690607734805
16542	14.115044247787601	289.18232044198896
16569	14.115044247787601	289.18232044198896
16593	-64.42477876106196	226.1988950276243
16622	-64.42477876106196	226.1988950276243
16650	78.27433628318583	79.2375690607735
16675	78.27433628318583	79.2375690607735
16701	78.27433628318583	79.2375690607735
16730	70.53097345132741	240.5635359116022
16755	56.1504424778761	206.30939226519337
16783	70.53097345132741	240.5635359116022
16811	83.80530973451326	99.12707182320443
16840	126.94690265486724	185.31491712707182
16868	1.9469026548672466	145.53591160220995
16895	-68.8495575221239	172.05524861878453
16922	59.46902654867255	132.27624309392266
16949	82.69911504424778	109.0718232044199
16977	134.69026548672565	294.707182320442
17004	134.69026548672565	294.707182320442
17033	90.44247787610618	247.19337016574588
17058	51.72566371681415	177.5801104972376
17084	-92.07964601769912	165.4254143646409
17108	47.3008849557522	166.5303867403315
17136	47.3008849557522	166.5303867403315
17164	47.3008849557522	166.5303867403315
17190	122.5221238938053	186.41988950276246
17217	181.15044247787608	167.6353591160221
17243	181.15044247787608	167.6353591160221
17268	245.30973451327432	214.04419889502765
17295	245.30973451327432	214.04419889502765
17321	186.68141592920352	262.6629834254144
17347	261.9026548672566	215.14917127071823
17375	186.68141592920352	262.6629834254144
17401	232.03539823008848	211.83425414364643
17429	269.6460176991151	260.45303867403317
17455	213.23008849557522	172.05524861878453
17484	218.76106194690266	241.66850828729284
17507	171.1946902654867	125.64640883977903
17534	171.1946902654867	125.64640883977903
17565	171.1946902654867	125.64640883977903
17589	124.73451327433627	137.8011049723757
17620	124.73451327433627	137.8011049723757
17646	124.73451327433627	137.8011049723757
17672	180.0442477876106	128.96132596685084
17697	180.0442477876106	128.96132596685084
17727	99.29203539823007	218.46408839779005
17752	99.29203539823007	218.46408839779005
17779	95.97345132743362	31.723756906077348
17807	95.97345132743362	31.723756906077348
17837	92.65486725663716	177.5801104972376
17863	114.7787610619469	201.88950276243096
17890	49.513274336283175	136.6961325966851
17916	68.31858407079645	37.248618784530386
17941	68.31858407079645	37.248618784530386
17969	68.31858407079645	37.248618784530386
18000	58.36283185840707	41.668508287292816
18031	112.56637168141592	198.5745856353591
18064	142.43362831858406	145.53591160220995
18092	142.43362831858406	145.53591160220995
18118	289.5575221238938	78.13259668508287
18146	289.5575221238938	78.13259668508287
18179	154.60176991150442	57.13812154696133
18213	154.60176991150442	57.13812154696133
18241	130.26548672566372	130.06629834254144
18282	130.26548672566372	130.06629834254144
18309	135.79646017699116	151.060773480663
18335	154.60176991150442	90.28729281767957
18360	154.60176991150442	90.28729281767957
18390	271.858407079646	216.25414364640883
18418	271.858407079646	216.25414364640883
18447	271.858407079646	216.25414364640883
18474	77.16814159292035	204.09944751381218
18502	77.16814159292035	204.09944751381218
18532	71.63716814159291	218.46408839779005
18559	71.63716814159291	218.46408839779005
18583	166.76991150442478	229.51381215469615
18613	147.9646017699115	169.84530386740332
18639	147.9646017699115	169.84530386740332
18665	223.1858407079646	233.93370165745858
18691	164.5575221238938	268.18784530386745
18716	144.64601769911502	282.5524861878453
18744	195.5309734513274	261.55801104972375
18770	161.23893805309734	258.24309392265195
18800	312.78761061946904	323.43646408839777
18828	309.46902654867256	386.41988950276243
18854	237.56637168141592	210.7292817679558
18885	237.56637168141592	210.7292817679558
18913	298.4070796460177	262.6629834254144
18940	298.4070796460177	262.6629834254144
18967	298.4070796460177	262.6629834254144
18994	275.17699115044246	336.69613259668506
19020	275.17699115044246	336.69613259668506
19048	358.14159292035396	320.1215469613259
19075	366.9911504424779	261.55801104972375
19101	366.9911504424779	261.55801104972375
19131	382.4778761061947	394.15469613259665
19160	382.4778761061947	394.15469613259665
19186	552.8318584070796	394.15469613259665
19212	552.8318584070796	394.15469613259665
19240	552.8318584070796	394.15469613259665
19268	461.01769911504425	374.2651933701657
19295	422.30088495575217	353.27071823204415
19321	466.5486725663717	352.16574585635357
19349	489.7787610619469	357.6906077348066
19374	489.7787610619469	357.6906077348066
19400	393.53982300884957	400.7845303867403
19426	393.53982300884957	400.7845303867403
19458	482.0353982300885	314.5966850828729
19487	482.0353982300885	314.5966850828729
19513	427.83185840707966	384.2099447513812
19540	423.4070796460177	333.3812154696132
19572	416.7699115044248	376.47513812154693
19600	416.7699115044248	376.47513812154693
19629	416.7699115044248	376.47513812154693
19654	407.92035398230087	332.27624309392263
19682	407.92035398230087	332.27624309392263
19711	407.92035398230087	332.27624309392263
19737	388.0088495575221	261.55801104972375
19765	388.0088495575221	261.55801104972375
19794	434.46902654867256	379.7900552486188
19823	395.75221238938053	387.524861878453
19851	394.6460176991151	247.19337016574588
19876	416.7699115044248	334.48618784530385
19905	445.53097345132744	353.27071823204415
19933	276.2831858407079	433.9337016574586
19960	394.6460176991151	406.30939226519337
19985	330.4867256637168	324.5414364640884
20016	330.4867256637168	324.5414364640884
20042	330.4867256637168	324.5414364640884
20069	306.1504424778761	243.87845303867402
20096	310.57522123893807	345.5359116022099
20122	309.46902654867256	370.95027624309387
20149	357.0353982300885	388.6298342541436
20181	214.3362831858407	348.8508287292818
20210	214.3362831858407	348.8508287292818
20236	214.3362831858407	348.8508287292818
20264	301.72566371681415	296.9171270718232
20293	301.72566371681415	296.9171270718232
20320	339.33628318584067	365.42541436464086
20347	396.858407079646	274.81767955801104
20373	307.25663716814154	409.6243093922651
20404	307.25663716814154	409.6243093922651
20429	307.25663716814154	409.6243093922651
20456	303.9380530973451	400.7845303867403
20483	303.9380530973451	400.7845303867403
20510	303.9380530973451	400.7845303867403
20537	209.91150442477874	284.7624309392265
20564	328.2743362831858	273.71270718232046
20591	530.70796460177	356.585635359116
20618	507.4778761061947	352.16574585635357
20644	461.01769911504425	384.2099447513812
20671	423.4070796460177	340.01104972375686
20697	423.4070796460177	340.01104972375686
20725	384.69026548672565	317.9116022099447
20752	379.1592920353982	325.646408839779
20781	317.21238938053096	298.02209944751377
20811	373.6283185840708	286.9723756906077
20834	345.9734513274336	358.7955801104972
20861	337.1238938053097	378.68508287292815
20888	337.1238938053097	378.68508287292815
20913	374.7345132743363	341.1160220994475
20941	374.7345132743363	341.1160220994475
20973	374.7345132743363	341.1160220994475
20999	420.0884955752212	326.7513812154696
21028	420.0884955752212	326.7513812154696
21057	475.39823008849555	383.1049723756906
21084	475.39823008849555	383.1049723756906
21109	303.9380530973451	336.69613259668506
21136	303.9380530973451	336.69613259668506
21164	303.9380530973451	336.69613259668506
21191	316.10619469026545	354.3756906077348
21218	226.50442477876106	354.3756906077348
21247	281.8141592920354	274.81767955801104
21273	281.8141592920354	274.81767955801104
21301	281.8141592920354	274.81767955801104
21328	336.01769911504425	277.02762430939225
21355	336.01769911504425	277.02762430939225
21380	182.2566371681416	291.3922651933702
21415	182.2566371681416	291.3922651933702
21442	334.91150442477874	186.41988950276246
21470	217.65486725663715	131.17127071823205
21496	286.23893805309734	133.38121546961327
21522	139.11504424778758	175.37016574585635
21549	139.11504424778758	175.37016574585635
21577	285.13274336283183	193.04972375690608
21607	259.69026548672565	117.91160220994476
21635	329.3805309734513	69.29281767955801
21662	329.3805309734513	69.29281767955801
21688	329.3805309734513	69.29281767955801
21715	239.7787610619469	142.22099447513813
21742	278.49557522123894	193.04972375690608
21767	278.49557522123894	193.04972375690608
21798	224.2920353982301	124.54143646408842
21826	224.2920353982301	124.54143646408842
21854	278.49557522123894	44.98342541436464
21882	278.49557522123894	44.98342541436464
21907	99.29203539823007	231.72375690607737
21933	99.29203539823007	231.72375690607737
21959	99.29203539823007	231.72375690607737
21986	162.34513274336283	128.96132596685084
22015	162.34513274336283	128.96132596685084
22040	49.513274336283175	205.20441988950276
22065	50.61946902654866	352.16574585635357
22093	83.80530973451326	269.292817679558
22121	66.10619469026548	120.12154696132598
22149	66.10619469026548	120.12154696132598
22176	40.66371681415929	198.5745856353591
22205	152.38938053097345	159.90055248618788
22232	40.66371681415929	198.5745856353591
22260	100.39823008849557	240.5635359116022
22297	100.39823008849557	240.5635359116022
22324	123.6283185840708	200.78453038674033
22351	144.64601769911502	154.3756906077348
22378	146.858407079646	121.22651933701658
22408	121.41592920353982	174.26519337016575
22435	142.43362831858406	57.13812154696133
22462	206.5929203539823	64.87292817679558
22488	142.43362831858406	57.13812154696133
22514	30.707964601769902	157.69060773480663
22542	84.91150442477876	94.707182320442
22568	128.05309734513273	180.8950276243094
22596	203.27433628318585	179.79005524861878
22623	203.27433628318585	179.79005524861878
22650	235.35398230088495	84.76243093922653
22677	261.9026548672566	22.883977900552487
22704	149.07079646017698	268.18784530386745
22733	131.3716814159292	134.48618784530387
22760	131.3716814159292	134.48618784530387
22785	193.31858407079645	27.303867403314918
22813	197.7433628318584	74.81767955801106
22837	45.08849557522123	125.64640883977903
22864	73.84955752212389	47.193370165745854
22895	73.84955752212389	47.193370165745854
22922	81.5929203539823	248.29834254143645
22951	81.5929203539823	248.29834254143645
22977	216.54867256637166	146.64088397790056
23004	216.54867256637166	146.64088397790056
23029	216.54867256637166	146.64088397790056
23058	267.43362831858406	122.33149171270719
23086	267.43362831858406	122.33149171270719
23111	43.98230088495574	100.23204419889504
23138	18.539823008849545	103.54696132596686
23166	43.98230088495574	100.23204419889504
23194	109.24778761061945	96.91712707182322
23221	109.24778761061945	96.91712707182322
23248	-17.964601769911514	74.81767955801106
23276	50.61946902654866	169.84530386740332
23302	-17.964601769911514	74.81767955801106
23330	-11.327433628318595	12.93922651933702
23364	64.99999999999999	80.3425414364641
23393	3.0530973451327332	14.044198895027627
23420	3.0530973451327332	14.044198895027627
23446	21.858407079646007	169.84530386740332
23472	21.858407079646007	169.84530386740332
23501	21.858407079646007	169.84530386740332
23528	26.283185840707954	26.198895027624307
23555	57.25663716814158	82.5524861878453
23584	166.76991150442478	123.43646408839778
23612	166.76991150442478	123.43646408839778
23636	180.0442477876106	154.3756906077348
23661	129.1592920353982	103.54696132596686
23690	129.1592920353982	103.54696132596686
23722	187.78761061946904	-38.99447513812155
23750	187.78761061946904	-38.99447513812155
23778	142.43362831858406	36.14364640883978
23834	142.43362831858406	36.14364640883978
23861	20.75221238938052	30.61878453038674
23888	57.25663716814158	86.97237569060773
23920	6.371681415929194	63.76795580110497
23947	6.371681415929194	63.76795580110497
23973	-43.407079646017706	81.44751381215471
24000	-43.407079646017706	81.44751381215471
24025	-43.407079646017706	81.44751381215471
24052	183.36283185840708	40.56353591160221
24083	181.15044247787608	123.43646408839778
24112	1.9469026548672466	82.5524861878453
24140	48.40707964601769	70.39779005524862
24168	48.40707964601769	70.39779005524862
24198	558.362831858407	684.7624309392265
24224	581.5929203539822	663.767955801105
24253	507.4778761061947	629.5138121546961
24283	507.4778761061947	629.5138121546961
24308	366.9911504424779	528.9613259668508
24336	366.9911504424779	528.9613259668508
24365	366.9911504424779	528.9613259668508
24390	284.0265486725664	520.121546961326
24417	301.72566371681415	569.8453038674033
24442	287.3451327433628	366.5303867403315
24467	272.9646017699115	454.9281767955801
24494	309.46902654867256	332.27624309392263
24520	76.06194690265485	344.43093922651934
24547	183.36283185840708	414.04419889502765
24575	76.06194690265485	344.43093922651934
24603	88.23008849557522	343.3259668508287
24630	64.99999999999999	333.3812154696132
24656	69.42477876106194	240.5635359116022
24686	174.51327433628316	261.55801104972375
24714	153.49557522123894	246.08839779005524
24743	176.72566371681415	36.14364640883978
24769	239.7787610619469	80.3425414364641
24795	239.7787610619469	80.3425414364641
24821	239.7787610619469	80.3425414364641
24849	136.90265486725664	167.6353591160221
24880	136.90265486725664	167.6353591160221
24906	297.30088495575217	83.65745856353593
24934	297.30088495575217	83.65745856353593
24964	297.30088495575217	83.65745856353593
24991	355.929203539823	54.92817679558011
25022	355.929203539823	54.92817679558011
25047	309.46902654867256	30.61878453038674
25074	246.4159292035398	57.13812154696133
25101	246.4159292035398	57.13812154696133
25127	316.10619469026545	72.60773480662984
25154	316.10619469026545	72.60773480662984
25181	308.36283185840705	59.34806629834254
25211	308.36283185840705	59.34806629834254
25237	396.858407079646	73.71270718232044
25264	382.4778761061947	94.707182320442
25292	331.5929203539823	75.92265193370167
25317	498.6283185840708	246.08839779005524
25347	507.4778761061947	163.21546961325967
25375	493.0973451327433	151.060773480663
25402	509.6902654867257	472.6077348066299
25428	557.2566371681415	447.1933701657458
25455	607.0353982300885	633.9337016574585
25484	642.433628318584	653.8232044198895
25509	675.6194690265487	779.7900552486188
25535	609.2477876106195	710.1767955801106
25561	641.3274336283185	701.3370165745857
25587	444.42477876106193	688.0773480662983
25613	334.91150442477874	719.0165745856353
25640	396.858407079646	541.1160220994475
25667	319.42477876106193	535.5911602209945
25693	340.4424778761062	517.9116022099447
25719	222.0796460176991	422.88397790055245
25748	165.66371681415927	499.12707182320435
25774	165.66371681415927	499.12707182320435
25801	151.28318584070797	442.7734806629834
25830	53.938053097345126	337.80110497237564
25859	130.26548672566372	344.43093922651934
25885	209.91150442477874	364.3204419889503
25910	104.82300884955751	282.5524861878453
25940	154.60176991150442	281.4475138121547
25968	154.60176991150442	281.4475138121547
25993	205.4867256637168	156.58563535911603
26019	205.4867256637168	156.58563535911603
26047	29.601769911504412	225.09392265193372
26074	118.09734513274336	209.62430939226522
26099	88.23008849557522	221.7790055248619
26127	105.929203539823	142.22099447513813
26153	86.01769911504424	172.05524861878453
26179	122.5221238938053	263.76795580110496
26206	124.73451327433627	317.9116022099447
26234	177.83185840707964	271.50276243093924
26260	49.513274336283175	307.96685082872926
26286	24.070796460176982	237.2486187845304
26311	77.16814159292035	362.11049723756906
26338	70.53097345132741	325.646408839779
26366	77.16814159292035	362.11049723756906
26397	-77.6991150442478	365.42541436464086
26424	-74.38053097345133	263.76795580110496
26449	-27.920353982300895	208.51933701657458
26476	-27.920353982300895	208.51933701657458
26501	125.84070796460176	301.3370165745856
26530	125.84070796460176	301.3370165745856
26557	125.84070796460176	301.3370165745856
26583	191.10619469026545	240.5635359116022
26609	266.32743362831854	310.1767955801105
26636	191.10619469026545	240.5635359116022
26660	94.86725663716814	177.5801104972376
26688	133.58407079646017	175.37016574585635
26718	132.47787610619469	249.4033149171271
26746	50.61946902654866	238.353591160221
26771	134.69026548672565	356.585635359116
26796	134.69026548672565	356.585635359116
26822	134.69026548672565	356.585635359116
26852	35.132743362831846	327.8563535911602
26882	35.132743362831846	327.8563535911602
26908	125.84070796460176	248.29834254143645
26936	125.84070796460176	248.29834254143645
26962	146.858407079646	377.58011049723757
26990	184.46902654867256	369.8453038674033
27021	146.858407079646	377.58011049723757
27046	159.02654867256635	235.0386740331492
27080	159.02654867256635	235.0386740331492
27108	251.94690265486724	303.54696132596683
27135	249.73451327433628	253.8232044198895
27160	251.94690265486724	303.54696132596683
27185	292.87610619469024	214.04419889502765
27212	315.0	271.50276243093924
27247	197.7433628318584	259.34806629834253
27276	197.7433628318584	259.34806629834253
27301	197.7433628318584	248.29834254143645
27332	197.7433628318584	248.29834254143645
27358	197.7433628318584	248.29834254143645
27384	248.62831858407077	191.94475138121547
27411	248.62831858407077	191.94475138121547
27437	248.62831858407077	191.94475138121547
27464	254.1592920353982	311.2817679558011
27490	240.8849557522124	298.02209944751377
27519	295.0884955752212	257.1381215469613
27549	359.24778761061947	326.7513812154696
27577	298.4070796460177	243.87845303867402
27600	268.53982300884957	244.98342541436466
27630	298.4070796460177	243.87845303867402
27658	455.4867256637168	436.14364640883974
27687	437.78761061946904	405.20441988950273
27715	340.4424778761062	64.87292817679558
27742	322.7433628318584	167.6353591160221
27768	345.9734513274336	253.8232044198895
27796	371.4159292035398	165.4254143646409
27821	403.49557522123894	196.36464088397793
27847	275.17699115044246	227.30386740331494
27873	241.99115044247787	254.92817679558013
27900	275.17699115044246	227.30386740331494
27927	254.1592920353982	177.5801104972376
27955	254.1592920353982	177.5801104972376
27984	390.2212389380531	354.3756906077348
28011	390.2212389380531	354.3756906077348
28035	306.1504424778761	154.3756906077348
28061	320.53097345132744	216.25414364640883
28089	282.92035398230087	173.16022099447514
28117	257.4778761061947	238.353591160221
28147	257.4778761061947	238.353591160221
28175	358.14159292035396	144.43093922651934
28203	358.14159292035396	144.43093922651934
28228	363.6725663716814	156.58563535911603
28256	300.6194690265487	186.41988950276246
28283	300.6194690265487	186.41988950276246
28307	307.25663716814154	194.1546961325967
28335	330.4867256637168	114.59668508287292
28360	330.4867256637168	114.59668508287292
28391	340.4424778761062	99.12707182320443
28417	281.8141592920354	110.17679558011051
28444	336.01769911504425	262.6629834254144
28476	279.60176991150445	436.14364640883974
28504	374.7345132743363	349.95580110497235
28531	390.2212389380531	349.95580110497235
28560	363.6725663716814	295.81215469613255
28585	363.6725663716814	295.81215469613255
28610	363.6725663716814	295.81215469613255
28639	323.8495575221239	270.39779005524866
28665	351.50442477876106	136.6961325966851
28691	209.91150442477874	207.414364640884
28719	480.929203539823	412.93922651933696
28748	480.929203539823	412.93922651933696
28776	332.6991150442478	290.28729281767954
28801	406.8141592920354	367.6353591160221
28828	332.6991150442478	290.28729281767954
28855	64.99999999999999	320.1215469613259
28882	92.65486725663716	346.64088397790056
28910	123.6283185840708	301.3370165745856
28938	123.6283185840708	301.3370165745856
28963	161.23893805309734	280.3425414364641
28991	162.34513274336283	307.96685082872926
29023	162.34513274336283	307.96685082872926
29050	159.02654867256635	314.5966850828729
29076	159.02654867256635	314.5966850828729
29104	164.5575221238938	375.3701657458563
29131	164.5575221238938	375.3701657458563
29159	164.5575221238938	375.3701657458563
29184	253.05309734513276	335.5911602209944
29214	245.30973451327432	475.9226519337016
29241	181.15044247787608	530.0662983425414
29269	181.15044247787608	530.0662983425414
29296	292.87610619469024	566.5303867403316
29325	292.87610619469024	566.5303867403316
29352	292.87610619469024	566.5303867403316
29380	161.23893805309734	480.3425414364641
29409	193.31858407079645	396.36464088397787
29435	234.24778761061947	362.11049723756906
29470	187.78761061946904	384.2099447513812
29521	266.32743362831854	462.6629834254143
29550	224.2920353982301	418.4640883977901
29575	274.07079646017695	406.30939226519337
29599	274.07079646017695	406.30939226519337
29627	274.07079646017695	406.30939226519337
29651	272.9646017699115	423.98895027624303
29679	215.44247787610618	475.9226519337016
29706	142.43362831858406	408.5193370165745
29734	362.56637168141594	423.98895027624303
29761	199.95575221238937	527.8563535911602
29793	199.95575221238937	527.8563535911602
29819	199.95575221238937	527.8563535911602
29849	318.3185840707964	480.3425414364641
29877	390.2212389380531	611.8342541436465
29900	277.3893805309734	474.81767955801104
29928	336.01769911504425	538.9060773480662
29956	336.01769911504425	538.9060773480662
29983	240.8849557522124	390.8397790055248
30012	205.4867256637168	377.58011049723757
30038	349.29203539823004	409.6243093922651
30067	368.0973451327433	447.1933701657458
30092	368.0973451327433	447.1933701657458
30118	347.0796460176991	438.353591160221
30146	347.0796460176991	438.353591160221
30173	311.6814159292035	359.90055248618785
30202	311.6814159292035	359.90055248618785
30229	213.23008849557522	372.0552486187845
30264	279.60176991150445	257.1381215469613
30290	290.6637168141593	303.54696132596683
30318	285.13274336283183	442.7734806629834
30344	285.13274336283183	442.7734806629834
30368	311.6814159292035	486.9723756906077
30393	311.6814159292035	486.9723756906077
30421	311.6814159292035	486.9723756906077
30451	349.29203539823004	501.3370165745856
30483	349.29203539823004	501.3370165745856
30510	360.3539823008849	502.4419889502762
30538	360.3539823008849	502.4419889502762
30563	163.4513274336283	330.0662983425414
30588	163.4513274336283	330.0662983425414
30613	163.4513274336283	330.0662983425414
30639	232.03539823008848	370.95027624309387
30667	232.03539823008848	370.95027624309387
30693	155.7079646017699	355.48066298342536
30719	155.7079646017699	376.47513812154693
30750	155.7079646017699	376.47513812154693
30780	271.858407079646	433.9337016574586
30809	276.2831858407079	398.5745856353591
30835	328.2743362831858	437.24861878453044
30862	328.2743362831858	437.24861878453044
30890	328.2743362831858	437.24861878453044
30917	208.8053097345133	349.95580110497235
30941	208.8053097345133	349.95580110497235
30968	350.39823008849555	524.5414364640884
30994	329.3805309734513	538.9060773480662
31021	329.3805309734513	538.9060773480662
31048	297.30088495575217	332.27624309392263
31075	291.7699115044248	366.5303867403315
31102	264.1150442477876	448.2983425414364
31128	264.1150442477876	448.2983425414364
31153	264.1150442477876	448.2983425414364
31182	319.42477876106193	396.36464088397787
31209	317.21238938053096	402.9944751381215
31235	259.69026548672565	421.7790055248619
31264	259.69026548672565	421.7790055248619
31291	259.69026548672565	421.7790055248619
31319	542.8761061946902	681.4475138121547
31346	629.1592920353983	684.7624309392265
31373	602.6106194690265	652.7182320441989
31404	707.6991150442477	787.5248618784531
31430	508.5840707964602	683.6574585635359
31458	508.5840707964602	683.6574585635359
31485	508.5840707964602	683.6574585635359
31512	498.6283185840708	721.2265193370166
31539	498.6283185840708	721.2265193370166
31566	498.6283185840708	721.2265193370166
31591	438.8938053097345	796.3646408839779
31618	438.8938053097345	796.3646408839779
31645	332.6991150442478	679.2375690607736
31673	393.53982300884957	637.2486187845304
31698	207.69911504424778	726.7513812154697
31725	207.69911504424778	726.7513812154697
31754	207.69911504424778	726.7513812154697
31780	280.7079646017699	735.5911602209945
31805	282.92035398230087	724.5414364640884
31830	345.9734513274336	642.7734806629835
31860	363.6725663716814	669.292817679558
31888	376.94690265486724	702.4419889502763
31915	376.94690265486724	702.4419889502763
31940	376.94690265486724	702.4419889502763
31966	376.94690265486724	702.4419889502763
31993	278.49557522123894	618.4640883977901
32018	268.53982300884957	616.2541436464089
32047	277.3893805309734	601.889502762431
32075	260.79646017699116	652.7182320441989
32101	303.9380530973451	554.3756906077348
32129	354.82300884955754	549.9558011049724
32156	232.03539823008848	654.9281767955802
32183	199.95575221238937	668.1878453038674
32211	212.1238938053097	595.2596685082874
32241	470.9734513274336	534.4861878453038
32273	470.9734513274336	534.4861878453038
32301	416.7699115044248	570.950276243094
32329	266.32743362831854	600.7845303867404
32354	266.32743362831854	600.7845303867404
32384	336.01769911504425	386.41988950276243
32412	384.69026548672565	428.40883977900546
32437	410.13274336283183	463.7679558011049
32465	487.56637168141594	450.50828729281767
32492	410.13274336283183	463.7679558011049
32518	421.1946902654867	450.50828729281767
32546	506.3716814159291	449.4033149171271
32576	426.72566371681415	501.3370165745856
32602	521.858407079646	565.4254143646408
32628	287.3451327433628	710.1767955801106
32656	203.27433628318585	680.3425414364641
32682	203.27433628318585	680.3425414364641
32709	219.86725663716814	722.3314917127072
32735	138.0088495575221	738.9060773480663
32769	260.79646017699116	626.1988950276243
32797	280.7079646017699	601.889502762431
32823	245.30973451327432	583.1049723756906
32850	129.1592920353982	641.6685082872929
32880	129.1592920353982	641.6685082872929
32913	265.2212389380531	646.0883977900553
32941	218.76106194690266	680.3425414364641
32970	209.91150442477874	575.3701657458564
32997	164.5575221238938	640.5635359116022
33023	164.5575221238938	640.5635359116022
33050	218.76106194690266	698.0220994475138
33082	218.76106194690266	698.0220994475138
33111	233.14159292035396	696.9171270718232
33136	233.14159292035396	696.9171270718232
33166	255.2654867256637	555.4806629834254
33194	196.6371681415929	587.5248618784531
33222	196.6371681415929	587.5248618784531
33249	289.5575221238938	691.3922651933702
33278	289.5575221238938	691.3922651933702
33303	311.6814159292035	685.8674033149172
33328	301.72566371681415	700.2320441988951
33355	298.4070796460177	660.4530386740332
33379	162.34513274336283	623.9889502762431
33403	162.34513274336283	623.9889502762431
33430	240.8849557522124	588.6298342541437
33459	240.8849557522124	588.6298342541437
33485	240.8849557522124	588.6298342541437
33512	253.05309734513276	608.5193370165746
33540	253.05309734513276	608.5193370165746
33571	259.69026548672565	538.9060773480662
33596	290.6637168141593	647.1933701657459
33625	233.14159292035396	656.0331491712708
33653	224.2920353982301	692.4972375690608
33681	248.62831858407077	599.6795580110498
33711	331.5929203539823	586.4198895027624
33737	291.7699115044248	647.1933701657459
33763	290.6637168141593	632.828729281768
33790	306.1504424778761	637.2486187845304
33820	290.6637168141593	632.828729281768
33844	50.61946902654866	547.7458563535912
33872	104.82300884955751	582.0
33900	353.716814159292	650.5082872928177
33928	233.14159292035396	640.5635359116022
33952	281.8141592920354	611.8342541436465
33979	281.8141592920354	611.8342541436465
34007	281.8141592920354	611.8342541436465
34033	288.4513274336283	640.5635359116022
34060	288.4513274336283	640.5635359116022
34088	254.1592920353982	568.7403314917128
34115	357.0353982300885	558.7955801104972
34143	357.0353982300885	558.7955801104972
34170	290.6637168141593	646.0883977900553
34197	359.24778761061947	753.2707182320443
34225	369.20353982300884	580.8950276243095
34254	369.20353982300884	580.8950276243095
34280	369.20353982300884	580.8950276243095
34308	336.01769911504425	660.4530386740332
34339	352.6106194690266	569.8453038674033
34366	259.69026548672565	531.171270718232
34394	311.6814159292035	607.4143646408841
34418	311.6814159292035	607.4143646408841
34445	272.9646017699115	627.3038674033149
34475	272.9646017699115	627.3038674033149
34501	324.95575221238937	512.3867403314918
34534	339.33628318584067	505.75690607734805
34560	339.33628318584067	505.75690607734805
34586	326.0619469026548	524.5414364640884
34615	326.0619469026548	524.5414364640884
34648	181.15044247787608	549.9558011049724
34675	170.08849557522123	459.34806629834253
34700	63.8938053097345	486.9723756906077
34727	230.929203539823	353.27071823204415
34751	125.84070796460176	354.3756906077348
34777	161.23893805309734	506.8618784530386
34803	177.83185840707964	373.1602209944751
34832	211.01769911504422	390.8397790055248
34860	253.05309734513276	449.4033149171271
34889	316.10619469026545	344.43093922651934
34916	165.66371681415927	515.7016574585635
34944	78.27433628318583	351.06077348066293
34972	24.070796460176982	366.5303867403315
35028	220.97345132743362	251.6132596685083
35053	178.93805309734512	330.0662983425414
35081	100.39823008849557	443.87845303867397
35107	152.38938053097345	291.3922651933702
35134	118.09734513274336	215.14917127071823
35160	228.71681415929203	284.7624309392265
35192	228.71681415929203	284.7624309392265
35219	1.9469026548672466	235.0386740331492
35249	7.47787610619468	278.1325966850829
35274	7.47787610619468	278.1325966850829
35299	206.5929203539823	194.1546961325967
35328	206.5929203539823	194.1546961325967
35353	206.5929203539823	194.1546961325967
35380	125.84070796460176	207.414364640884
35409	125.84070796460176	207.414364640884
35434	229.8230088495575	145.53591160220995
35462	251.94690265486724	170.95027624309392
35487	155.7079646017699	107.96685082872929
35515	155.7079646017699	107.96685082872929
35547	155.7079646017699	107.96685082872929
35574	132.47787610619469	149.95580110497238
35601	55.04424778761061	121.22651933701658
35628	156.81415929203538	43.87845303867404
35655	144.64601769911502	193.04972375690608
35684	154.60176991150442	61.55801104972376
35712	193.31858407079645	115.70165745856353
35741	193.31858407079645	115.70165745856353
35768	53.938053097345126	-24.629834254143645
35793	53.938053097345126	-24.629834254143645
35820	53.938053097345126	-24.629834254143645
35850	315.0	59.34806629834254
35878	315.0	59.34806629834254
35905	164.5575221238938	161.00552486187846
35934	49.513274336283175	147.74585635359117
35962	333.8053097345133	320.1215469613259
35987	309.46902654867256	168.74033149171274
36014	333.8053097345133	320.1215469613259
36041	237.56637168141592	345.5359116022099
36080	187.78761061946904	286.9723756906077
36111	143.53982300884954	400.7845303867403
36140	143.53982300884954	400.7845303867403
36165	267.43362831858406	406.30939226519337
36193	267.43362831858406	406.30939226519337
36217	267.43362831858406	406.30939226519337
36250	251.94690265486724	391.94475138121544
36278	251.94690265486724	391.94475138121544
36306	276.2831858407079	331.17127071823205
36333	302.83185840707966	443.87845303867397
36357	215.44247787610618	61.55801104972376
36385	235.35398230088495	204.09944751381218
36412	244.20353982300884	78.13259668508287
36437	227.61061946902652	132.27624309392266
36465	233.14159292035396	200.78453038674033
36494	227.61061946902652	132.27624309392266
36520	324.95575221238937	290.28729281767954
36548	279.60176991150445	119.01657458563537
36576	234.24778761061947	225.09392265193372
36602	271.858407079646	243.87845303867402
36627	381.3716814159292	187.52486187845307
36655	381.3716814159292	187.52486187845307
36681	247.5221238938053	123.43646408839778
36711	353.716814159292	74.81767955801106
36739	321.63716814159295	82.5524861878453
36766	320.53097345132744	271.50276243093924
36794	320.53097345132744	271.50276243093924
36817	241.99115044247787	328.96132596685084
36848	241.99115044247787	328.96132596685084
36879	241.99115044247787	328.96132596685084
36906	237.56637168141592	303.54696132596683
36935	171.1946902654867	267.0828729281768
36962	296.1946902654867	220.67403314917127
36991	243.09734513274336	193.04972375690608
37019	243.09734513274336	193.04972375690608
37047	227.61061946902652	212.939226519337
37075	165.66371681415927	279.23756906077347
37102	245.30973451327432	256.03314917127074
37130	228.71681415929203	194.1546961325967
37155	313.8938053097345	373.1602209944751
37186	313.8938053097345	373.1602209944751
37212	313.8938053097345	373.1602209944751
37238	302.83185840707966	467.08287292817676
37265	361.46017699115043	471.5027624309392
37294	361.46017699115043	471.5027624309392
37318	259.69026548672565	458.24309392265195
37347	280.7079646017699	426.1988950276243
37374	295.0884955752212	541.1160220994475
37403	295.0884955752212	541.1160220994475
37427	249.73451327433628	541.1160220994475
37457	249.73451327433628	541.1160220994475
37483	249.73451327433628	541.1160220994475
37509	316.10619469026545	565.4254143646408
37540	282.92035398230087	576.475138121547
37568	276.2831858407079	488.07734806629827
37596	276.2831858407079	488.07734806629827
37625	319.42477876106193	561.0055248618784
37651	319.42477876106193	561.0055248618784
37680	354.82300884955754	568.7403314917128
37706	300.6194690265487	467.08287292817676
37735	300.6194690265487	467.08287292817676
37762	299.5132743362832	580.8950276243095
37789	299.5132743362832	580.8950276243095
37818	299.5132743362832	580.8950276243095
37846	410.13274336283183	558.7955801104972
37872	410.13274336283183	558.7955801104972
37900	499.7345132743363	618.4640883977901
37928	417.87610619469024	500.23204419889504
37956	360.3539823008849	512.3867403314918
37982	360.3539823008849	512.3867403314918
38008	360.3539823008849	512.3867403314918
38035	424.5132743362832	536.6961325966851
38062	424.5132743362832	536.6961325966851
38088	430.04424778761063	503.5469613259668
38116	430.04424778761063	503.5469613259668
38143	430.04424778761063	503.5469613259668
38175	661.2389380530973	622.8839779005525
38202	639.1150442477876	584.2099447513813
38227	493.0973451327433	417.3591160220994
38255	499.7345132743363	478.13259668508283
38282	493.0973451327433	417.3591160220994
38309	413.4513274336283	516.8066298342542
38334	413.4513274336283	516.8066298342542
38359	410.13274336283183	333.3812154696132
38386	410.13274336283183	333.3812154696132
38413	410.13274336283183	333.3812154696132
38441	420.0884955752212	456.0331491712707
38469	420.0884955752212	456.0331491712707
38497	332.6991150442478	437.24861878453044
38525	330.4867256637168	426.1988950276243
38551	344.8672566371681	471.5027624309392
38577	298.4070796460177	370.95027624309387
38605	298.4070796460177	370.95027624309387
38632	232.03539823008848	509.0718232044199
38659	232.03539823008848	509.0718232044199
38685	291.7699115044248	590.8397790055249
38712	279.60176991150445	565.4254143646408
38740	277.3893805309734	589.7348066298343
38766	308.36283185840705	530.0662983425414
38792	308.36283185840705	469.292817679558
38818	134.69026548672565	512.3867403314918
38844	134.69026548672565	512.3867403314918
38868	134.69026548672565	512.3867403314918
38894	213.23008849557522	644.9834254143647
38922	213.23008849557522	644.9834254143647
38952	213.23008849557522	644.9834254143647
38979	301.72566371681415	577.5801104972376
39007	301.72566371681415	577.5801104972376
39036	159.02654867256635	515.7016574585635
39066	159.02654867256635	515.7016574585635
39092	288.4513274336283	479.23756906077347
39121	255.2654867256637	528.9613259668508
39148	255.2654867256637	528.9613259668508
39175	270.75221238938053	583.1049723756906
39201	256.3716814159292	558.7955801104972
39228	272.9646017699115	520.121546961326
39264	272.9646017699115	520.121546961326
39291	331.5929203539823	444.98342541436455
39319	331.5929203539823	444.98342541436455
39345	331.5929203539823	444.98342541436455
39373	183.36283185840708	636.1436464088398
39401	209.91150442477874	596.3646408839779
39426	264.1150442477876	346.64088397790056
39451	160.13274336283183	542.2209944751381
39478	160.13274336283183	542.2209944751381
39505	149.07079646017698	404.09944751381215
39533	149.07079646017698	404.09944751381215
39560	244.20353982300884	555.4806629834254
39584	244.20353982300884	555.4806629834254
39614	244.20353982300884	555.4806629834254
39644	162.34513274336283	516.8066298342542
39669	162.34513274336283	516.8066298342542
39698	164.5575221238938	562.110497237569
39730	164.5575221238938	562.110497237569
39757	164.5575221238938	562.110497237569
39784	196.6371681415929	547.7458563535912
39811	260.79646017699116	485.8674033149171
39838	56.1504424778761	656.0331491712708
39864	129.1592920353982	665.9779005524863
39890	207.69911504424778	596.3646408839779
39918	320.53097345132744	502.4419889502762
39946	290.6637168141593	489.18232044198896
39974	194.42477876106193	232.82872928176795
40000	253.05309734513276	252.7182320441989
40026	228.71681415929203	316.8066298342541
40052	279.60176991150445	326.7513812154696
40080	241.99115044247787	317.9116022099447
40110	241.99115044247787	317.9116022099447
40135	241.99115044247787	317.9116022099447
40165	135.79646017699116	469.292817679558
40191	171.1946902654867	458.24309392265195
40217	171.1946902654867	458.24309392265195
40243	199.95575221238937	300.232044198895
40271	162.34513274336283	302.4419889502762
40298	167.87610619469027	187.52486187845307
40330	172.30088495575222	194.1546961325967
40356	224.2920353982301	262.6629834254144
40383	224.2920353982301	262.6629834254144
40409	224.2920353982301	262.6629834254144
40435	175.61946902654864	214.04419889502765
40463	149.07079646017698	143.32596685082873
40493	147.9646017699115	153.2707182320442
40542	88.23008849557522	140.0110497237569
40571	188.89380530973452	189.73480662983425
40598	305.04424778761063	278.1325966850829
40624	159.02654867256635	131.17127071823205
40650	159.02654867256635	131.17127071823205
40677	159.02654867256635	131.17127071823205
40705	235.35398230088495	236.14364640883977
40733	116.99115044247786	193.04972375690608
40759	130.26548672566372	207.414364640884
40785	70.53097345132741	84.76243093922653
40813	70.53097345132741	84.76243093922653
40847	182.2566371681416	141.11602209944752
40875	226.50442477876106	209.62430939226522
40906	243.09734513274336	176.47513812154696
40933	243.09734513274336	176.47513812154696
40963	279.60176991150445	115.70165745856353
40990	197.7433628318584	112.38674033149172
41017	191.10619469026545	158.79558011049724
41044	188.89380530973452	77.02762430939228
41072	188.89380530973452	77.02762430939228
41099	161.23893805309734	187.52486187845307
41128	192.21238938053096	172.05524861878453
41154	342.6548672566372	17.35911602209945
41181	342.6548672566372	17.35911602209945
41209	342.6548672566372	17.35911602209945
41234	238.6725663716814	37.248618784530386
41261	285.13274336283183	60.45303867403315
41287	324.95575221238937	44.98342541436464
41315	324.95575221238937	44.98342541436464
41342	324.95575221238937	44.98342541436464
41367	76.06194690265485	-1.425414364640883
41395	46.19469026548671	52.7182320441989
41419	46.19469026548671	52.7182320441989
41445	177.83185840707964	127.85635359116023
41472	238.6725663716814	106.86187845303867
41501	259.69026548672565	135.59116022099448
41529	178.93805309734512	48.29834254143647
41555	162.34513274336283	480.3425414364641
41584	125.84070796460176	483.65745856353584
41609	162.34513274336283	480.3425414364641
41635	255.2654867256637	505.75690607734805
41661	255.2654867256637	505.75690607734805
41690	177.83185840707964	478.13259668508283
41717	215.44247787610618	479.23756906077347
41743	215.44247787610618	479.23756906077347
41769	172.30088495575222	516.8066298342542
41797	166.76991150442478	524.5414364640884
41824	166.76991150442478	524.5414364640884
41849	240.8849557522124	411.8342541436464
41880	240.8849557522124	411.8342541436464
41913	322.7433628318584	511.28176795580106
41941	322.7433628318584	511.28176795580106
41968	343.76106194690266	555.4806629834254
41995	343.76106194690266	555.4806629834254
42021	403.49557522123894	484.76243093922653
42049	403.49557522123894	484.76243093922653
42075	330.4867256637168	458.24309392265195
42103	332.6991150442478	428.40883977900546
42133	374.7345132743363	420.67403314917124
42161	405.7079646017699	460.4530386740331
42187	405.7079646017699	460.4530386740331
42217	362.56637168141594	322.33149171270713
42246	309.46902654867256	542.2209944751381
42273	309.46902654867256	542.2209944751381
42300	363.6725663716814	298.02209944751377
42332	363.6725663716814	298.02209944751377
42357	229.8230088495575	111.28176795580112
42384	229.8230088495575	111.28176795580112
42411	229.8230088495575	111.28176795580112
42438	72.74336283185839	-36.784530386740336
42467	136.90265486725664	-33.469613259668506
42493	181.15044247787608	127.85635359116023
42521	311.6814159292035	199.67955801104972
42547	178.93805309734512	116.80662983425417
42577	146.858407079646	99.12707182320443
42603	178.93805309734512	116.80662983425417
42630	116.99115044247786	-72.14364640883977
42658	-8.008849557522135	-25.734806629834257
42685	-8.008849557522135	-25.734806629834257
42712	227.61061946902652	65.97790055248619
42743	227.61061946902652	65.97790055248619
42767	180.0442477876106	132.27624309392266
42796	180.0442477876106	132.27624309392266
42819	204.38053097345133	300.232044198895
42846	204.38053097345133	300.232044198895
42874	204.38053097345133	300.232044198895
42905	113.67256637168141	217.35911602209947
42931	163.4513274336283	264.8729281767956
42957	90.44247787610618	172.05524861878453
42983	155.7079646017699	250.50828729281767
43009	461.01769911504425	165.4254143646409
43033	461.01769911504425	165.4254143646409
43059	380.26548672566366	135.59116022099448
43084	380.26548672566366	135.59116022099448
43110	373.6283185840708	93.6022099447514
43139	373.6283185840708	93.6022099447514
43167	350.39823008849555	46.088397790055254
43194	350.39823008849555	46.088397790055254
43221	269.6460176991151	147.74585635359117
43247	269.6460176991151	147.74585635359117
43274	269.6460176991151	147.74585635359117
43301	379.1592920353982	30.61878453038674
43334	355.929203539823	51.61325966850829
43362	390.2212389380531	56.03314917127072
43389	390.2212389380531	56.03314917127072
43415	553.9380530973451	128.96132596685084
43441	553.9380530973451	128.96132596685084
43467	553.9380530973451	128.96132596685084
43496	507.4778761061947	235.0386740331492
43528	576.0619469026549	274.81767955801104
43556	458.8053097345133	92.49723756906079
43587	369.20353982300884	46.088397790055254
43619	248.62831858407077	151.060773480663
43646	287.3451327433628	115.70165745856353
43673	287.3451327433628	115.70165745856353
43700	258.5840707964602	216.25414364640883
43729	258.5840707964602	216.25414364640883
43757	282.92035398230087	252.7182320441989
43785	289.5575221238938	135.59116022099448
43811	237.56637168141592	101.33701657458565
43839	302.83185840707966	91.39226519337016
43872	237.56637168141592	101.33701657458565
43900	206.5929203539823	198.5745856353591
43927	206.5929203539823	198.5745856353591
43954	124.73451327433627	169.84530386740332
43981	147.9646017699115	112.38674033149172
44007	147.9646017699115	112.38674033149172
44034	129.1592920353982	149.95580110497238
44061	129.1592920353982	149.95580110497238
44087	152.38938053097345	198.5745856353591
44113	152.38938053097345	198.5745856353591
44140	152.38938053097345	198.5745856353591
44167	161.23893805309734	227.30386740331494
44192	161.23893805309734	227.30386740331494
44225	184.46902654867256	184.20994475138122
44251	98.18584070796459	226.1988950276243
44277	98.18584070796459	226.1988950276243
44303	49.513274336283175	101.33701657458565
44332	49.513274336283175	101.33701657458565
44364	7.47787610619468	83.65745856353593
44390	77.16814159292035	81.44751381215471
44419	14.115044247787601	138.9060773480663
44450	-14.646017699115054	71.50276243093924
44477	-14.646017699115054	71.50276243093924
44506	114.7787610619469	120.12154696132598
44534	58.36283185840707	157.69060773480663
44563	278.49557522123894	247.19337016574588
44591	275.17699115044246	246.08839779005524
44619	517.433628318584	439.4585635359116
44648	488.6725663716814	374.2651933701657
44675	402.3893805309734	399.6795580110497
44701	416.7699115044248	395.2596685082873
44725	416.7699115044248	395.2596685082873
44754	470.9734513274336	546.6408839779004
44781	315.0	528.9613259668508
44808	363.6725663716814	418.4640883977901
44834	355.929203539823	370.95027624309387
44862	355.929203539823	370.95027624309387
44889	360.3539823008849	467.08287292817676
44918	360.3539823008849	467.08287292817676
44946	539.5575221238937	488.07734806629827
44973	468.76106194690266	418.4640883977901
45003	468.76106194690266	418.4640883977901
45031	542.8761061946902	491.3922651933701
45056	310.57522123893807	449.4033149171271
45082	372.5221238938053	423.98895027624303
45109	354.82300884955754	420.67403314917124
45135	400.17699115044246	352.16574585635357
45159	329.3805309734513	411.8342541436464
45184	326.0619469026548	483.65745856353584
45212	329.3805309734513	411.8342541436464
45239	312.78761061946904	486.9723756906077
45265	390.2212389380531	535.5911602209945
45292	383.5840707964602	534.4861878453038
45321	383.5840707964602	534.4861878453038
45346	313.8938053097345	535.5911602209945
45376	313.8938053097345	535.5911602209945
45401	313.8938053097345	535.5911602209945
45427	312.78761061946904	605.2044198895028
45453	351.50442477876106	607.4143646408841
45478	293.98230088495575	449.4033149171271
45506	293.98230088495575	449.4033149171271
45536	313.8938053097345	412.93922651933696
45563	310.57522123893807	105.75690607734806
45589	310.57522123893807	105.75690607734806
45613	310.57522123893807	105.75690607734806
45638	172.30088495575222	143.32596685082873
45663	214.3362831858407	127.85635359116023
45692	371.4159292035398	103.54696132596686
45724	371.4159292035398	103.54696132596686
45749	322.7433628318584	116.80662983425417
45776	311.6814159292035	91.39226519337016
45803	251.94690265486724	-2.530386740331491
45829	272.9646017699115	131.17127071823205
45857	272.9646017699115	131.17127071823205
45884	39.5575221238938	86.97237569060773
45914	39.5575221238938	86.97237569060773
45939	39.5575221238938	86.97237569060773
45967	51.72566371681415	9.624309392265195
45993	51.72566371681415	9.624309392265195
46020	161.23893805309734	93.6022099447514
46047	161.23893805309734	93.6022099447514
46095	259.69026548672565	135.59116022099448
46124	307.25663716814154	109.0718232044199
46149	246.4159292035398	138.9060773480663
46179	246.4159292035398	138.9060773480663
46203	246.4159292035398	138.9060773480663
46228	259.69026548672565	185.31491712707182
46254	266.32743362831854	293.6022099447514
46280	172.30088495575222	107.96685082872929
46309	172.30088495575222	107.96685082872929
46334	172.30088495575222	107.96685082872929
46359	164.5575221238938	27.303867403314918
46384	164.5575221238938	27.303867403314918
46412	164.5575221238938	27.303867403314918
46443	84.91150442477876	163.21546961325967
46467	99.29203539823007	184.20994475138122
46496	130.26548672566372	-8.05524861878453
46525	114.7787610619469	41.668508287292816
46553	284.0265486725664	88.07734806629836
46579	284.0265486725664	88.07734806629836
46606	284.0265486725664	88.07734806629836
46632	307.25663716814154	81.44751381215471
46656	307.25663716814154	81.44751381215471
46683	172.30088495575222	125.64640883977903
46712	172.30088495575222	125.64640883977903
46736	172.30088495575222	125.64640883977903
46767	216.54867256637166	42.773480662983424
46795	216.54867256637166	42.773480662983424
46820	428.9380530973451	179.79005524861878
46847	428.9380530973451	179.79005524861878
46874	428.9380530973451	179.79005524861878
46900	321.63716814159295	15.149171270718234
46929	321.63716814159295	15.149171270718234
46955	104.82300884955751	-20.209944751381215
46983	104.82300884955751	-20.209944751381215
47010	286.23893805309734	193.04972375690608
47040	317.21238938053096	157.69060773480663
47066	317.21238938053096	157.69060773480663
47093	268.53982300884957	98.02209944751382
47120	268.53982300884957	98.02209944751382
47147	276.2831858407079	236.14364640883977
47173	259.69026548672565	198.5745856353591
47198	259.69026548672565	198.5745856353591
47223	132.47787610619469	156.58563535911603
47251	132.47787610619469	156.58563535911603
47277	132.47787610619469	156.58563535911603
47304	226.50442477876106	338.9060773480663
47333	226.50442477876106	338.9060773480663
47361	63.8938053097345	253.8232044198895
47387	52.831858407079636	247.19337016574588
47411	153.49557522123894	388.6298342541436
47437	131.3716814159292	393.049723756906
47464	76.06194690265485	322.33149171270713
47490	128.05309734513273	290.28729281767954
47517	90.44247787610618	289.18232044198896
47543	21.858407079646007	291.3922651933702
47569	21.858407079646007	291.3922651933702
47594	21.858407079646007	291.3922651933702
47620	139.11504424778758	312.3867403314917
47646	139.11504424778758	312.3867403314917
47674	139.11504424778758	312.3867403314917
47703	67.21238938053096	175.37016574585635
47732	67.21238938053096	175.37016574585635
47760	104.82300884955751	316.8066298342541
47789	104.82300884955751	316.8066298342541
47815	175.61946902654864	244.98342541436466
47842	175.61946902654864	244.98342541436466
47869	175.61946902654864	244.98342541436466
47897	329.3805309734513	278.1325966850829
47924	332.6991150442478	307.96685082872926
47951	72.74336283185839	200.78453038674033
47983	72.74336283185839	200.78453038674033
48010	72.74336283185839	200.78453038674033
48036	186.68141592920352	294.707182320442
48063	186.68141592920352	294.707182320442
48089	153.49557522123894	251.6132596685083
48119	245.30973451327432	303.54696132596683
48149	94.86725663716814	281.4475138121547
48180	172.30088495575222	337.80110497237564
48205	172.30088495575222	337.80110497237564
48232	248.62831858407077	274.81767955801104
48263	248.62831858407077	274.81767955801104
48294	70.53097345132741	180.8950276243094
48323	154.60176991150442	320.1215469613259
48353	238.6725663716814	388.6298342541436
48381	173.40707964601768	395.2596685082873
48410	227.61061946902652	406.30939226519337
48437	130.26548672566372	365.42541436464086
48465	130.26548672566372	365.42541436464086
48492	-24.601769911504434	356.585635359116
48522	78.27433628318583	432.8287292817679
48547	139.11504424778758	363.21546961325964
48575	139.11504424778758	391.94475138121544
48602	139.11504424778758	391.94475138121544
48630	167.87610619469027	530.0662983425414
48658	167.87610619469027	530.0662983425414
48686	91.54867256637166	528.9613259668508
48717	91.54867256637166	528.9613259668508
48744	198.8495575221239	435.03867403314916
48773	198.8495575221239	435.03867403314916
48798	187.78761061946904	448.2983425414364
48821	128.05309734513273	501.3370165745856
48848	128.05309734513273	501.3370165745856
48872	128.05309734513273	501.3370165745856
48898	222.0796460176991	448.2983425414364
48926	236.46017699115043	426.1988950276243
48953	261.9026548672566	425.09392265193367
48980	261.9026548672566	425.09392265193367
49008	230.929203539823	597.4696132596686
49035	213.23008849557522	609.6243093922652
49061	230.929203539823	597.4696132596686
49088	110.35398230088495	495.81215469613255
49118	110.35398230088495	495.81215469613255
49145	224.2920353982301	493.6022099447514
49172	224.2920353982301	493.6022099447514
49197	224.2920353982301	493.6022099447514
49223	195.5309734513274	465.9779005524862
49248	195.5309734513274	465.9779005524862
49279	213.23008849557522	459.34806629834253
49304	254.1592920353982	530.0662983425414
49332	251.94690265486724	558.7955801104972
49359	159.02654867256635	449.4033149171271
49384	159.02654867256635	449.4033149171271
49409	238.6725663716814	128.96132596685084
49439	162.34513274336283	116.80662983425417
49466	162.34513274336283	116.80662983425417
49493	209.91150442477874	244.98342541436466
49520	209.91150442477874	244.98342541436466
49550	161.23893805309734	103.54696132596686
49579	145.75221238938053	168.74033149171274
49605	101.50442477876105	290.28729281767954
49631	225.39823008849558	368.7403314917127
49658	225.39823008849558	368.7403314917127
49684	90.44247787610618	296.9171270718232
49715	90.44247787610618	296.9171270718232
49741	90.44247787610618	296.9171270718232
49767	102.61061946902655	278.1325966850829
49796	102.61061946902655	278.1325966850829
49825	173.40707964601768	290.28729281767954
49850	173.40707964601768	290.28729281767954
49877	188.89380530973452	227.30386740331494
49904	188.89380530973452	227.30386740331494
49932	188.89380530973452	227.30386740331494
49959	177.83185840707964	330.0662983425414
49989	177.83185840707964	330.0662983425414
50016	220.97345132743362	404.09944751381215
50044	220.97345132743362	404.09944751381215
50069	220.97345132743362	404.09944751381215
50096	178.93805309734512	372.0552486187845
50124	258.5840707964602	372.0552486187845
50154	125.84070796460176	298.02209944751377
50180	125.84070796460176	298.02209944751377
50207	125.84070796460176	298.02209944751377
50234	308.36283185840705	400.7845303867403
50258	218.76106194690266	369.8453038674033
50286	326.0619469026548	269.292817679558
50319	326.0619469026548	269.292817679558
50348	284.0265486725664	314.5966850828729
50376	278.49557522123894	327.8563535911602
50401	277.3893805309734	174.26519337016575
50432	277.3893805309734	174.26519337016575
50457	277.3893805309734	174.26519337016575
50483	313.8938053097345	330.0662983425414
50510	313.8938053097345	330.0662983425414
50536	313.8938053097345	330.0662983425414
50563	245.30973451327432	375.3701657458563
50591	291.7699115044248	317.9116022099447
50619	330.4867256637168	341.1160220994475
50648	330.4867256637168	341.1160220994475
50674	303.9380530973451	269.292817679558
50703	260.79646017699116	299.1270718232044
50728	291.7699115044248	301.3370165745856
50756	300.6194690265487	256.03314917127074
50783	300.6194690265487	256.03314917127074
50813	276.2831858407079	289.18232044198896
50840	323.8495575221239	261.55801104972375
50866	323.8495575221239	261.55801104972375
50894	532.9203539823009	277.02762430939225
50930	578.2743362831858	240.5635359116022
50958	282.92035398230087	346.64088397790056
50989	282.92035398230087	346.64088397790056
51014	403.49557522123894	282.5524861878453
51040	403.49557522123894	282.5524861878453
51067	403.49557522123894	282.5524861878453
51092	420.0884955752212	248.29834254143645
51120	420.0884955752212	248.29834254143645
51149	300.6194690265487	330.0662983425414
51181	277.3893805309734	330.0662983425414
51207	330.4867256637168	290.28729281767954
51234	302.83185840707966	316.8066298342541
51259	330.4867256637168	290.28729281767954
51282	196.6371681415929	378.68508287292815
51311	306.1504424778761	332.27624309392263
51338	306.1504424778761	332.27624309392263
51364	312.78761061946904	378.68508287292815
51392	224.2920353982301	421.7790055248619
51418	333.8053097345133	374.2651933701657
51446	345.9734513274336	385.3149171270718
51471	329.3805309734513	328.96132596685084
51498	226.50442477876106	444.98342541436455
51526	359.24778761061947	285.8674033149171
51555	132.47787610619469	388.6298342541436
51608	459.91150442477874	365.42541436464086
51636	468.76106194690266	337.80110497237564
51662	468.76106194690266	337.80110497237564
51688	999.7345132743362	614.0441988950276
51715	1092.654867256637	582.0
51742	1092.654867256637	582.0
51769	1287.345132743363	693.6022099447515
51796	1317.212389380531	682.5524861878454
51823	1275.1769911504425	660.4530386740332
51863	1275.1769911504425	660.4530386740332
51897	1270.7522123893807	551.060773480663
51929	1327.1681415929204	507.9668508287293
51963	1185.5752212389382	673.7127071823205
51997	1202.1681415929204	467.08287292817676
52030	1249.7345132743362	672.6077348066299
52063	1249.7345132743362	672.6077348066299
52096	1204.3805309734512	668.1878453038674
52130	1161.2389380530974	498.02209944751377
52163	1080.4867256637167	636.1436464088398
52196	1152.3893805309735	538.9060773480662
52230	1233.141592920354	641.6685082872929
52256	1153.495575221239	621.7790055248619
52285	1204.3805309734512	710.1767955801106
52313	1204.3805309734512	710.1767955801106
52337	1069.424778761062	612.939226519337
52367	1014.1150442477875	583.1049723756906
52395	1069.424778761062	612.939226519337
52420	467.6548672566372	764.3204419889504
52448	467.6548672566372	780.8950276243095
52479	414.5575221238938	797.4696132596686
52513	418.98230088495575	762.1104972375691
52540	418.98230088495575	762.1104972375691
52566	284.0265486725664	725.646408839779
52592	284.0265486725664	725.646408839779
52622	437.78761061946904	741.1160220994476
52650	505.2654867256637	710.1767955801106
52675	449.95575221238937	835.0386740331493
52704	444.42477876106193	879.2375690607735
52731	451.0619469026548	860.4530386740332
52760	451.0619469026548	775.3701657458564
52790	467.6548672566372	767.6353591160221
52817	518.5398230088496	746.6408839779006
52845	435.57522123893807	706.8618784530387
52867	527.3893805309734	783.1049723756906
52901	458.8053097345133	859.3480662983426
52929	473.1858407079646	804.0994475138123
52961	457.6991150442478	800.7845303867404
52985	474.29203539823004	787.5248618784531
53011	628.0530973451328	922.3314917127071
53039	616.9911504424779	869.2928176795581
53065	616.9911504424779	869.2928176795581
53092	589.3362831858408	776.475138121547
53120	518.5398230088496	901.3370165745856
53147	519.646017699115	733.3812154696134
53175	561.6814159292035	783.1049723756906
53202	560.575221238938	843.878453038674
53230	583.8053097345132	831.7237569060774
53257	583.8053097345132	831.7237569060774
53284	638.0088495575221	983.1049723756907
53311	542.8761061946902	820.6740331491712
53338	640.221238938053	784.2099447513813
53364	581.5929203539822	842.7734806629834
53396	653.4955752212389	850.5082872928177
53425	702.1681415929203	880.3425414364641
53450	583.8053097345132	821.7790055248619
53476	701.0619469026549	1004.0994475138123
53504	675.6194690265487	832.8287292817681
53531	675.6194690265487	832.8287292817681
53558	666.7699115044247	840.5635359116022
53585	676.7256637168142	849.4033149171271
53616	694.4247787610619	948.8508287292818
53651	661.2389380530973	932.2762430939226
53678	601.5044247787611	860.4530386740332
53713	601.5044247787611	860.4530386740332
53744	601.5044247787611	860.4530386740332
53774	659.0265486725664	800.7845303867404
53798	659.0265486725664	800.7845303867404
53827	519.646017699115	861.5580110497237
53856	468.76106194690266	800.7845303867404
53886	530.70796460177	867.0828729281768
53913	530.70796460177	867.0828729281768
53939	551.7256637168142	904.6519337016574
53965	503.0530973451327	806.3093922651934
53996	503.0530973451327	806.3093922651934
54024	602.6106194690265	880.3425414364641
54054	513.0088495575221	850.5082872928177
54082	466.5486725663717	818.4640883977901
54113	509.6902654867257	819.5690607734807
54141	470.9734513274336	840.5635359116022
54167	470.9734513274336	840.5635359116022
54193	470.9734513274336	840.5635359116022
54220	559.4690265486726	800.7845303867404
54247	542.8761061946902	838.3535911602211
54278	529.6017699115044	846.0883977900553
54305	495.3097345132743	810.7292817679559
54330	495.3097345132743	810.7292817679559
54357	494.20353982300884	786.4198895027624
54383	494.20353982300884	786.4198895027624
54407	580.4867256637168	836.1436464088397
54433	491.9911504424779	764.3204419889504
54461	491.9911504424779	764.3204419889504
54490	448.8495575221239	847.1933701657459
54517	482.0353982300885	828.4088397790056
54546	395.75221238938053	927.8563535911603
54574	425.6194690265487	851.6132596685082
54601	420.0884955752212	878.132596685083
54628	524.070796460177	852.7182320441989
54656	432.25663716814154	885.867403314917
54685	647.9646017699115	844.9834254143648
54713	647.9646017699115	844.9834254143648
54738	1038.4513274336282	564.3204419889503
54766	983.141592920354	626.1988950276243
54792	980.929203539823	672.6077348066299
54820	1074.9557522123894	698.0220994475138
54848	1026.283185840708	695.8121546961327
54881	978.716814159292	681.4475138121547
54909	978.716814159292	681.4475138121547
54934	1006.3716814159292	752.1657458563536
54962	1006.3716814159292	752.1657458563536
54990	943.3185840707965	736.6961325966852
55021	1047.300884955752	562.110497237569
55049	1003.0530973451329	664.8729281767955
55075	1176.725663716814	804.0994475138123
55102	1183.3628318584072	789.7348066298343
55128	1183.3628318584072	789.7348066298343
55153	1208.8053097345132	597.4696132596686
55178	1208.8053097345132	597.4696132596686
55203	1307.2566371681417	649.4033149171271
55230	1307.2566371681417	649.4033149171271
55263	1307.2566371681417	649.4033149171271
55290	1099.2920353982302	703.5469613259669
55317	1168.9823008849557	659.3480662983426
55346	1215.442477876106	599.6795580110498
55380	1272.9646017699115	626.1988950276243
55413	1202.1681415929204	705.7569060773482
55446	1289.5575221238937	611.8342541436465
55479	1229.8230088495575	747.7458563535912
55513	1205.4867256637167	657.1381215469613
55539	1119.203539823009	741.1160220994476
55566	1168.9823008849557	785.3149171270719
55594	1168.9823008849557	785.3149171270719
55623	1307.2566371681417	552.1657458563536
55651	1233.141592920354	549.9558011049724
55679	1008.5840707964602	713.4917127071824
55714	1008.5840707964602	713.4917127071824
55742	1196.6371681415928	752.1657458563536
55769	1196.6371681415928	752.1657458563536
55796	1196.6371681415928	752.1657458563536
55824	1228.7168141592922	626.1988950276243
55855	1113.6725663716813	632.828729281768
55880	1286.2389380530974	656.0331491712708
55913	1286.2389380530974	656.0331491712708
55939	1111.4601769911505	530.0662983425414
55971	1144.6460176991152	521.2265193370166
55996	1144.6460176991152	521.2265193370166
56023	1121.4159292035397	682.5524861878454
56051	1121.4159292035397	682.5524861878454
56080	1170.0884955752213	601.889502762431
