time	x	y
1	80.4867256637168	651.6132596685084
33	99.29203539823007	789.7348066298343
60	81.5929203539823	758.7955801104972
88	-55.57522123893806	766.5303867403316
117	-55.57522123893806	766.5303867403316
143	-55.57522123893806	766.5303867403316
169	108.14159292035397	440.5635359116022
198	157.92035398230087	344.43093922651934
227	266.32743362831854	82.5524861878453
253	266.32743362831854	82.5524861878453
285	318.3185840707964	46.088397790055254
315	295.0884955752212	71.50276243093924
343	798.4070796460177	163.21546961325967
376	798.4070796460177	163.21546961325967
404	798.4070796460177	163.21546961325967
435	902.3893805309734	161.00552486187846
464	902.3893805309734	161.00552486187846
490	855.929203539823	209.62430939226522
517	855.929203539823	209.62430939226522
543	855.929203539823	209.62430939226522
568	1328.274336283186	544.4309392265193
600	1359.2477876106195	548.8508287292817
628	1393.5398230088497	425.09392265193367
661	1393.5398230088497	425.09392265193367
688	1357.0353982300885	345.5359116022099
716	1357.0353982300885	345.5359116022099
742	1357.0353982300885	345.5359116022099
768	1257.4778761061946	472.6077348066299
794	1257.4778761061946	472.6077348066299
821	1257.4778761061946	472.6077348066299
847	1358.141592920354	419.56906077348066
873	1339.3362831858406	429.51381215469615
900	1355.929203539823	179.79005524861878
926	1355.929203539823	179.79005524861878
953	1338.230088495575	450.50828729281767
979	1338.230088495575	450.50828729281767
1006	1338.230088495575	450.50828729281767
1034	1359.2477876106195	458.24309392265195
1061	1433.3628318584072	616.2541436464089
1090	1437.787610619469	652.7182320441989
1117	1437.787610619469	652.7182320441989
1148	1427.8318584070796	609.6243093922652
1175	1448.8495575221239	620.6740331491714
1200	1448.8495575221239	620.6740331491714
1226	918.9823008849557	354.3756906077348
1258	848.1858407079645	528.9613259668508
1284	848.1858407079645	528.9613259668508
1310	410.13274336283183	-9.160220994475138
1338	280.7079646017699	25.093922651933703
1368	310.57522123893807	69.29281767955801
1395	310.57522123893807	69.29281767955801
1422	115.88495575221238	135.59116022099448
1451	147.9646017699115	165.4254143646409
1479	93.76106194690264	130.06629834254144
1504	93.76106194690264	130.06629834254144
1530	93.76106194690264	130.06629834254144
1558	71.63716814159291	205.20441988950276
1591	71.63716814159291	205.20441988950276
1623	28.49557522123893	84.76243093922653
1652	28.49557522123893	84.76243093922653
1679	28.49557522123893	84.76243093922653
1705	-22.38938053097346	148.85082872928177
1735	-22.38938053097346	148.85082872928177
1764	-32.34513274336284	-22.41988950276243
1797	-32.34513274336284	-22.41988950276243
1825	81.5929203539823	26.198895027624307
1858	81.5929203539823	26.198895027624307
1882	74.95575221238937	106.86187845303867
1917	51.72566371681415	23.988950276243095
1950	209.91150442477874	40.56353591160221
1985	209.91150442477874	40.56353591160221
2017	248.62831858407077	106.86187845303867
2051	248.62831858407077	106.86187845303867
2083	248.62831858407077	106.86187845303867
2116	155.7079646017699	-58.88397790055249
2150	92.65486725663716	-64.40883977900552
2183	119.20353982300884	30.61878453038674
2212	119.20353982300884	30.61878453038674
2238	165.66371681415927	19.569060773480665
2264	165.66371681415927	19.569060773480665
2296	-32.34513274336284	158.79558011049724
2323	-32.34513274336284	158.79558011049724
2347	110.35398230088495	113.49171270718233
2376	110.35398230088495	113.49171270718233
2403	110.35398230088495	113.49171270718233
2431	64.99999999999999	-118.55248618784529
2455	64.99999999999999	-118.55248618784529
2481	102.61061946902655	15.149171270718234
2507	118.09734513274336	237.2486187845304
2537	171.1946902654867	257.1381215469613
2565	110.35398230088495	18.464088397790057
2600	36.238938053097336	79.2375690607735
2633	-20.176991150442486	116.80662983425417
2667	-35.6637168141593	10.729281767955802
2700	41.76991150442477	102.44198895027625
2733	73.84955752212389	96.91712707182322
2767	154.60176991150442	107.96685082872929
2800	154.60176991150442	107.96685082872929
2827	109.24778761061945	686.9723756906078
2853	145.75221238938053	648.2983425414365
2883	145.75221238938053	648.2983425414365
2908	153.49557522123894	606.3093922651934
2936	116.99115044247786	610.7292817679559
2966	165.66371681415927	672.6077348066299
3000	69.42477876106194	704.6519337016574
3034	104.82300884955751	794.1546961325967
3063	104.82300884955751	794.1546961325967
3087	302.83185840707966	683.6574585635359
3114	205.4867256637168	663.767955801105
3140	244.20353982300884	677.0276243093923
3167	357.0353982300885	648.2983425414365
3200	357.0353982300885	648.2983425414365
3233	456.5929203539823	606.3093922651934
3267	435.57522123893807	582.0
3300	517.433628318584	743.3259668508288
3328	536.2389380530973	701.3370165745857
3353	557.2566371681415	569.8453038674033
3383	557.2566371681415	569.8453038674033
3415	660.1327433628319	544.4309392265193
3443	660.1327433628319	544.4309392265193
3469	660.1327433628319	544.4309392265193
3498	967.6548672566372	675.9226519337017
3525	967.6548672566372	675.9226519337017
3553	1333.8053097345132	573.1602209944751
3582	1396.858407079646	595.2596685082874
3609	1234.2477876106195	601.889502762431
3638	1340.442477876106	607.4143646408841
3666	1340.442477876106	607.4143646408841
3693	1431.1504424778761	534.4861878453038
3720	1280.7079646017698	516.8066298342542
3750	1354.8230088495575	501.3370165745856
3779	1307.2566371681417	438.353591160221
3806	1354.8230088495575	501.3370165745856
3832	1409.0265486725664	395.2596685082873
3859	1409.0265486725664	395.2596685082873
3891	1368.0973451327434	399.6795580110497
3921	1368.0973451327434	399.6795580110497
3946	1415.6637168141592	504.65193370165747
3971	1407.9203539823009	479.23756906077347
3999	1407.9203539823009	479.23756906077347
4025	1368.0973451327434	475.9226519337016
4052	1368.0973451327434	475.9226519337016
4077	1259.6902654867256	504.65193370165747
4104	1259.6902654867256	504.65193370165747
4133	1259.6902654867256	504.65193370165747
4160	1459.9115044247787	589.7348066298343
4187	1459.9115044247787	589.7348066298343
4216	1347.0796460176991	597.4696132596686
4244	1320.5309734513276	720.121546961326
4270	1404.6017699115043	723.4364640883978
4297	1264.1150442477876	437.24861878453044
4325	1264.1150442477876	437.24861878453044
4380	1338.230088495575	526.7513812154696
4408	1397.9646017699115	530.0662983425414
4436	1336.0176991150443	440.5635359116022
4462	1418.9823008849557	507.9668508287293
4487	1472.0796460176991	526.7513812154696
4513	1448.8495575221239	589.7348066298343
4537	1448.8495575221239	589.7348066298343
4564	1418.9823008849557	580.8950276243095
4592	1426.725663716814	538.9060773480662
4617	1334.9115044247787	504.65193370165747
4650	1302.8318584070796	486.9723756906077
4679	1291.7699115044247	579.7900552486188
4706	1291.7699115044247	579.7900552486188
4733	1334.9115044247787	633.9337016574585
4766	1341.5486725663716	609.6243093922652
4802	1365.8849557522124	576.475138121547
4833	1420.0884955752213	540.0110497237569
4866	1435.5752212389382	507.9668508287293
4900	1275.1769911504425	553.2707182320441
4933	1292.8761061946902	612.939226519337
4967	1291.7699115044247	652.7182320441989
5000	1339.3362831858406	535.5911602209945
5033	1318.3185840707965	656.0331491712708
5067	1257.4778761061946	665.9779005524863
5100	1428.9380530973451	515.7016574585635
5133	1428.9380530973451	515.7016574585635
5166	1197.7433628318583	367.6353591160221
5200	1197.7433628318583	367.6353591160221
5233	1327.1681415929204	193.04972375690608
5266	1306.1504424778761	301.3370165745856
5300	1263.0088495575221	274.81767955801104
5333	1261.9026548672566	212.939226519337
5367	1425.6194690265486	169.84530386740332
5400	1425.6194690265486	169.84530386740332
5433	1312.787610619469	102.44198895027625
5460	1236.4601769911505	182.0
5485	1261.9026548672566	291.3922651933702
5513	1322.7433628318583	202.99447513812154
5538	1296.1946902654865	298.02209944751377
5565	1121.4159292035397	525.6464088397789
5594	1108.141592920354	549.9558011049724
5621	621.4159292035398	426.1988950276243
5649	632.4778761061947	390.8397790055248
5675	541.7699115044247	387.524861878453
5703	563.8938053097345	463.7679558011049
5731	563.8938053097345	463.7679558011049
5756	156.81415929203538	327.8563535911602
5784	149.07079646017698	323.43646408839777
5810	149.07079646017698	323.43646408839777
5837	86.01769911504424	14.044198895027627
5866	86.01769911504424	14.044198895027627
5900	-54.46902654867257	190.83977900552486
5934	-54.46902654867257	190.83977900552486
5967	-8.008849557522135	4.099447513812156
6000	-92.07964601769912	-8.05524861878453
6033	63.8938053097345	228.40883977900552
6067	63.8938053097345	228.40883977900552
6100	-8.008849557522135	-2.530386740331491
6134	-8.008849557522135	-2.530386740331491
6162	42.87610619469025	183.1049723756906
6187	42.87610619469025	183.1049723756906
6215	211.01769911504422	72.60773480662984
6244	211.01769911504422	72.60773480662984
6271	211.01769911504422	72.60773480662984
6298	197.7433628318584	-278.7734806629834
6323	57.25663716814158	-25.734806629834257
6350	107.03539823008848	-44.51933701657458
6379	254.1592920353982	-0.3204419889502753
6405	165.66371681415927	-31.25966850828729
6432	258.5840707964602	-42.30939226519337
6468	190.0	-93.13812154696132
6500	324.95575221238937	-111.92265193370166
6533	178.93805309734512	-61.093922651933696
6567	108.14159292035397	-150.5966850828729
6600	171.1946902654867	-315.2375690607735
6633	305.04424778761063	158.79558011049724
6667	305.04424778761063	158.79558011049724
6700	121.41592920353982	153.2707182320442
6733	121.41592920353982	153.2707182320442
6766	194.42477876106193	67.0828729281768
6799	89.3362831858407	26.198895027624307
6833	-26.814159292035406	288.0773480662983
6866	-26.814159292035406	288.0773480662983
6900	14.115044247787601	49.40331491712707
6933	14.115044247787601	49.40331491712707
6966	31.81415929203539	201.88950276243096
7000	31.81415929203539	201.88950276243096
7033	-54.46902654867257	185.31491712707182
7066	-94.2920353982301	144.43093922651934
7095	35.132743362831846	110.17679558011051
7122	35.132743362831846	110.17679558011051
7147	43.98230088495574	167.6353591160221
7175	46.19469026548671	149.95580110497238
7201	46.19469026548671	149.95580110497238
7226	116.99115044247786	362.11049723756906
7256	116.99115044247786	362.11049723756906
7284	91.54867256637166	200.78453038674033
7312	91.54867256637166	200.78453038674033
7337	48.40707964601769	231.72375690607737
7366	66.10619469026548	214.04419889502765
7395	48.40707964601769	231.72375690607737
7420	24.070796460176982	144.43093922651934
7451	24.070796460176982	144.43093922651934
7483	186.68141592920352	158.79558011049724
7517	186.68141592920352	158.79558011049724
7549	133.58407079646017	262.6629834254144
7583	59.46902654867255	124.54143646408842
7616	265.2212389380531	283.6574585635359
7650	265.2212389380531	283.6574585635359
7683	208.8053097345133	184.20994475138122
7716	208.8053097345133	235.0386740331492
7749	124.73451327433627	323.43646408839777
7783	327.16814159292034	208.51933701657458
7817	308.36283185840705	198.5745856353591
7850	308.36283185840705	198.5745856353591
7883	440.0	335.5911602209944
7916	440.0	335.5911602209944
7950	494.20353982300884	138.9060773480663
7983	515.221238938053	248.29834254143645
8009	527.3893805309734	219.5690607734807
8036	595.9734513274336	247.19337016574588
8064	595.9734513274336	247.19337016574588
8090	412.3451327433628	210.7292817679558
8117	412.3451327433628	210.7292817679558
8147	569.4247787610619	411.8342541436464
8173	513.0088495575221	176.47513812154696
8199	513.0088495575221	176.47513812154696
8232	653.4955752212389	291.3922651933702
8260	653.4955752212389	291.3922651933702
8289	411.23893805309734	210.7292817679558
8318	411.23893805309734	210.7292817679558
8346	456.5929203539823	153.2707182320442
8373	546.1946902654868	167.6353591160221
8400	456.5929203539823	153.2707182320442
8429	636.9026548672566	264.8729281767956
8455	594.8672566371681	436.14364640883974
8484	684.4690265486726	113.49171270718233
8516	651.283185840708	196.36464088397793
8543	718.7610619469026	564.3204419889503
8571	664.5575221238937	532.2762430939226
8598	639.1150442477876	363.21546961325964
8630	622.5221238938053	376.47513812154693
8657	663.4513274336283	461.55801104972375
8680	675.6194690265487	359.90055248618785
8710	675.6194690265487	359.90055248618785
8737	675.6194690265487	359.90055248618785
8766	472.0796460176991	482.55248618784526
8794	612.566371681416	374.2651933701657
8820	670.0884955752213	325.646408839779
8847	670.0884955752213	325.646408839779
8873	534.0265486725664	236.14364640883977
8898	534.0265486725664	236.14364640883977
8925	534.0265486725664	236.14364640883977
8955	755.2654867256638	62.66298342541437
8982	678.9380530973451	226.1988950276243
9010	771.858407079646	86.97237569060773
9035	771.858407079646	86.97237569060773
9066	771.858407079646	86.97237569060773
9095	677.8318584070796	60.45303867403315
9121	677.8318584070796	60.45303867403315
9145	614.7787610619469	159.90055248618788
9174	614.7787610619469	159.90055248618788
9201	614.7787610619469	159.90055248618788
9228	748.6283185840707	167.6353591160221
9255	748.6283185840707	167.6353591160221
9282	747.5221238938053	178.6850828729282
9305	747.5221238938053	178.6850828729282
9332	747.5221238938053	178.6850828729282
9358	827.1681415929203	147.74585635359117
9386	843.7610619469026	301.3370165745856
9415	719.8672566371681	65.97790055248619
9443	719.8672566371681	65.97790055248619
9470	719.8672566371681	65.97790055248619
9499	626.9469026548672	51.61325966850829
9526	651.283185840708	112.38674033149172
9553	92.65486725663716	170.95027624309392
9583	61.68141592920353	175.37016574585635
9610	64.99999999999999	4.099447513812156
9637	64.99999999999999	4.099447513812156
9663	180.0442477876106	101.33701657458565
9690	59.46902654867255	252.7182320441989
9714	119.20353982300884	136.6961325966851
9744	112.56637168141592	88.07734806629836
9792	112.56637168141592	88.07734806629836
9823	151.28318584070797	175.37016574585635
9849	151.28318584070797	175.37016574585635
9874	151.28318584070797	175.37016574585635
9900	236.46017699115043	127.85635359116023
9924	331.5929203539823	148.85082872928177
9951	261.9026548672566	229.51381215469615
9980	261.9026548672566	229.51381215469615
10006	289.5575221238938	210.7292817679558
10033	284.0265486725664	272.6077348066299
10057	276.2831858407079	125.64640883977903
10090	238.6725663716814	122.33149171270719
10119	369.20353982300884	197.4696132596685
10150	280.7079646017699	104.65193370165747
10178	296.1946902654867	91.39226519337016
10207	276.2831858407079	89.18232044198896
10236	215.44247787610618	267.0828729281768
10262	215.44247787610618	267.0828729281768
10291	308.36283185840705	182.0
10317	328.2743362831858	71.50276243093924
10343	176.72566371681415	70.39779005524862
10371	240.8849557522124	7.414364640883979
10398	165.66371681415927	98.02209944751382
10424	233.14159292035396	71.50276243093924
10451	233.14159292035396	71.50276243093924
10479	147.9646017699115	52.7182320441989
10503	147.9646017699115	52.7182320441989
10532	78.27433628318583	130.06629834254144
10560	82.69911504424778	162.11049723756906
10590	82.69911504424778	162.11049723756906
10617	138.0088495575221	50.50828729281768
10649	138.0088495575221	50.50828729281768
10680	134.69026548672565	232.82872928176795
10704	156.81415929203538	207.414364640884
10734	156.81415929203538	207.414364640884
10763	204.38053097345133	174.26519337016575
10791	204.38053097345133	174.26519337016575
10819	375.8407079646018	91.39226519337016
10845	292.87610619469024	75.92265193370167
10872	211.01769911504422	159.90055248618788
10897	211.01769911504422	159.90055248618788
10924	211.01769911504422	159.90055248618788
10949	311.6814159292035	2.994475138121548
10982	366.9911504424779	-18.0
11008	395.75221238938053	212.939226519337
11034	464.33628318584067	201.88950276243096
11062	378.05309734513276	238.353591160221
11086	528.4955752212389	259.34806629834253
11116	528.4955752212389	259.34806629834253
11143	363.6725663716814	-9.160220994475138
11171	486.46017699115043	42.773480662983424
11195	486.46017699115043	42.773480662983424
11222	464.33628318584067	29.513812154696133
11251	426.72566371681415	-52.254143646408835
11276	409.0265486725664	119.01657458563537
11306	409.0265486725664	119.01657458563537
11334	560.575221238938	37.248618784530386
11364	623.6283185840707	82.5524861878453
11391	560.575221238938	37.248618784530386
11417	588.2300884955753	29.513812154696133
11444	628.0530973451328	110.17679558011051
11473	574.9557522123894	86.97237569060773
11503	574.9557522123894	86.97237569060773
11529	574.9557522123894	86.97237569060773
11556	592.6548672566372	148.85082872928177
11585	560.575221238938	223.98895027624312
11610	528.4955752212389	59.34806629834254
11641	538.4513274336283	98.02209944751382
11666	538.4513274336283	98.02209944751382
11699	699.9557522123894	264.8729281767956
11728	714.3362831858408	135.59116022099448
11756	612.566371681416	189.73480662983425
11788	612.566371681416	189.73480662983425
11816	323.8495575221239	107.96685082872929
11844	323.8495575221239	107.96685082872929
11869	556.1504424778761	5.204419889502764
11897	556.1504424778761	5.204419889502764
11923	556.1504424778761	5.204419889502764
11951	206.5929203539823	36.14364640883978
11979	206.5929203539823	36.14364640883978
12005	352.6106194690266	100.23204419889504
12034	352.6106194690266	100.23204419889504
12058	352.6106194690266	100.23204419889504
12085	455.4867256637168	230.61878453038673
12113	455.4867256637168	230.61878453038673
12143	446.63716814159295	251.6132596685083
12170	446.63716814159295	251.6132596685083
12197	446.63716814159295	251.6132596685083
12225	293.98230088495575	316.8066298342541
12252	350.39823008849555	235.0386740331492
12284	382.4778761061947	143.32596685082873
12310	382.4778761061947	143.32596685082873
12337	382.4778761061947	143.32596685082873
12363	246.4159292035398	49.40331491712707
12390	246.4159292035398	49.40331491712707
12418	237.56637168141592	67.0828729281768
12446	237.56637168141592	67.0828729281768
12471	376.94690265486724	169.84530386740332
12499	341.5486725663717	162.11049723756906
12527	341.5486725663717	162.11049723756906
12553	206.5929203539823	62.66298342541437
12580	206.5929203539823	62.66298342541437
12606	101.50442477876105	14.044198895027627
12632	101.50442477876105	14.044198895027627
12659	101.50442477876105	14.044198895027627
12690	83.80530973451326	220.67403314917127
12714	115.88495575221238	293.6022099447514
12742	-81.01769911504427	130.06629834254144
12769	-81.01769911504427	130.06629834254144
12796	-81.01769911504427	130.06629834254144
12825	67.21238938053096	178.6850828729282
12854	67.21238938053096	178.6850828729282
12883	-114.20353982300887	115.70165745856353
12911	-114.20353982300887	115.70165745856353
12938	-23.495575221238948	208.51933701657458
12966	-23.495575221238948	208.51933701657458
12991	-23.495575221238948	208.51933701657458
13017	138.0088495575221	324.5414364640884
13044	138.0088495575221	324.5414364640884
13071	175.61946902654864	186.41988950276246
13098	175.61946902654864	186.41988950276246
13127	244.20353982300884	277.02762430939225
13155	244.20353982300884	277.02762430939225
13182	244.20353982300884	277.02762430939225
13209	374.7345132743363	250.50828729281767
13236	354.82300884955754	138.9060773480663
13262	374.7345132743363	250.50828729281767
13290	311.6814159292035	219.5690607734807
13317	311.6814159292035	219.5690607734807
13341	409.0265486725664	338.9060773480663
13368	409.0265486725664	338.9060773480663
13395	409.0265486725664	338.9060773480663
13420	535.1327433628319	390.8397790055248
13452	495.3097345132743	307.96685082872926
13480	397.9646017699115	275.9226519337017
13506	397.9646017699115	275.9226519337017
13531	302.83185840707966	260.45303867403317
13562	379.1592920353982	101.33701657458565
13599	299.5132743362832	193.04972375690608
13634	344.8672566371681	144.43093922651934
13666	319.42477876106193	156.58563535911603
13701	440.0	281.4475138121547
13733	418.98230088495575	389.7348066298342
13767	418.98230088495575	389.7348066298342
13800	385.79646017699116	198.5745856353591
13833	385.79646017699116	198.5745856353591
13866	229.8230088495575	230.61878453038673
13899	229.8230088495575	230.61878453038673
13928	207.69911504424778	298.02209944751377
13954	207.69911504424778	298.02209944751377
13981	207.69911504424778	298.02209944751377
14005	565.0	355.48066298342536
14032	562.787610619469	291.3922651933702
14061	565.0	355.48066298342536
14088	412.3451327433628	237.2486187845304
14113	412.3451327433628	237.2486187845304
14143	397.9646017699115	42.773480662983424
14171	397.9646017699115	42.773480662983424
14196	397.9646017699115	42.773480662983424
14220	498.6283185840708	148.85082872928177
14250	498.6283185840708	148.85082872928177
14279	517.433628318584	169.84530386740332
14311	517.433628318584	169.84530386740332
14344	539.5575221238937	8.519337016574587
14372	539.5575221238937	8.519337016574587
14397	539.5575221238937	8.519337016574587
14424	499.7345132743363	158.79558011049724
14452	499.7345132743363	158.79558011049724
14476	612.566371681416	248.29834254143645
14502	612.566371681416	248.29834254143645
14529	612.566371681416	248.29834254143645
14557	541.7699115044247	112.38674033149172
14584	573.8495575221239	159.90055248618788
14612	694.4247787610619	298.02209944751377
14640	694.4247787610619	298.02209944751377
14665	674.5132743362832	262.6629834254144
14694	674.5132743362832	262.6629834254144
14721	674.5132743362832	262.6629834254144
14749	616.9911504424779	189.73480662983425
14779	610.353982300885	164.32044198895028
14803	610.353982300885	164.32044198895028
14832	705.4867256637168	241.66850828729284
14861	705.4867256637168	241.66850828729284
14887	595.9734513274336	187.52486187845307
14914	595.9734513274336	187.52486187845307
14940	857.0353982300885	357.6906077348066
14966	857.0353982300885	357.6906077348066
14993	857.0353982300885	357.6906077348066
15019	818.3185840707965	257.1381215469613
15051	818.3185840707965	257.1381215469613
15078	704.3805309734513	307.96685082872926
15104	741.9911504424779	286.9723756906077
15130	738.6725663716815	133.38121546961327
15157	738.6725663716815	133.38121546961327
15183	738.6725663716815	133.38121546961327
15209	722.0796460176991	122.33149171270719
15259	722.0796460176991	122.33149171270719
15287	602.6106194690265	295.81215469613255
15316	644.646017699115	248.29834254143645
15342	833.8053097345132	293.6022099447514
15369	833.8053097345132	293.6022099447514
15396	833.8053097345132	293.6022099447514
15424	706.5929203539822	191.94475138121547
15453	750.8407079646017	269.292817679558
15483	833.8053097345132	263.76795580110496
15511	883.5840707964602	273.71270718232046
15542	910.1327433628319	248.29834254143645
15573	843.7610619469026	231.72375690607737
15603	339.33628318584067	262.6629834254144
15633	339.33628318584067	262.6629834254144
15659	339.33628318584067	262.6629834254144
15690	217.65486725663715	309.0718232044199
15717	246.4159292035398	387.524861878453
15743	159.02654867256635	251.6132596685083
15770	165.66371681415927	212.939226519337
15796	163.4513274336283	281.4475138121547
15823	156.81415929203538	296.9171270718232
15853	155.7079646017699	313.4917127071823
15881	112.56637168141592	336.69613259668506
15913	112.56637168141592	336.69613259668506
15949	53.938053097345126	226.1988950276243
15975	53.938053097345126	226.1988950276243
16006	14.115044247787601	302.4419889502762
16036	14.115044247787601	302.4419889502762
16063	14.115044247787601	302.4419889502762
16090	151.28318584070797	154.3756906077348
16123	151.28318584070797	154.3756906077348
16151	267.43362831858406	320.1215469613259
16178	267.43362831858406	320.1215469613259
16205	223.1858407079646	364.3204419889503
16235	223.1858407079646	364.3204419889503
16263	318.3185840707964	246.08839779005524
16290	318.3185840707964	246.08839779005524
16318	318.3185840707964	246.08839779005524
16344	241.99115044247787	113.49171270718233
16370	241.99115044247787	113.49171270718233
16397	207.69911504424778	231.72375690607737
16426	207.69911504424778	231.72375690607737
16453	207.69911504424778	231.72375690607737
16482	216.54867256637166	252.7182320441989
16513	216.54867256637166	252.7182320441989
16539	175.61946902654864	338.9060773480663
16566	175.61946902654864	338.9060773480663
16596	175.61946902654864	338.9060773480663
16621	153.49557522123894	242.77348066298345
16651	153.49557522123894	218.46408839779005
16679	124.73451327433627	190.83977900552486
16709	77.16814159292035	176.47513812154696
16737	108.14159292035397	221.7790055248619
16763	108.14159292035397	221.7790055248619
16791	131.3716814159292	156.58563535911603
16820	131.3716814159292	156.58563535911603
16844	131.3716814159292	156.58563535911603
16872	111.46017699115043	352.16574585635357
16901	111.46017699115043	352.16574585635357
16927	108.14159292035397	284.7624309392265
16952	274.07079646017695	253.8232044198895
16979	274.07079646017695	253.8232044198895
17006	47.3008849557522	217.35911602209947
17035	47.3008849557522	217.35911602209947
17064	150.17699115044246	250.50828729281767
17089	92.65486725663716	340.01104972375686
17117	92.65486725663716	340.01104972375686
17145	275.17699115044246	365.42541436464086
17170	275.17699115044246	365.42541436464086
17196	73.84955752212389	359.90055248618785
17224	73.84955752212389	359.90055248618785
17252	73.84955752212389	359.90055248618785
17277	9.690265486725654	71.50276243093924
17305	53.938053097345126	52.7182320441989
17338	122.5221238938053	212.939226519337
17364	122.5221238938053	212.939226519337
17391	122.5221238938053	212.939226519337
17419	107.03539823008848	321.22651933701655
17448	107.03539823008848	321.22651933701655
17478	123.6283185840708	209.62430939226522
17506	123.6283185840708	209.62430939226522
17533	129.1592920353982	165.4254143646409
17562	215.44247787610618	156.58563535911603
17593	199.95575221238937	231.72375690607737
17622	201.06194690265485	243.87845303867402
17646	201.06194690265485	243.87845303867402
17672	217.65486725663715	373.1602209944751
17702	217.65486725663715	373.1602209944751
17729	217.65486725663715	373.1602209944751
17755	56.1504424778761	237.2486187845304
17782	108.14159292035397	258.24309392265195
17811	173.40707964601768	302.4419889502762
17841	173.40707964601768	302.4419889502762
17874	94.86725663716814	211.83425414364643
17903	94.86725663716814	211.83425414364643
17930	132.47787610619469	262.6629834254144
17958	132.47787610619469	262.6629834254144
17989	548.4070796460177	447.1933701657458
18018	548.4070796460177	447.1933701657458
18044	532.9203539823009	397.4696132596685
18072	597.0796460176991	698.0220994475138
18100	741.9911504424779	401.8895027624309
18126	753.0530973451328	407.41436464088395
18153	378.05309734513276	311.2817679558011
18180	366.9911504424779	333.3812154696132
18206	297.30088495575217	604.0994475138123
18234	297.30088495575217	604.0994475138123
18260	297.30088495575217	604.0994475138123
18287	323.8495575221239	304.6519337016574
18318	323.8495575221239	304.6519337016574
18345	195.5309734513274	236.14364640883977
18373	195.5309734513274	236.14364640883977
18401	217.65486725663715	390.8397790055248
18429	218.76106194690266	298.02209944751377
18457	266.32743362831854	376.47513812154693
18484	266.32743362831854	376.47513812154693
18513	266.32743362831854	376.47513812154693
18540	160.13274336283183	327.8563535911602
18570	201.06194690265485	247.19337016574588
18599	157.92035398230087	320.1215469613259
18625	181.15044247787608	285.8674033149171
18651	157.92035398230087	320.1215469613259
18679	193.31858407079645	159.90055248618788
18707	455.4867256637168	253.8232044198895
18736	343.76106194690266	28.408839779005525
18769	438.8938053097345	77.02762430939228
18794	432.25663716814154	199.67955801104972
18821	442.21238938053096	145.53591160220995
18850	363.6725663716814	186.41988950276246
18872	415.6637168141593	63.76795580110497
18897	395.75221238938053	59.34806629834254
18922	395.75221238938053	59.34806629834254
18949	388.0088495575221	19.569060773480665
18978	388.0088495575221	19.569060773480665
19002	391.32743362831854	84.76243093922653
19030	391.32743362831854	84.76243093922653
19056	391.32743362831854	84.76243093922653
19082	347.0796460176991	184.20994475138122
19116	347.0796460176991	184.20994475138122
19141	421.1946902654867	32.828729281767956
19170	421.1946902654867	32.828729281767956
19198	438.8938053097345	41.668508287292816
19224	438.8938053097345	41.668508287292816
19254	522.9646017699115	49.40331491712707
19281	522.9646017699115	49.40331491712707
19307	522.9646017699115	49.40331491712707
19336	521.858407079646	57.13812154696133
19366	521.858407079646	57.13812154696133
19393	521.858407079646	57.13812154696133
19419	454.3805309734513	236.14364640883977
19442	490.88495575221236	191.94475138121547
19469	520.7522123893805	191.94475138121547
19494	570.5309734513274	115.70165745856353
19520	570.5309734513274	115.70165745856353
19550	545.0884955752213	161.00552486187846
19577	545.0884955752213	161.00552486187846
19602	601.5044247787611	140.0110497237569
19629	562.787610619469	134.48618784530387
19655	531.8141592920354	124.54143646408842
19685	528.4955752212389	141.11602209944752
19716	531.8141592920354	124.54143646408842
19743	717.6548672566372	235.0386740331492
19771	717.6548672566372	235.0386740331492
19798	364.7787610619469	77.02762430939228
19826	364.7787610619469	77.02762430939228
19854	364.7787610619469	77.02762430939228
19883	482.0353982300885	110.17679558011051
19910	482.0353982300885	110.17679558011051
19939	434.46902654867256	134.48618784530387
19965	434.46902654867256	134.48618784530387
19994	322.7433628318584	1.8895027624309402
20021	322.7433628318584	1.8895027624309402
20048	322.7433628318584	1.8895027624309402
20075	507.4778761061947	158.79558011049724
20099	507.4778761061947	158.79558011049724
20125	507.4778761061947	158.79558011049724
20151	329.3805309734513	75.92265193370167
20182	320.53097345132744	-5.845303867403314
20211	389.1150442477876	172.05524861878453
20237	389.1150442477876	172.05524861878453
20263	393.53982300884957	117.91160220994476
20291	393.53982300884957	117.91160220994476
20316	393.53982300884957	117.91160220994476
20344	288.4513274336283	110.17679558011051
20371	308.36283185840705	115.70165745856353
20396	261.9026548672566	122.33149171270719
20420	261.9026548672566	122.33149171270719
20449	261.9026548672566	122.33149171270719
20475	228.71681415929203	63.76795580110497
20502	228.71681415929203	63.76795580110497
20531	73.84955752212389	209.62430939226522
20561	73.84955752212389	209.62430939226522
20587	58.36283185840707	205.20441988950276
20614	138.0088495575221	155.48066298342542
20641	153.49557522123894	164.32044198895028
20665	211.01769911504422	185.31491712707182
20692	211.01769911504422	185.31491712707182
20719	211.01769911504422	185.31491712707182
20746	37.34513274336282	104.65193370165747
20777	37.34513274336282	104.65193370165747
20833	53.938053097345126	-24.629834254143645
20860	18.539823008849545	73.71270718232044
20887	-27.920353982300895	89.18232044198896
20913	18.539823008849545	73.71270718232044
20939	32.920353982300874	189.73480662983425
20969	32.920353982300874	189.73480662983425
20997	32.920353982300874	189.73480662983425
21025	97.0796460176991	208.51933701657458
21054	102.61061946902655	141.11602209944752
21078	119.20353982300884	148.85082872928177
21106	119.20353982300884	148.85082872928177
21136	337.1238938053097	172.05524861878453
21165	337.1238938053097	172.05524861878453
21191	435.57522123893807	195.25966850828732
21222	435.57522123893807	195.25966850828732
21249	435.57522123893807	195.25966850828732
21277	430.04424778761063	240.5635359116022
21305	400.17699115044246	275.9226519337017
21335	570.5309734513274	157.69060773480663
21362	570.5309734513274	157.69060773480663
21387	570.5309734513274	157.69060773480663
21418	561.6814159292035	218.46408839779005
21447	561.6814159292035	218.46408839779005
21476	506.3716814159291	151.060773480663
21504	506.3716814159291	151.060773480663
21528	588.2300884955753	136.6961325966851
21555	632.4778761061947	153.2707182320442
21586	632.4778761061947	153.2707182320442
21612	515.221238938053	116.80662983425417
21638	515.221238938053	116.80662983425417
21671	647.9646017699115	191.94475138121547
21698	666.7699115044247	197.4696132596685
21723	693.3185840707965	172.05524861878453
21753	693.3185840707965	172.05524861878453
21782	693.3185840707965	172.05524861878453
21810	668.9823008849557	188.62983425414365
21837	668.9823008849557	188.62983425414365
21864	765.221238938053	115.70165745856353
21893	765.221238938053	115.70165745856353
21919	765.221238938053	115.70165745856353
21945	722.0796460176991	155.48066298342542
21976	678.9380530973451	230.61878453038673
22004	725.3982300884956	62.66298342541437
22032	736.4601769911504	33.93370165745856
22062	883.5840707964602	216.25414364640883
22088	883.5840707964602	216.25414364640883
22117	907.9203539823009	288.0773480662983
22147	859.2477876106195	168.74033149171274
22176	859.2477876106195	168.74033149171274
22201	796.1946902654868	195.25966850828732
22228	796.1946902654868	195.25966850828732
22253	796.1946902654868	195.25966850828732
22281	912.3451327433628	217.35911602209947
22308	912.3451327433628	217.35911602209947
22333	865.8849557522124	202.99447513812154
22362	933.362831858407	199.67955801104972
22388	853.716814159292	186.41988950276246
22415	833.8053097345132	262.6629834254144
22441	821.637168141593	283.6574585635359
22469	938.8938053097345	271.50276243093924
22495	938.8938053097345	271.50276243093924
22521	809.4690265486726	322.33149171270713
22550	809.4690265486726	322.33149171270713
22579	866.9911504424779	270.39779005524866
22607	850.3982300884956	-13.580110497237568
22636	883.5840707964602	17.35911602209945
22663	440.0	238.353591160221
22690	474.29203539823004	235.0386740331492
22716	568.3185840707965	264.8729281767956
22744	36.238938053097336	135.59116022099448
22770	36.238938053097336	135.59116022099448
22795	50.61946902654866	197.4696132596685
22822	50.61946902654866	197.4696132596685
22848	50.61946902654866	197.4696132596685
22880	-77.6991150442478	86.97237569060773
22909	-77.6991150442478	86.97237569060773
22937	37.34513274336282	228.40883977900552
22966	37.34513274336282	228.40883977900552
22994	47.3008849557522	183.1049723756906
23022	47.3008849557522	183.1049723756906
23048	47.3008849557522	183.1049723756906
23080	-53.36283185840709	200.78453038674033
23109	-31.238938053097353	249.4033149171271
23136	72.74336283185839	331.17127071823205
23164	72.74336283185839	331.17127071823205
23192	162.34513274336283	291.3922651933702
23218	211.01769911504422	219.5690607734807
23249	211.01769911504422	219.5690607734807
23277	188.89380530973452	314.5966850828729
23303	188.89380530973452	314.5966850828729
23331	161.23893805309734	-6.950276243093921
23366	161.23893805309734	-6.950276243093921
23394	297.30088495575217	205.20441988950276
23421	297.30088495575217	205.20441988950276
23450	297.30088495575217	205.20441988950276
23479	249.73451327433628	286.9723756906077
23505	249.73451327433628	286.9723756906077
23533	360.3539823008849	116.80662983425417
23562	334.91150442477874	141.11602209944752
23589	334.91150442477874	141.11602209944752
23616	430.04424778761063	62.66298342541437
23644	430.04424778761063	62.66298342541437
23670	595.9734513274336	116.80662983425417
23699	542.8761061946902	106.86187845303867
23726	497.5221238938053	324.5414364640884
23753	497.5221238938053	324.5414364640884
23778	497.5221238938053	324.5414364640884
23805	572.7433628318585	232.82872928176795
23833	572.7433628318585	232.82872928176795
23858	572.7433628318585	232.82872928176795
23890	501.9469026548673	125.64640883977903
23918	501.9469026548673	125.64640883977903
23945	576.0619469026549	186.41988950276246
23976	576.0619469026549	186.41988950276246
24007	677.8318584070796	264.8729281767956
24032	677.8318584070796	264.8729281767956
24057	610.353982300885	140.0110497237569
24088	610.353982300885	140.0110497237569
24117	610.353982300885	140.0110497237569
24144	701.0619469026549	345.5359116022099
24173	701.0619469026549	345.5359116022099
24202	654.6017699115044	166.5303867403315
24228	654.6017699115044	166.5303867403315
24255	654.6017699115044	166.5303867403315
24282	838.2300884955753	283.6574585635359
24309	838.2300884955753	283.6574585635359
24336	815.0	229.51381215469615
24364	815.0	229.51381215469615
24392	717.6548672566372	175.37016574585635
24419	717.6548672566372	175.37016574585635
24445	717.6548672566372	175.37016574585635
24470	821.637168141593	155.48066298342542
24498	821.637168141593	155.48066298342542
24526	753.0530973451328	128.96132596685084
24554	753.0530973451328	128.96132596685084
24579	744.2035398230088	163.21546961325967
24605	638.0088495575221	190.83977900552486
24632	638.0088495575221	190.83977900552486
24659	740.8849557522124	243.87845303867402
24686	728.716814159292	109.0718232044199
24712	734.2477876106195	166.5303867403315
24741	212.1238938053097	261.55801104972375
24774	130.26548672566372	267.0828729281768
24806	73.84955752212389	180.8950276243094
24834	28.49557522123893	59.34806629834254
24861	167.87610619469027	176.47513812154696
24889	107.03539823008848	257.1381215469613
24916	107.03539823008848	257.1381215469613
24949	141.32743362831857	271.50276243093924
24979	141.32743362831857	271.50276243093924
25011	82.69911504424778	313.4917127071823
25037	82.69911504424778	313.4917127071823
25064	-1.3716814159292137	278.1325966850829
25091	-1.3716814159292137	278.1325966850829
25117	-1.3716814159292137	278.1325966850829
25144	91.54867256637166	202.99447513812154
25172	91.54867256637166	202.99447513812154
25204	61.68141592920353	432.8287292817679
25232	163.4513274336283	322.33149171270713
25263	71.63716814159291	252.7182320441989
25288	71.63716814159291	252.7182320441989
25318	135.79646017699116	153.2707182320442
25352	83.80530973451326	263.76795580110496
25378	83.80530973451326	263.76795580110496
25403	198.8495575221239	231.72375690607737
25430	198.8495575221239	231.72375690607737
25455	193.31858407079645	327.8563535911602
25482	193.31858407079645	327.8563535911602
25512	193.31858407079645	327.8563535911602
25540	411.23893805309734	256.03314917127074
25570	350.39823008849555	228.40883977900552
25595	416.7699115044248	343.3259668508287
25621	319.42477876106193	284.7624309392265
25649	319.42477876106193	284.7624309392265
25674	257.4778761061947	140.0110497237569
25702	257.4778761061947	140.0110497237569
25730	344.8672566371681	207.414364640884
25758	347.0796460176991	196.36464088397793
25784	583.8053097345132	204.09944751381218
25810	583.8053097345132	204.09944751381218
25835	583.8053097345132	204.09944751381218
25864	572.7433628318585	202.99447513812154
25890	463.2300884955752	105.75690607734806
25918	572.7433628318585	202.99447513812154
25943	525.1769911504425	103.54696132596686
25970	524.070796460177	109.0718232044199
25996	536.2389380530973	290.28729281767954
26024	482.0353982300885	313.4917127071823
26073	605.929203539823	327.8563535911602
26105	605.929203539823	327.8563535911602
26138	760.7964601769911	251.6132596685083
26168	760.7964601769911	251.6132596685083
26196	698.8495575221239	291.3922651933702
26223	725.3982300884956	299.1270718232044
26249	765.221238938053	407.41436464088395
26277	819.4247787610619	495.81215469613255
26305	819.4247787610619	495.81215469613255
26331	616.9911504424779	205.20441988950276
26359	616.9911504424779	205.20441988950276
26392	751.9469026548672	221.7790055248619
26420	751.9469026548672	221.7790055248619
26447	751.9469026548672	221.7790055248619
26473	795.0884955752213	365.42541436464086
26506	706.5929203539822	272.6077348066299
26535	727.6106194690265	269.292817679558
26564	758.5840707964602	351.06077348066293
26590	902.3893805309734	240.5635359116022
26616	902.3893805309734	240.5635359116022
26644	902.3893805309734	240.5635359116022
26669	851.5044247787611	322.33149171270713
26704	851.5044247787611	322.33149171270713
26737	257.4778761061947	486.9723756906077
26773	164.5575221238938	444.98342541436455
26802	28.49557522123893	372.0552486187845
26829	-6.902654867256647	296.9171270718232
26857	-19.070796460177	223.98895027624312
26885	-19.070796460177	223.98895027624312
26912	-19.070796460177	223.98895027624312
26939	74.95575221238937	289.18232044198896
26966	74.95575221238937	289.18232044198896
26994	134.69026548672565	220.67403314917127
27020	134.69026548672565	220.67403314917127
27046	41.76991150442477	158.79558011049724
27074	41.76991150442477	158.79558011049724
27103	41.76991150442477	158.79558011049724
27129	246.4159292035398	364.3204419889503
27156	246.4159292035398	364.3204419889503
27183	246.4159292035398	364.3204419889503
27212	255.2654867256637	323.43646408839777
27236	255.2654867256637	323.43646408839777
27262	463.2300884955752	306.8618784530387
27292	384.69026548672565	346.64088397790056
27319	256.3716814159292	253.8232044198895
27348	256.3716814159292	253.8232044198895
27374	256.3716814159292	253.8232044198895
27400	379.1592920353982	334.48618784530385
27426	379.1592920353982	334.48618784530385
27453	493.0973451327433	186.41988950276246
27480	493.0973451327433	186.41988950276246
27508	493.0973451327433	186.41988950276246
27535	413.4513274336283	288.0773480662983
27563	454.3805309734513	292.49723756906076
27588	568.3185840707965	333.3812154696132
27616	499.7345132743363	194.1546961325967
27645	531.8141592920354	164.32044198895028
27669	620.3097345132743	273.71270718232046
27696	746.4159292035398	298.02209944751377
27720	569.4247787610619	257.1381215469613
27747	569.4247787610619	257.1381215469613
27774	569.4247787610619	257.1381215469613
27801	211.01769911504422	315.7016574585635
27827	211.01769911504422	315.7016574585635
27852	233.14159292035396	357.6906077348066
27881	233.14159292035396	357.6906077348066
27908	233.14159292035396	357.6906077348066
27934	90.44247787610618	332.27624309392263
27963	66.10619469026548	332.27624309392263
27991	135.79646017699116	316.8066298342541
28018	135.79646017699116	316.8066298342541
28045	135.79646017699116	316.8066298342541
28074	157.92035398230087	369.8453038674033
28099	157.92035398230087	369.8453038674033
28132	29.601769911504412	254.92817679558013
28161	68.31858407079645	292.49723756906076
28187	84.91150442477876	399.6795580110497
28214	41.76991150442477	296.9171270718232
28240	41.76991150442477	296.9171270718232
28266	187.78761061946904	532.2762430939226
28294	238.6725663716814	341.1160220994475
28321	91.54867256637166	177.5801104972376
28350	91.54867256637166	177.5801104972376
28373	109.24778761061945	153.2707182320442
28400	272.9646017699115	442.7734806629834
28426	249.73451327433628	399.6795580110497
28453	272.9646017699115	442.7734806629834
28479	168.98230088495575	418.4640883977901
28506	152.38938053097345	462.6629834254143
28535	274.07079646017695	251.6132596685083
28563	274.07079646017695	251.6132596685083
28594	360.3539823008849	393.049723756906
28620	360.3539823008849	393.049723756906
28650	337.1238938053097	253.8232044198895
28682	320.53097345132744	250.50828729281767
28717	497.5221238938053	415.1491712707182
28749	347.0796460176991	416.2541436464088
28782	420.0884955752212	465.9779005524862
28816	414.5575221238938	180.8950276243094
28849	414.5575221238938	180.8950276243094
28883	458.8053097345133	456.0331491712707
28916	278.49557522123894	510.1767955801105
28949	430.04424778761063	514.5966850828729
28982	391.32743362831854	384.2099447513812
29015	391.32743362831854	384.2099447513812
29049	291.7699115044248	379.7900552486188
29082	291.7699115044248	379.7900552486188
29115	374.7345132743363	307.96685082872926
29149	374.7345132743363	307.96685082872926
29182	374.7345132743363	307.96685082872926
29210	254.1592920353982	395.2596685082873
29237	254.1592920353982	395.2596685082873
29263	248.62831858407077	394.15469613259665
29290	248.62831858407077	394.15469613259665
29319	297.30088495575217	432.8287292817679
29347	255.2654867256637	351.06077348066293
29374	255.2654867256637	351.06077348066293
29400	233.14159292035396	374.2651933701657
29427	233.14159292035396	374.2651933701657
29451	602.6106194690265	415.1491712707182
29478	665.6637168141592	475.9226519337016
29505	602.6106194690265	415.1491712707182
29531	608.141592920354	435.03867403314916
29559	608.141592920354	435.03867403314916
29585	772.9646017699115	236.14364640883977
29613	701.0619469026549	292.49723756906076
29643	701.0619469026549	292.49723756906076
29673	800.6194690265487	362.11049723756906
29700	800.6194690265487	362.11049723756906
29732	677.8318584070796	286.9723756906077
29761	677.8318584070796	286.9723756906077
29790	768.5398230088496	418.4640883977901
29817	601.5044247787611	428.40883977900546
29847	708.8053097345132	370.95027624309387
29875	708.8053097345132	370.95027624309387
29906	708.8053097345132	370.95027624309387
29934	779.6017699115044	449.4033149171271
29963	779.6017699115044	449.4033149171271
29990	774.070796460177	375.3701657458563
30017	739.7787610619469	493.6022099447514
30046	678.9380530973451	483.65745856353584
30072	797.3008849557523	553.2707182320441
30100	826.0619469026549	462.6629834254143
30131	707.6991150442477	473.71270718232046
30165	707.6991150442477	473.71270718232046
30199	726.5044247787611	430.61878453038673
30232	711.0176991150443	409.6243093922651
30265	313.8938053097345	312.3867403314917
30299	229.8230088495575	379.7900552486188
30332	176.72566371681415	333.3812154696132
30365	176.72566371681415	333.3812154696132
30399	68.31858407079645	270.39779005524866
30432	161.23893805309734	298.02209944751377
30467	67.21238938053096	333.3812154696132
30499	186.68141592920352	382.0
30533	214.3362831858407	50.50828729281768
30565	214.3362831858407	50.50828729281768
30599	135.79646017699116	416.2541436464088
30632	135.79646017699116	416.2541436464088
30665	341.5486725663717	252.7182320441989
30699	341.5486725663717	252.7182320441989
30726	301.72566371681415	322.33149171270713
30753	340.4424778761062	310.1767955801105
30783	271.858407079646	316.8066298342541
30809	271.858407079646	316.8066298342541
30837	271.858407079646	316.8066298342541
30868	338.2300884955752	523.4364640883978
30898	236.46017699115043	436.14364640883974
30931	163.4513274336283	324.5414364640884
30965	199.95575221238937	348.8508287292818
30992	150.17699115044246	410.7292817679558
31019	150.17699115044246	410.7292817679558
31045	150.17699115044246	410.7292817679558
31070	194.42477876106193	438.353591160221
31097	194.42477876106193	438.353591160221
31125	178.93805309734512	267.0828729281768
31153	204.38053097345133	323.43646408839777
31179	392.43362831858406	452.7182320441988
31205	345.9734513274336	361.0055248618784
31234	279.60176991150445	277.02762430939225
31261	452.16814159292034	370.95027624309387
31286	452.16814159292034	370.95027624309387
31315	452.16814159292034	370.95027624309387
31349	307.25663716814154	421.7790055248619
31389	428.9380530973451	365.42541436464086
31422	428.9380530973451	365.42541436464086
31448	651.283185840708	436.14364640883974
31478	515.221238938053	419.56906077348066
31504	515.221238938053	419.56906077348066
31532	540.6637168141592	509.0718232044199
31561	570.5309734513274	506.8618784530386
31588	691.1061946902655	449.4033149171271
31615	691.1061946902655	449.4033149171271
31641	691.1061946902655	449.4033149171271
31670	764.1150442477876	375.3701657458563
31700	764.1150442477876	375.3701657458563
31726	654.6017699115044	526.7513812154696
31752	654.6017699115044	526.7513812154696
31780	688.8938053097345	504.65193370165747
31807	743.0973451327434	296.9171270718232
31834	743.0973451327434	296.9171270718232
31865	801.7256637168142	431.7237569060773
31892	787.3451327433628	405.20441988950273
31921	724.29203539823	633.9337016574585
31949	694.4247787610619	472.6077348066299
31976	730.929203539823	444.98342541436455
32008	748.6283185840707	335.5911602209944
32034	748.6283185840707	335.5911602209944
32061	841.5486725663717	597.4696132596686
32087	841.5486725663717	597.4696132596686
32115	841.5486725663717	597.4696132596686
32141	737.566371681416	531.171270718232
32169	737.566371681416	531.171270718232
32196	711.0176991150443	496.9171270718232
32225	711.0176991150443	496.9171270718232
32252	257.4778761061947	513.4917127071823
32280	257.4778761061947	513.4917127071823
32312	253.05309734513276	475.9226519337016
32336	253.05309734513276	475.9226519337016
32365	289.5575221238938	414.04419889502765
32394	254.1592920353982	423.98895027624303
32419	254.1592920353982	423.98895027624303
32443	170.08849557522123	488.07734806629827
32472	151.28318584070797	515.7016574585635
32500	151.28318584070797	515.7016574585635
32524	131.3716814159292	509.0718232044199
32557	131.3716814159292	509.0718232044199
32584	202.16814159292034	492.49723756906076
32613	202.16814159292034	492.49723756906076
32639	202.16814159292034	492.49723756906076
32667	77.16814159292035	387.524861878453
32695	177.83185840707964	459.34806629834253
32723	132.47787610619469	490.28729281767954
32751	132.47787610619469	490.28729281767954
32776	86.01769911504424	411.8342541436464
32804	147.9646017699115	467.08287292817676
32831	147.9646017699115	467.08287292817676
32859	135.79646017699116	567.6353591160221
32886	135.79646017699116	567.6353591160221
32915	135.79646017699116	567.6353591160221
32942	332.6991150442478	428.40883977900546
32970	332.6991150442478	428.40883977900546
32998	372.5221238938053	512.3867403314918
33024	468.76106194690266	548.8508287292817
33049	363.6725663716814	432.8287292817679
33077	438.8938053097345	462.6629834254143
33104	438.8938053097345	462.6629834254143
33133	469.8672566371681	501.3370165745856
33162	456.5929203539823	449.4033149171271
33189	447.7433628318584	460.4530386740331
33216	448.8495575221239	387.524861878453
33240	610.353982300885	742.2209944751381
33267	610.353982300885	742.2209944751381
33297	610.353982300885	742.2209944751381
33323	693.3185840707965	700.2320441988951
33350	540.6637168141592	641.6685082872929
33377	654.6017699115044	604.0994475138123
33402	695.5309734513274	417.3591160220994
33432	695.5309734513274	417.3591160220994
33463	521.858407079646	531.171270718232
33492	521.858407079646	531.171270718232
33520	607.0353982300885	558.7955801104972
33548	607.0353982300885	558.7955801104972
33574	607.0353982300885	558.7955801104972
33602	579.3805309734513	653.8232044198895
33627	579.3805309734513	653.8232044198895
33652	472.0796460176991	773.1602209944751
33681	379.1592920353982	748.8508287292818
33707	592.6548672566372	782.0
33736	416.7699115044248	617.3591160220994
33764	420.0884955752212	591.9447513812155
33796	360.3539823008849	460.4530386740331
33824	384.69026548672565	553.2707182320441
33850	345.9734513274336	475.9226519337016
33880	345.9734513274336	475.9226519337016
33910	345.9734513274336	475.9226519337016
33935	287.3451327433628	343.3259668508287
33965	287.3451327433628	343.3259668508287
33992	282.92035398230087	433.9337016574586
34018	381.3716814159292	391.94475138121544
34042	376.94690265486724	573.1602209944751
34071	376.94690265486724	573.1602209944751
34095	376.94690265486724	573.1602209944751
34119	345.9734513274336	442.7734806629834
34147	345.9734513274336	442.7734806629834
34175	345.9734513274336	442.7734806629834
34202	489.7787610619469	428.40883977900546
34232	489.7787610619469	428.40883977900546
34260	446.63716814159295	417.3591160220994
34287	446.63716814159295	417.3591160220994
34312	414.5575221238938	412.93922651933696
34337	410.13274336283183	394.15469613259665
34363	414.5575221238938	412.93922651933696
34390	521.858407079646	400.7845303867403
34417	461.01769911504425	461.55801104972375
34443	666.7699115044247	417.3591160220994
34469	750.8407079646017	375.3701657458563
34498	751.9469026548672	396.36464088397787
34532	711.0176991150443	477.02762430939225
34560	711.0176991150443	477.02762430939225
34586	656.8141592920354	449.4033149171271
34611	656.8141592920354	449.4033149171271
34637	656.8141592920354	449.4033149171271
34664	634.6902654867257	494.707182320442
34693	634.6902654867257	494.707182320442
34719	705.4867256637168	385.3149171270718
34747	705.4867256637168	385.3149171270718
34773	705.4867256637168	385.3149171270718
34798	674.5132743362832	342.2209944751381
34827	674.5132743362832	342.2209944751381
34855	666.7699115044247	435.03867403314916
34884	633.5840707964602	457.1381215469613
34910	703.2743362831858	448.2983425414364
34935	703.2743362831858	448.2983425414364
34962	703.2743362831858	448.2983425414364
34993	603.716814159292	366.5303867403315
35018	603.716814159292	366.5303867403315
35045	603.716814159292	366.5303867403315
35072	701.0619469026549	435.03867403314916
35100	749.7345132743362	453.8232044198895
35126	639.1150442477876	483.65745856353584
35156	639.1150442477876	483.65745856353584
35186	614.7787610619469	316.8066298342541
35213	614.7787610619469	316.8066298342541
35241	182.2566371681416	579.7900552486188
35269	166.76991150442478	524.5414364640884
35295	166.76991150442478	524.5414364640884
35323	125.84070796460176	406.30939226519337
35350	31.81415929203539	484.76243093922653
35377	125.84070796460176	406.30939226519337
35404	-35.6637168141593	397.4696132596685
35431	84.91150442477876	591.9447513812155
35460	37.34513274336282	419.56906077348066
35490	180.0442477876106	373.1602209944751
35515	27.38938053097344	447.1933701657458
35548	57.25663716814158	399.6795580110497
35576	-58.893805309734525	447.1933701657458
35602	-69.9557522123894	439.4585635359116
35629	-58.893805309734525	447.1933701657458
35658	29.601769911504412	457.1381215469613
35685	212.1238938053097	494.707182320442
35712	8.584070796460166	412.93922651933696
35740	197.7433628318584	451.61325966850825
35767	88.23008849557522	491.3922651933701
35798	255.2654867256637	478.13259668508283
35827	246.4159292035398	547.7458563535912
35853	333.8053097345133	427.3038674033149
35881	332.6991150442478	409.6243093922651
35909	333.8053097345133	427.3038674033149
35939	219.86725663716814	417.3591160220994
35965	219.86725663716814	417.3591160220994
35993	193.31858407079645	378.68508287292815
36022	193.31858407079645	378.68508287292815
36052	139.11504424778758	443.87845303867397
36083	139.11504424778758	443.87845303867397
36109	267.43362831858406	444.98342541436455
36134	384.69026548672565	496.9171270718232
36161	384.69026548672565	496.9171270718232
36185	459.91150442477874	578.6850828729282
36212	324.95575221238937	573.1602209944751
36235	354.82300884955754	599.6795580110498
36264	490.88495575221236	510.1767955801105
36296	506.3716814159291	494.707182320442
36323	572.7433628318585	507.9668508287293
36351	605.929203539823	492.49723756906076
36376	574.9557522123894	319.01657458563534
36402	574.9557522123894	319.01657458563534
36428	608.141592920354	285.8674033149171
36457	535.1327433628319	573.1602209944751
36486	535.1327433628319	573.1602209944751
36514	478.716814159292	451.61325966850825
36543	478.716814159292	451.61325966850825
36569	603.716814159292	530.0662983425414
36596	603.716814159292	530.0662983425414
36620	603.716814159292	530.0662983425414
36647	792.8761061946902	549.9558011049724
36676	619.2035398230088	517.9116022099447
36702	687.787610619469	521.2265193370166
36728	420.0884955752212	636.1436464088398
36754	506.3716814159291	504.65193370165747
36779	379.1592920353982	343.3259668508287
36807	379.1592920353982	343.3259668508287
36836	338.2300884955752	326.7513812154696
36861	329.3805309734513	481.4475138121547
36905	276.2831858407079	437.24861878453044
36940	276.2831858407079	437.24861878453044
36967	271.858407079646	522.3314917127071
36996	296.1946902654867	531.171270718232
37023	322.7433628318584	575.3701657458564
37050	159.02654867256635	517.9116022099447
37079	267.43362831858406	486.9723756906077
37109	261.9026548672566	519.0165745856353
37137	306.1504424778761	406.30939226519337
37164	306.1504424778761	406.30939226519337
37189	388.0088495575221	469.292817679558
37218	388.0088495575221	469.292817679558
37242	413.4513274336283	557.6906077348066
37272	240.8849557522124	533.3812154696133
37297	413.4513274336283	557.6906077348066
37327	222.0796460176991	504.65193370165747
37352	222.0796460176991	504.65193370165747
37379	629.1592920353983	484.76243093922653
37407	629.1592920353983	484.76243093922653
37434	629.1592920353983	484.76243093922653
37462	629.1592920353983	399.6795580110497
37492	563.8938053097345	395.2596685082873
37524	655.70796460177	397.4696132596685
37551	665.6637168141592	406.30939226519337
37576	757.4778761061947	510.1767955801105
37606	684.4690265486726	485.8674033149171
37632	757.4778761061947	510.1767955801105
37665	607.0353982300885	454.9281767955801
37693	625.8407079646017	452.7182320441988
37719	624.7345132743362	503.5469613259668
37747	557.2566371681415	555.4806629834254
37771	838.2300884955753	457.1381215469613
37801	838.2300884955753	504.65193370165747
37827	838.2300884955753	504.65193370165747
37853	708.8053097345132	458.24309392265195
37881	705.4867256637168	417.3591160220994
37907	705.4867256637168	417.3591160220994
37934	714.3362831858408	439.4585635359116
37961	791.7699115044247	401.8895027624309
37988	605.929203539823	459.34806629834253
38019	605.929203539823	459.34806629834253
38045	333.8053097345133	417.3591160220994
38069	308.36283185840705	320.1215469613259
38097	308.36283185840705	320.1215469613259
38128	232.03539823008848	375.3701657458563
38155	232.03539823008848	375.3701657458563
38182	83.80530973451326	530.0662983425414
38215	52.831858407079636	578.6850828729282
38243	-47.83185840707965	643.878453038674
38269	-35.6637168141593	513.4917127071823
38298	-35.6637168141593	513.4917127071823
38327	82.69911504424778	356.585635359116
38353	141.32743362831857	524.5414364640884
38384	111.46017699115043	438.353591160221
38413	153.49557522123894	499.12707182320435
38440	159.02654867256635	517.9116022099447
38468	177.83185840707964	517.9116022099447
38495	159.02654867256635	517.9116022099447
38522	145.75221238938053	519.0165745856353
38549	124.73451327433627	461.55801104972375
38577	69.42477876106194	376.47513812154693
38602	62.787610619469014	406.30939226519337
38632	62.787610619469014	406.30939226519337
38658	24.070796460176982	515.7016574585635
38683	24.070796460176982	515.7016574585635
38709	24.070796460176982	515.7016574585635
38734	-2.4778761061947003	608.5193370165746
38759	-48.93805309734514	394.15469613259665
38788	20.75221238938052	464.8729281767956
38816	-22.38938053097346	431.7237569060773
38841	74.95575221238937	565.4254143646408
38869	41.76991150442477	683.6574585635359
38896	71.63716814159291	675.9226519337017
38921	317.21238938053096	549.9558011049724
38948	269.6460176991151	479.23756906077347
38979	342.6548672566372	587.5248618784531
39007	342.6548672566372	587.5248618784531
39033	372.5221238938053	536.6961325966851
39061	339.33628318584067	538.9060773480662
39093	372.5221238938053	536.6961325966851
39120	302.83185840707966	523.4364640883978
39148	263.0088495575221	604.0994475138123
39175	238.6725663716814	478.13259668508283
39203	238.6725663716814	478.13259668508283
39228	342.6548672566372	475.9226519337016
39256	227.61061946902652	390.8397790055248
39284	196.6371681415929	405.20441988950273
39310	263.0088495575221	293.6022099447514
39335	317.21238938053096	300.232044198895
39363	342.6548672566372	310.1767955801105
39387	297.30088495575217	512.3867403314918
39419	357.0353982300885	501.3370165745856
39447	420.0884955752212	374.2651933701657
39475	464.33628318584067	420.67403314917124
39506	464.33628318584067	420.67403314917124
39533	529.6017699115044	534.4861878453038
39562	451.0619469026548	524.5414364640884
39591	308.36283185840705	608.5193370165746
39621	353.716814159292	574.2651933701658
39648	454.3805309734513	442.7734806629834
39675	454.3805309734513	442.7734806629834
39703	233.14159292035396	469.292817679558
39730	360.3539823008849	501.3370165745856
39755	360.3539823008849	501.3370165745856
39783	316.10619469026545	376.47513812154693
39813	316.10619469026545	376.47513812154693
39840	461.01769911504425	292.49723756906076
39867	413.4513274336283	327.8563535911602
39894	413.4513274336283	327.8563535911602
39923	362.56637168141594	450.50828729281767
39949	362.56637168141594	450.50828729281767
39977	549.5132743362832	654.9281767955802
40005	549.5132743362832	654.9281767955802
40032	549.5132743362832	654.9281767955802
40064	543.9823008849557	426.1988950276243
40093	543.9823008849557	426.1988950276243
40119	645.7522123893805	290.28729281767954
40146	645.7522123893805	290.28729281767954
40171	589.3362831858408	472.6077348066299
40199	555.0442477876106	515.7016574585635
40227	555.0442477876106	515.7016574585635
40255	704.3805309734513	237.2486187845304
40282	704.3805309734513	237.2486187845304
40315	675.6194690265487	526.7513812154696
40344	725.3982300884956	515.7016574585635
40368	725.3982300884956	515.7016574585635
40396	572.7433628318585	499.12707182320435
40423	570.5309734513274	417.3591160220994
40453	537.3451327433628	505.75690607734805
40480	551.7256637168142	523.4364640883978
40505	638.0088495575221	324.5414364640884
40532	638.0088495575221	324.5414364640884
40561	638.0088495575221	324.5414364640884
40585	729.8230088495575	521.2265193370166
40613	729.8230088495575	521.2265193370166
40638	722.0796460176991	440.5635359116022
40664	722.0796460176991	440.5635359116022
40691	722.0796460176991	440.5635359116022
40724	800.6194690265487	594.1546961325967
40751	753.0530973451328	595.2596685082874
40777	774.070796460177	415.1491712707182
40802	780.70796460177	444.98342541436455
40828	780.70796460177	444.98342541436455
40855	464.33628318584067	496.9171270718232
40885	464.33628318584067	496.9171270718232
40911	77.16814159292035	548.8508287292817
40937	77.16814159292035	548.8508287292817
40962	77.16814159292035	548.8508287292817
40990	74.95575221238937	597.4696132596686
41018	74.95575221238937	597.4696132596686
41045	-40.088495575221245	648.2983425414365
41078	-68.8495575221239	725.646408839779
41107	-40.088495575221245	648.2983425414365
41132	-3.5840707964601872	618.4640883977901
41162	-3.5840707964601872	618.4640883977901
41190	-53.36283185840709	559.9005524861878
41217	-55.57522123893806	604.0994475138123
41241	20.75221238938052	448.2983425414364
41268	83.80530973451326	376.47513812154693
41295	0.8407079646017599	557.6906077348066
41322	88.23008849557522	580.8950276243095
41349	88.23008849557522	580.8950276243095
41382	138.0088495575221	588.6298342541437
41409	138.0088495575221	588.6298342541437
41434	92.65486725663716	594.1546961325967
41464	92.65486725663716	594.1546961325967
41488	92.65486725663716	594.1546961325967
41515	352.6106194690266	535.5911602209945
41545	276.2831858407079	463.7679558011049
41575	431.1504424778761	533.3812154696133
41606	463.2300884955752	494.707182320442
41633	463.2300884955752	494.707182320442
41660	589.3362831858408	555.4806629834254
41685	589.3362831858408	555.4806629834254
41714	530.70796460177	563.2154696132596
41740	530.70796460177	563.2154696132596
41765	530.70796460177	563.2154696132596
41792	567.212389380531	631.7237569060774
41820	567.212389380531	631.7237569060774
41848	646.858407079646	405.20441988950273
41876	655.70796460177	453.8232044198895
41901	656.8141592920354	488.07734806629827
41928	656.8141592920354	488.07734806629827
41955	656.8141592920354	488.07734806629827
41983	634.6902654867257	426.1988950276243
42013	639.1150442477876	558.7955801104972
42040	652.3893805309734	500.23204419889504
42067	652.3893805309734	500.23204419889504
42095	652.3893805309734	500.23204419889504
42122	584.9115044247787	509.0718232044199
42150	584.9115044247787	509.0718232044199
42178	694.4247787610619	439.4585635359116
42206	694.4247787610619	439.4585635359116
42236	656.8141592920354	358.7955801104972
42262	649.070796460177	373.1602209944751
42285	656.8141592920354	358.7955801104972
42310	620.3097345132743	420.67403314917124
42336	539.5575221238937	405.20441988950273
42387	756.3716814159292	469.292817679558
42414	707.6991150442477	512.3867403314918
42448	635.7964601769911	543.3259668508288
42477	624.7345132743362	544.4309392265193
42504	740.8849557522124	584.2099447513813
42531	693.3185840707965	578.6850828729282
42561	693.3185840707965	578.6850828729282
42586	686.6814159292035	485.8674033149171
42614	716.5486725663717	607.4143646408841
42642	682.2566371681415	637.2486187845304
42668	850.3982300884956	597.4696132596686
42695	733.141592920354	596.3646408839779
42721	746.4159292035398	578.6850828729282
42747	746.4159292035398	578.6850828729282
42774	613.6725663716815	585.3149171270719
42802	613.6725663716815	585.3149171270719
42831	613.6725663716815	585.3149171270719
42856	119.20353982300884	457.1381215469613
42883	119.20353982300884	457.1381215469613
42910	-86.54867256637169	584.2099447513813
42936	-86.54867256637169	584.2099447513813
42966	5.265486725663707	683.6574585635359
42996	5.265486725663707	789.7348066298343
43021	5.265486725663707	683.6574585635359
43048	86.01769911504424	469.292817679558
43076	80.4867256637168	428.40883977900546
43104	174.51327433628316	599.6795580110498
43132	133.58407079646017	637.2486187845304
43157	174.51327433628316	599.6795580110498
43186	217.65486725663715	419.56906077348066
43217	84.91150442477876	436.14364640883974
43242	201.06194690265485	456.0331491712707
43268	197.7433628318584	553.2707182320441
43301	201.06194690265485	456.0331491712707
43326	310.57522123893807	438.353591160221
43350	229.8230088495575	502.4419889502762
43378	161.23893805309734	651.6132596685084
43406	215.44247787610618	551.060773480663
43436	257.4778761061947	672.6077348066299
43466	315.0	499.12707182320435
43498	6.371681415929194	621.7790055248619
43527	17.433628318584063	643.878453038674
43551	17.433628318584063	643.878453038674
43585	46.19469026548671	686.9723756906078
43612	83.80530973451326	662.6629834254144
43639	184.46902654867256	585.3149171270719
43672	184.46902654867256	585.3149171270719
43698	184.46902654867256	585.3149171270719
43726	-24.601769911504434	576.475138121547
43754	17.433628318584063	493.6022099447514
43783	239.7787610619469	461.55801104972375
43811	239.7787610619469	461.55801104972375
43835	370.3097345132743	485.8674033149171
43862	370.3097345132743	485.8674033149171
43887	370.3097345132743	485.8674033149171
43919	297.30088495575217	473.71270718232046
43945	297.30088495575217	473.71270718232046
43973	382.4778761061947	556.585635359116
44003	382.4778761061947	556.585635359116
44031	382.4778761061947	556.585635359116
44058	201.06194690265485	664.8729281767955
44084	201.06194690265485	664.8729281767955
44115	111.46017699115043	628.4088397790056
44143	111.46017699115043	628.4088397790056
44169	63.8938053097345	767.6353591160221
44201	63.8938053097345	767.6353591160221
44226	63.8938053097345	767.6353591160221
44253	254.1592920353982	688.0773480662983
44279	263.0088495575221	721.2265193370166
44307	140.2212389380531	690.2872928176796
44332	140.2212389380531	690.2872928176796
44359	153.49557522123894	715.7016574585635
44387	166.76991150442478	772.0552486187846
44413	153.49557522123894	715.7016574585635
44440	360.3539823008849	675.9226519337017
44467	360.3539823008849	675.9226519337017
44495	360.3539823008849	675.9226519337017
44525	591.5486725663717	609.6243093922652
44551	581.5929203539822	610.7292817679559
44579	476.50442477876106	642.7734806629835
44607	476.50442477876106	642.7734806629835
44633	539.5575221238937	602.9944751381215
44659	539.5575221238937	602.9944751381215
44686	539.5575221238937	602.9944751381215
44713	430.04424778761063	555.4806629834254
44741	409.0265486725664	677.0276243093923
44769	592.6548672566372	764.3204419889504
44798	597.0796460176991	621.7790055248619
44828	546.1946902654868	789.7348066298343
44860	565.0	659.3480662983426
44888	589.3362831858408	643.878453038674
44917	619.2035398230088	728.961325966851
44944	625.8407079646017	765.4254143646409
44969	498.6283185840708	576.475138121547
44997	498.6283185840708	576.475138121547
45021	498.6283185840708	576.475138121547
45048	264.1150442477876	623.9889502762431
45076	264.1150442477876	623.9889502762431
45101	380.26548672566366	732.2762430939226
45130	348.1858407079646	728.961325966851
45156	380.26548672566366	732.2762430939226
45183	296.1946902654867	724.5414364640884
45210	296.1946902654867	724.5414364640884
45242	175.61946902654864	721.2265193370166
45268	178.93805309734512	671.5027624309392
45295	176.72566371681415	745.53591160221
45322	159.02654867256635	776.475138121547
45349	206.5929203539823	756.585635359116
45378	105.929203539823	784.2099447513813
45407	90.44247787610618	654.9281767955802
45433	108.14159292035397	678.132596685083
45459	118.09734513274336	763.2154696132596
45485	118.09734513274336	763.2154696132596
45512	157.92035398230087	879.2375690607735
45540	157.92035398230087	879.2375690607735
45571	269.6460176991151	694.707182320442
45600	269.6460176991151	694.707182320442
45631	269.6460176991151	694.707182320442
45657	416.7699115044248	545.5359116022099
45685	416.7699115044248	545.5359116022099
45715	282.92035398230087	639.4585635359117
45744	310.57522123893807	589.7348066298343
45769	246.4159292035398	577.5801104972376
45799	246.4159292035398	577.5801104972376
45826	296.1946902654867	659.3480662983426
45853	395.75221238938053	486.9723756906077
45880	395.75221238938053	486.9723756906077
45906	446.63716814159295	436.14364640883974
45933	446.63716814159295	436.14364640883974
45959	73.84955752212389	694.707182320442
45988	149.07079646017698	582.0
46014	142.43362831858406	653.8232044198895
46041	373.6283185840708	570.950276243094
46072	349.29203539823004	678.132596685083
46099	349.29203539823004	678.132596685083
46129	510.7964601769911	567.6353591160221
46156	510.7964601769911	567.6353591160221
46183	672.3008849557523	657.1381215469613
46214	672.3008849557523	657.1381215469613
46240	541.7699115044247	628.4088397790056
46268	541.7699115044247	628.4088397790056
46297	608.141592920354	447.1933701657458
46321	608.141592920354	447.1933701657458
46349	608.141592920354	447.1933701657458
46376	784.0265486725664	632.828729281768
46403	769.646017699115	614.0441988950276
46430	647.9646017699115	516.8066298342542
46457	647.9646017699115	516.8066298342542
46484	647.9646017699115	516.8066298342542
46513	712.1238938053098	576.475138121547
46541	737.566371681416	591.9447513812155
46567	344.8672566371681	647.1933701657459
46596	392.43362831858406	649.4033149171271
46625	344.8672566371681	647.1933701657459
46653	316.10619469026545	745.53591160221
46681	316.10619469026545	745.53591160221
46707	254.1592920353982	735.5911602209945
46735	254.1592920353982	735.5911602209945
46761	180.0442477876106	608.5193370165746
46791	218.76106194690266	698.0220994475138
46816	180.0442477876106	608.5193370165746
46845	173.40707964601768	706.8618784530387
46874	173.40707964601768	706.8618784530387
46902	183.36283185840708	807.4143646408841
46929	183.36283185840708	807.4143646408841
46954	183.36283185840708	807.4143646408841
46979	195.5309734513274	723.4364640883978
47006	195.5309734513274	723.4364640883978
47032	172.30088495575222	731.1712707182321
47059	172.30088495575222	731.1712707182321
47083	172.30088495575222	731.1712707182321
47110	202.16814159292034	701.3370165745857
47138	202.16814159292034	701.3370165745857
47165	84.91150442477876	797.4696132596686
47196	84.91150442477876	797.4696132596686
47222	201.06194690265485	656.0331491712708
47248	201.06194690265485	656.0331491712708
47274	201.06194690265485	656.0331491712708
47302	328.2743362831858	787.5248618784531
47327	328.2743362831858	787.5248618784531
47352	290.6637168141593	755.4806629834254
47380	247.5221238938053	644.9834254143647
47409	357.0353982300885	734.4861878453039
47433	245.30973451327432	757.6906077348067
47459	185.57522123893804	797.4696132596686
47485	245.30973451327432	757.6906077348067
47512	355.929203539823	588.6298342541437
47539	355.929203539823	588.6298342541437
47566	504.1592920353982	534.4861878453038
47597	435.57522123893807	522.3314917127071
47623	348.1858407079646	610.7292817679559
47650	353.716814159292	660.4530386740332
47676	399.07079646017695	474.81767955801104
47702	441.10619469026545	546.6408839779004
47731	501.9469026548673	535.5911602209945
47757	441.10619469026545	546.6408839779004
47788	629.1592920353983	679.2375690607736
47818	625.8407079646017	707.9668508287293
47846	579.3805309734513	724.5414364640884
47875	579.3805309734513	724.5414364640884
47916	595.9734513274336	707.9668508287293
47947	597.0796460176991	654.9281767955802
47973	573.8495575221239	764.3204419889504
48002	583.8053097345132	802.9944751381215
48027	324.95575221238937	657.1381215469613
48054	385.79646017699116	793.0497237569061
48083	369.20353982300884	677.0276243093923
48114	493.0973451327433	685.8674033149172
48142	493.0973451327433	685.8674033149172
48169	464.33628318584067	715.7016574585635
48197	464.33628318584067	715.7016574585635
48225	464.33628318584067	715.7016574585635
48253	810.575221238938	578.6850828729282
48282	810.575221238938	578.6850828729282
48312	1238.6725663716813	444.98342541436455
48349	1265.2212389380531	607.4143646408841
48382	1311.6814159292037	517.9116022099447
48416	1247.5221238938052	488.07734806629827
48449	1246.4159292035397	551.060773480663
48481	1230.929203539823	610.7292817679559
48515	1270.7522123893807	748.8508287292818
48550	1257.4778761061946	703.5469613259669
48582	1267.4336283185842	639.4585635359117
48615	1214.3362831858406	597.4696132596686
48648	1209.9115044247787	830.6187845303867
48682	1140.2212389380531	651.6132596685084
48715	823.8495575221239	685.8674033149172
48748	925.6194690265487	657.1381215469613
48775	754.1592920353983	635.0386740331493
48804	754.1592920353983	635.0386740331493
48831	817.212389380531	593.0497237569061
48858	799.5132743362832	632.828729281768
48885	858.141592920354	654.9281767955802
48913	953.2743362831858	605.2044198895028
48943	953.2743362831858	605.2044198895028
48971	936.6814159292035	528.9613259668508
49000	936.6814159292035	528.9613259668508
49030	805.0442477876106	712.3867403314918
49056	805.0442477876106	712.3867403314918
49081	805.0442477876106	712.3867403314918
49115	876.9469026548672	710.1767955801106
49148	876.9469026548672	710.1767955801106
49181	668.9823008849557	531.171270718232
49207	687.787610619469	567.6353591160221
49236	430.04424778761063	605.2044198895028
49263	415.6637168141593	658.2430939226521
49289	358.14159292035396	653.8232044198895
49318	358.14159292035396	653.8232044198895
49345	319.42477876106193	633.9337016574585
49371	353.716814159292	614.0441988950276
49398	353.716814159292	614.0441988950276
49425	353.716814159292	614.0441988950276
49453	245.30973451327432	600.7845303867404
49479	245.30973451327432	600.7845303867404
49513	72.74336283185839	600.7845303867404
49541	116.99115044247786	515.7016574585635
49566	180.0442477876106	685.8674033149172
49595	180.0442477876106	685.8674033149172
49621	97.0796460176991	799.6795580110498
49650	94.86725663716814	752.1657458563536
49677	94.86725663716814	752.1657458563536
49706	46.19469026548671	597.4696132596686
49733	46.19469026548671	597.4696132596686
49760	46.19469026548671	597.4696132596686
49786	172.30088495575222	673.7127071823205
49814	172.30088495575222	673.7127071823205
49842	281.8141592920354	627.3038674033149
49870	281.8141592920354	627.3038674033149
49897	182.2566371681416	547.7458563535912
49927	285.13274336283183	572.0552486187846
49952	285.13274336283183	572.0552486187846
49979	209.91150442477874	597.4696132596686
50006	209.91150442477874	597.4696132596686
50033	374.7345132743363	559.9005524861878
50062	374.7345132743363	559.9005524861878
50086	373.6283185840708	605.2044198895028
50114	373.6283185840708	605.2044198895028
50139	373.6283185840708	605.2044198895028
50166	249.73451327433628	602.9944751381215
50193	277.3893805309734	713.4917127071824
50220	277.3893805309734	713.4917127071824
50247	317.21238938053096	762.1104972375691
50274	248.62831858407077	709.07182320442
50299	474.29203539823004	706.8618784530387
50327	474.29203539823004	706.8618784530387
50352	474.29203539823004	706.8618784530387
50381	451.0619469026548	660.4530386740332
50408	451.0619469026548	660.4530386740332
50435	719.8672566371681	787.5248618784531
50463	632.4778761061947	784.2099447513813
50488	699.9557522123894	600.7845303867404
50517	699.9557522123894	600.7845303867404
50545	699.9557522123894	600.7845303867404
50572	733.141592920354	674.8176795580112
50598	733.141592920354	674.8176795580112
50626	733.141592920354	674.8176795580112
50657	640.221238938053	811.8342541436464
50684	640.221238938053	811.8342541436464
50712	736.4601769911504	615.1491712707183
50744	736.4601769911504	615.1491712707183
50768	808.362831858407	605.2044198895028
50794	741.9911504424779	559.9005524861878
50821	808.362831858407	605.2044198895028
50849	698.8495575221239	467.08287292817676
50876	698.8495575221239	467.08287292817676
50902	403.49557522123894	456.0331491712707
50932	362.56637168141594	502.4419889502762
50959	371.4159292035398	470.3977900552486
50985	401.2831858407079	394.15469613259665
51011	371.4159292035398	470.3977900552486
51037	443.3185840707964	385.3149171270718
51066	272.9646017699115	369.8453038674033
51091	272.9646017699115	369.8453038674033
51117	480.929203539823	386.41988950276243
51151	480.929203539823	386.41988950276243
51179	290.6637168141593	394.15469613259665
51206	290.6637168141593	394.15469613259665
51233	313.8938053097345	317.9116022099447
51260	313.8938053097345	317.9116022099447
51284	313.8938053097345	317.9116022099447
51311	388.0088495575221	516.8066298342542
51338	345.9734513274336	527.8563535911602
51365	540.6637168141592	351.06077348066293
51394	540.6637168141592	351.06077348066293
51418	540.6637168141592	351.06077348066293
51448	598.1858407079645	359.90055248618785
51475	598.1858407079645	359.90055248618785
51501	718.7610619469026	495.81215469613255
51529	797.3008849557523	484.76243093922653
51555	797.3008849557523	484.76243093922653
51586	546.1946902654868	426.1988950276243
51614	583.8053097345132	498.02209944751377
51640	491.9911504424779	372.0552486187845
51668	491.9911504424779	372.0552486187845
51698	726.5044247787611	464.8729281767956
51727	838.2300884955753	419.56906077348066
51753	655.70796460177	435.03867403314916
51778	743.0973451327434	499.12707182320435
51805	706.5929203539822	502.4419889502762
51832	765.221238938053	578.6850828729282
51860	765.221238938053	578.6850828729282
51885	745.3097345132743	606.3093922651934
51914	661.2389380530973	609.6243093922652
51947	750.8407079646017	618.4640883977901
51981	528.4955752212389	626.1988950276243
52010	576.0619469026549	614.0441988950276
52038	733.141592920354	426.1988950276243
52065	779.6017699115044	506.8618784530386
52093	662.3451327433628	478.13259668508283
52120	662.3451327433628	478.13259668508283
52147	662.3451327433628	478.13259668508283
52173	703.2743362831858	524.5414364640884
52200	703.2743362831858	524.5414364640884
52230	615.8849557522124	422.88397790055245
52258	615.8849557522124	422.88397790055245
52283	664.5575221238937	414.04419889502765
52311	515.221238938053	510.1767955801105
52339	584.9115044247787	511.28176795580106
52367	549.5132743362832	442.7734806629834
52394	549.5132743362832	442.7734806629834
52419	549.5132743362832	442.7734806629834
52444	601.5044247787611	366.5303867403315
52471	646.858407079646	314.5966850828729
52498	618.0973451327434	376.47513812154693
52527	618.0973451327434	376.47513812154693
52553	609.2477876106195	385.3149171270718
52582	609.2477876106195	385.3149171270718
52608	609.2477876106195	385.3149171270718
52639	701.0619469026549	527.8563535911602
52670	701.0619469026549	527.8563535911602
52701	718.7610619469026	407.41436464088395
52729	691.1061946902655	431.7237569060773
52757	787.3451327433628	565.4254143646408
52782	704.3805309734513	570.950276243094
52808	704.3805309734513	570.950276243094
52834	852.6106194690265	594.1546961325967
52861	821.637168141593	594.1546961325967
52887	782.9203539823009	426.1988950276243
52917	782.9203539823009	426.1988950276243
52945	782.9203539823009	426.1988950276243
52971	810.575221238938	383.1049723756906
52999	810.575221238938	383.1049723756906
53031	264.1150442477876	527.8563535911602
53057	274.07079646017695	484.76243093922653
53086	274.07079646017695	484.76243093922653
53114	218.76106194690266	506.8618784530386
53142	218.76106194690266	506.8618784530386
53169	243.09734513274336	526.7513812154696
53195	243.09734513274336	526.7513812154696
53220	243.09734513274336	526.7513812154696
53247	112.56637168141592	412.93922651933696
53279	112.56637168141592	412.93922651933696
53303	192.21238938053096	490.28729281767954
53335	309.46902654867256	535.5911602209945
53364	219.86725663716814	353.27071823204415
53393	219.86725663716814	353.27071823204415
53419	607.0353982300885	513.4917127071823
53445	582.6991150442477	537.8011049723757
53472	588.2300884955753	534.4861878453038
53523	632.4778761061947	364.3204419889503
53554	632.4778761061947	364.3204419889503
53581	712.1238938053098	406.30939226519337
53609	712.1238938053098	406.30939226519337
53635	707.6991150442477	433.9337016574586
53661	707.6991150442477	433.9337016574586
53687	698.8495575221239	469.292817679558
53714	698.8495575221239	469.292817679558
53740	698.8495575221239	469.292817679558
53765	761.9026548672566	475.9226519337016
53792	849.29203539823	566.5303867403316
53819	723.1858407079645	589.7348066298343
53848	723.1858407079645	589.7348066298343
53873	723.1858407079645	589.7348066298343
53899	379.1592920353982	526.7513812154696
53928	379.1592920353982	526.7513812154696
53954	379.1592920353982	526.7513812154696
53982	459.91150442477874	505.75690607734805
54011	459.91150442477874	505.75690607734805
54042	538.4513274336283	534.4861878453038
54069	538.4513274336283	534.4861878453038
54099	556.1504424778761	343.3259668508287
54127	541.7699115044247	414.04419889502765
54153	501.9469026548673	252.7182320441989
54183	464.33628318584067	400.7845303867403
54208	474.29203539823004	354.3756906077348
54235	577.1681415929203	523.4364640883978
54262	577.1681415929203	523.4364640883978
54287	577.1681415929203	523.4364640883978
54316	665.6637168141592	522.3314917127071
54345	691.1061946902655	422.88397790055245
54372	547.3008849557523	579.7900552486188
54397	609.2477876106195	513.4917127071823
54422	594.8672566371681	441.6685082872928
54452	491.9911504424779	469.292817679558
54479	491.9911504424779	469.292817679558
54507	676.7256637168142	594.1546961325967
54535	716.5486725663717	586.4198895027624
54567	675.6194690265487	498.02209944751377
54598	686.6814159292035	569.8453038674033
54631	777.3893805309734	628.4088397790056
54664	788.4513274336283	558.7955801104972
54698	784.0265486725664	573.1602209944751
54731	836.0176991150443	548.8508287292817
54765	779.6017699115044	563.2154696132596
54799	779.6017699115044	563.2154696132596
54832	743.0973451327434	456.0331491712707
54864	740.8849557522124	425.09392265193367
54891	740.8849557522124	585.3149171270719
54919	740.8849557522124	585.3149171270719
54946	740.8849557522124	585.3149171270719
54974	708.8053097345132	504.65193370165747
55001	708.8053097345132	504.65193370165747
55031	241.99115044247787	579.7900552486188
55060	277.3893805309734	566.5303867403316
55084	277.3893805309734	566.5303867403316
55111	128.05309734513273	566.5303867403316
55140	180.0442477876106	525.6464088397789
55168	139.11504424778758	727.8563535911602
55195	139.11504424778758	727.8563535911602
55218	159.02654867256635	686.9723756906078
55246	100.39823008849557	690.2872928176796
55272	100.39823008849557	690.2872928176796
55300	94.86725663716814	573.1602209944751
55328	10.79646017699114	611.8342541436465
55358	61.68141592920353	474.81767955801104
55384	94.86725663716814	543.3259668508288
55411	94.86725663716814	543.3259668508288
55440	112.56637168141592	591.9447513812155
55466	112.56637168141592	591.9447513812155
55494	172.30088495575222	611.8342541436465
55523	172.30088495575222	611.8342541436465
55550	144.64601769911502	616.2541436464089
55576	278.49557522123894	585.3149171270719
55603	201.06194690265485	635.0386740331493
55627	261.9026548672566	578.6850828729282
55652	261.9026548672566	578.6850828729282
55681	261.9026548672566	578.6850828729282
55708	290.6637168141593	573.1602209944751
55735	433.36283185840705	649.4033149171271
55761	668.9823008849557	1057.1381215469614
55787	613.6725663716815	1035.0386740331492
55818	708.8053097345132	871.5027624309392
55847	711.0176991150443	946.6408839779007
55872	711.0176991150443	946.6408839779007
55897	642.433628318584	814.0441988950278
55927	685.575221238938	946.6408839779007
55952	638.0088495575221	955.4806629834255
55978	646.858407079646	699.1270718232045
56005	688.8938053097345	693.6022099447515
56030	624.7345132743362	902.4419889502763
56059	624.7345132743362	902.4419889502763
56086	675.6194690265487	751.060773480663
56115	675.6194690265487	751.060773480663
56140	675.6194690265487	751.060773480663
56168	659.0265486725664	936.6961325966852
56197	659.0265486725664	936.6961325966852
56231	852.6106194690265	851.6132596685082
56266	792.8761061946902	946.6408839779007
56293	777.3893805309734	863.7679558011049
56320	767.433628318584	1037.2486187845304
56344	737.566371681416	1032.8287292817681
56373	760.7964601769911	867.0828729281768
56400	811.6814159292035	836.1436464088397
56426	754.1592920353983	849.4033149171271
56451	879.1592920353983	900.2320441988951
56479	879.1592920353983	900.2320441988951
56503	665.6637168141592	878.132596685083
56531	821.637168141593	927.8563535911603
56557	826.0619469026549	851.6132596685082
56584	768.5398230088496	869.2928176795581
56612	768.5398230088496	869.2928176795581
56639	838.2300884955753	926.7513812154697
56667	855.929203539823	745.53591160221
56693	894.646017699115	665.9779005524863
56721	894.646017699115	665.9779005524863
56747	894.646017699115	665.9779005524863
56775	888.0088495575221	748.8508287292818
56802	968.7610619469026	738.9060773480663
56829	1061.6814159292037	693.6022099447515
56864	1058.3628318584072	705.7569060773482
56889	1167.8761061946902	716.8066298342542
56919	1069.424778761062	667.0828729281768
56946	1069.424778761062	667.0828729281768
56972	1144.6460176991152	677.0276243093923
56998	1195.5309734513276	619.5690607734807
57026	1120.3097345132744	408.5193370165745
57052	1111.4601769911505	494.707182320442
57080	1098.1858407079646	757.6906077348067
57109	1098.1858407079646	757.6906077348067
57134	1098.1858407079646	757.6906077348067
57161	662.3451327433628	733.3812154696134
57185	612.566371681416	737.8011049723757
57211	662.3451327433628	733.3812154696134
57241	577.1681415929203	874.8176795580112
57268	577.1681415929203	874.8176795580112
57293	656.8141592920354	858.243093922652
57322	656.8141592920354	858.243093922652
57348	656.8141592920354	858.243093922652
57374	524.070796460177	791.9447513812155
57400	581.5929203539822	878.132596685083
57428	543.9823008849557	841.6685082872929
57457	543.9823008849557	841.6685082872929
57481	589.3362831858408	776.475138121547
57508	524.070796460177	753.2707182320443
57542	503.0530973451327	746.6408839779006
57567	503.0530973451327	746.6408839779006
57595	559.4690265486726	794.1546961325967
57624	479.82300884955754	868.1878453038674
57655	479.82300884955754	868.1878453038674
57682	479.82300884955754	868.1878453038674
57710	559.4690265486726	919.0165745856355
57736	479.82300884955754	833.9337016574585
57764	602.6106194690265	820.6740331491712
57794	602.6106194690265	820.6740331491712
57822	446.63716814159295	744.4309392265194
57849	446.63716814159295	744.4309392265194
57877	446.63716814159295	744.4309392265194
57906	855.929203539823	900.2320441988951
57934	809.4690265486726	962.1104972375692
57960	744.2035398230088	1031.7237569060774
57985	758.5840707964602	991.9447513812155
58012	758.5840707964602	991.9447513812155
58041	723.1858407079645	934.486187845304
58068	738.6725663716815	994.1546961325967
58094	705.4867256637168	955.4806629834255
58122	749.7345132743362	934.486187845304
58150	705.4867256637168	1049.403314917127
58178	744.2035398230088	1006.3093922651934
58205	744.2035398230088	1006.3093922651934
58235	810.575221238938	937.8011049723757
58264	705.4867256637168	896.9171270718233
58292	595.9734513274336	911.2817679558011
58319	595.9734513274336	911.2817679558011
58344	815.0	846.0883977900553
58371	716.5486725663717	909.07182320442
58397	716.5486725663717	909.07182320442
58422	727.6106194690265	957.6906077348067
58452	670.0884955752213	993.049723756906
58481	650.1769911504425	987.5248618784531
58508	611.4601769911504	772.0552486187846
58534	621.4159292035398	800.7845303867404
58560	647.9646017699115	833.9337016574585
58588	647.9646017699115	833.9337016574585
58615	767.433628318584	955.4806629834255
58643	767.433628318584	955.4806629834255
58669	631.3716814159292	963.2154696132596
58697	485.3539823008849	875.9226519337018
58724	485.3539823008849	875.9226519337018
58752	584.9115044247787	889.182320441989
58781	495.3097345132743	920.121546961326
58807	549.5132743362832	1008.5193370165746
58834	656.8141592920354	924.5414364640885
58861	584.9115044247787	810.7292817679559
58885	577.1681415929203	773.1602209944751
58911	555.0442477876106	816.2541436464089
58962	552.8318584070796	799.6795580110498
58990	550.6194690265487	717.9116022099448
59016	414.5575221238938	973.1602209944751
59042	414.5575221238938	973.1602209944751
59068	397.9646017699115	933.3812154696134
59097	479.82300884955754	844.9834254143648
59124	480.929203539823	867.0828729281768
59150	759.6902654867257	926.7513812154697
59179	747.5221238938053	889.182320441989
59206	759.6902654867257	926.7513812154697
59235	803.9380530973451	951.060773480663
59262	646.858407079646	872.60773480663
59288	923.4070796460177	1016.2541436464089
59317	885.7964601769911	956.585635359116
59344	885.7964601769911	956.585635359116
59368	633.5840707964602	957.6906077348067
59397	649.070796460177	903.546961325967
59424	837.1238938053098	705.7569060773482
59451	845.9734513274336	784.2099447513813
59478	1140.2212389380531	712.3867403314918
59507	1147.9646017699115	701.3370165745857
59533	1147.9646017699115	701.3370165745857
59565	1057.2566371681417	721.2265193370166
59592	1107.0353982300885	823.988950276243
59619	1107.0353982300885	823.988950276243
59644	1185.5752212389382	735.5911602209945
59668	1045.0884955752213	772.0552486187846
59698	1048.4070796460176	584.2099447513813
59731	1048.4070796460176	584.2099447513813
59756	1240.8849557522124	709.07182320442
59784	1154.6017699115043	606.3093922651934
59812	1095.9734513274336	587.5248618784531
59838	1144.6460176991152	658.2430939226521
59866	1144.6460176991152	658.2430939226521
59898	1194.424778761062	566.5303867403316
59927	1194.424778761062	566.5303867403316
59955	1247.5221238938052	685.8674033149172
59985	1291.7699115044247	701.3370165745857
60011	1282.9203539823009	615.1491712707183
60038	1235.353982300885	604.0994475138123
60067	1192.212389380531	662.6629834254144
60094	1208.8053097345132	510.1767955801105
60128	1208.8053097345132	510.1767955801105
60152	1087.1238938053098	691.3922651933702
60179	1091.5486725663716	642.7734806629835
60204	1091.5486725663716	642.7734806629835
60234	1275.1769911504425	598.5745856353591
60261	1248.6283185840707	621.7790055248619
60287	1201.0619469026549	570.950276243094
60320	1263.0088495575221	667.0828729281768
60346	1208.8053097345132	563.2154696132596
60371	1198.8495575221239	513.4917127071823
60396	1198.8495575221239	513.4917127071823
60431	1188.8938053097345	683.6574585635359
60459	1161.2389380530974	646.0883977900553
60486	1188.8938053097345	683.6574585635359
60515	1218.7610619469026	494.707182320442
60548	1218.7610619469026	494.707182320442
60581	1056.1504424778761	675.9226519337017
60615	1186.6814159292037	665.9779005524863
60648	1201.0619469026549	566.5303867403316
60681	1255.2654867256635	663.767955801105
60714	1244.203539823009	652.7182320441989
60749	1309.4690265486727	714.596685082873
60781	1309.4690265486727	714.596685082873
60815	1166.7699115044247	566.5303867403316
60847	1146.858407079646	563.2154696132596
60881	1146.858407079646	563.2154696132596
60915	1205.4867256637167	661.5580110497237
60948	1228.7168141592922	618.4640883977901
60981	1171.1946902654865	702.4419889502763
61014	1272.9646017699115	501.3370165745856
61048	1244.203539823009	448.2983425414364
61081	1271.858407079646	636.1436464088398
61115	1195.5309734513276	674.8176795580112
61142	1260.796460176991	577.5801104972376
61170	1331.5929203539822	686.9723756906078
61198	1260.796460176991	577.5801104972376
61231	1265.2212389380531	627.3038674033149
61257	1198.8495575221239	506.8618784530386
61282	1317.212389380531	638.3535911602211
61308	1284.0265486725664	576.475138121547
61335	1162.345132743363	527.8563535911602
61363	1284.0265486725664	593.0497237569061
61390	1277.3893805309735	612.939226519337
61415	1125.8407079646017	490.28729281767954
61447	1125.8407079646017	490.28729281767954
61473	1125.8407079646017	490.28729281767954
61500	1114.7787610619469	658.2430939226521
61529	1114.7787610619469	658.2430939226521
61556	1226.5044247787612	510.1767955801105
61583	1226.5044247787612	559.9005524861878
61608	1418.9823008849557	720.121546961326
