time	x	y
1	224.2920353982301	199.67955801104972
41	143.53982300884954	240.5635359116022
69	143.53982300884954	240.5635359116022
94	68.31858407079645	189.73480662983425
121	27.38938053097344	176.47513812154696
144	27.38938053097344	176.47513812154696
172	29.601769911504412	106.86187845303867
199	108.14159292035397	106.86187845303867
225	28.49557522123893	68.1878453038674
251	119.20353982300884	172.05524861878453
277	119.20353982300884	172.05524861878453
304	115.88495575221238	143.32596685082873
330	115.88495575221238	143.32596685082873
358	115.88495575221238	143.32596685082873
385	205.4867256637168	147.74585635359117
411	205.4867256637168	147.74585635359117
439	144.64601769911502	116.80662983425417
469	110.35398230088495	100.23204419889504
493	11.902654867256626	73.71270718232044
522	11.902654867256626	73.71270718232044
548	11.902654867256626	73.71270718232044
600	214.3362831858407	99.12707182320443
631	214.3362831858407	99.12707182320443
659	119.20353982300884	125.64640883977903
685	119.20353982300884	125.64640883977903
713	219.86725663716814	136.6961325966851
742	174.51327433628316	141.11602209944752
768	257.4778761061947	94.707182320442
796	257.4778761061947	94.707182320442
826	326.0619469026548	28.408839779005525
856	333.8053097345133	53.82320441988951
884	333.8053097345133	53.82320441988951
910	331.5929203539823	102.44198895027625
937	331.5929203539823	102.44198895027625
966	18.539823008849545	179.79005524861878
995	100.39823008849557	217.35911602209947
1025	-36.76991150442479	50.50828729281768
1054	-36.76991150442479	50.50828729281768
1079	-36.76991150442479	50.50828729281768
1107	21.858407079646007	-90.9281767955801
1136	45.08849557522123	-27.94475138121547
1162	48.40707964601769	60.45303867403315
1188	48.40707964601769	60.45303867403315
1216	48.40707964601769	60.45303867403315
1244	-148.49557522123894	182.0
1272	-148.49557522123894	182.0
1299	222.0796460176991	324.5414364640884
1326	222.0796460176991	324.5414364640884
1355	193.31858407079645	228.40883977900552
1382	170.08849557522123	144.43093922651934
1411	170.08849557522123	144.43093922651934
1436	245.30973451327432	254.92817679558013
1465	257.4778761061947	132.27624309392266
1492	257.4778761061947	132.27624309392266
1523	390.2212389380531	68.1878453038674
1550	390.2212389380531	68.1878453038674
1582	464.33628318584067	-34.57458563535912
1609	464.33628318584067	-34.57458563535912
1640	474.29203539823004	33.93370165745856
1669	426.72566371681415	30.61878453038674
1693	692.212389380531	377.58011049723757
1720	597.0796460176991	327.8563535911602
1744	597.0796460176991	327.8563535911602
1773	490.88495575221236	525.6464088397789
1804	528.4955752212389	541.1160220994475
1832	412.3451327433628	604.0994475138123
1860	412.3451327433628	604.0994475138123
1885	442.21238938053096	578.6850828729282
1912	558.362831858407	461.55801104972375
1938	558.362831858407	461.55801104972375
1968	1092.654867256637	780.8950276243095
1995	1092.654867256637	780.8950276243095
2024	1105.929203539823	713.4917127071824
2051	1334.9115044247787	642.7734806629835
2080	1233.141592920354	661.5580110497237
2106	1309.4690265486727	605.2044198895028
2140	1309.4690265486727	605.2044198895028
2174	1194.424778761062	538.9060773480662
2207	1194.424778761062	538.9060773480662
2235	1177.8318584070796	677.0276243093923
2261	1141.3274336283187	680.3425414364641
2286	1141.3274336283187	680.3425414364641
2317	1164.5575221238937	612.939226519337
2345	1164.5575221238937	612.939226519337
2372	1308.3628318584072	728.961325966851
2399	1308.3628318584072	653.8232044198895
2426	1216.5486725663716	597.4696132596686
2458	1233.141592920354	578.6850828729282
2485	1233.141592920354	578.6850828729282
2511	1243.0973451327434	602.9944751381215
2540	1243.0973451327434	602.9944751381215
2574	1155.7079646017698	585.3149171270719
2607	1155.7079646017698	585.3149171270719
2640	1108.141592920354	756.585635359116
2674	1119.203539823009	727.8563535911602
2707	1019.6460176991151	543.3259668508288
2741	1019.6460176991151	543.3259668508288
2774	405.7079646017699	380.89502762430936
2807	405.7079646017699	380.89502762430936
2840	132.47787610619469	233.93370165745858
2873	257.4778761061947	223.98895027624312
2907	418.98230088495575	250.50828729281767
2933	313.8938053097345	309.0718232044199
2962	244.20353982300884	251.6132596685083
2989	208.8053097345133	341.1160220994475
3015	208.8053097345133	341.1160220994475
3043	170.08849557522123	133.38121546961327
3070	170.08849557522123	133.38121546961327
3094	170.08849557522123	133.38121546961327
3119	90.44247787610618	252.7182320441989
3147	25.17699115044247	143.32596685082873
3174	-56.68141592920355	169.84530386740332
3207	-25.707964601769923	175.37016574585635
3240	98.18584070796459	98.02209944751382
3273	98.18584070796459	98.02209944751382
3302	207.69911504424778	180.8950276243094
3334	192.21238938053096	138.9060773480663
3361	159.02654867256635	162.11049723756906
3388	183.36283185840708	215.14917127071823
3411	183.36283185840708	215.14917127071823
3439	71.63716814159291	211.83425414364643
3469	71.63716814159291	211.83425414364643
3494	51.72566371681415	62.66298342541437
3526	51.72566371681415	62.66298342541437
3553	206.5929203539823	184.20994475138122
3582	225.39823008849558	281.4475138121547
3608	225.39823008849558	281.4475138121547
3635	142.43362831858406	221.7790055248619
3664	40.66371681415929	186.41988950276246
3691	155.7079646017699	397.4696132596685
3722	225.39823008849558	305.75690607734805
3746	225.39823008849558	305.75690607734805
3773	543.9823008849557	691.3922651933702
3803	550.6194690265487	640.5635359116022
3832	489.7787610619469	711.2817679558011
3864	592.6548672566372	675.9226519337017
3894	426.72566371681415	609.6243093922652
3922	365.88495575221236	601.889502762431
3947	359.24778761061947	649.4033149171271
3976	267.43362831858406	551.060773480663
4002	275.17699115044246	597.4696132596686
4028	228.71681415929203	563.2154696132596
4056	249.73451327433628	552.1657458563536
4081	251.94690265486724	591.9447513812155
4109	161.23893805309734	391.94475138121544
4136	281.8141592920354	471.5027624309392
4163	133.58407079646017	480.3425414364641
4192	138.0088495575221	523.4364640883978
4219	118.09734513274336	598.5745856353591
4247	156.81415929203538	555.4806629834254
4275	138.0088495575221	543.3259668508288
4304	141.32743362831857	469.292817679558
4333	191.10619469026545	432.8287292817679
4361	184.46902654867256	412.93922651933696
4388	235.35398230088495	398.5745856353591
4414	235.35398230088495	398.5745856353591
4441	246.4159292035398	480.3425414364641
4470	246.4159292035398	480.3425414364641
4497	165.66371681415927	376.47513812154693
4524	136.90265486725664	447.1933701657458
4551	183.36283185840708	465.9779005524862
4579	185.57522123893804	401.8895027624309
4606	115.88495575221238	356.585635359116
4636	102.61061946902655	400.7845303867403
4661	102.61061946902655	400.7845303867403
4686	165.66371681415927	432.8287292817679
4712	76.06194690265485	357.6906077348066
4738	113.67256637168141	304.6519337016574
4763	22.964601769911493	419.56906077348066
4789	91.54867256637166	369.8453038674033
4813	48.40707964601769	348.8508287292818
4842	103.71681415929203	285.8674033149171
4869	103.71681415929203	285.8674033149171
4896	194.42477876106193	457.1381215469613
4923	228.71681415929203	400.7845303867403
4950	191.10619469026545	538.9060773480662
4978	193.31858407079645	410.7292817679558
5003	59.46902654867255	409.6243093922651
5032	90.44247787610618	343.3259668508287
5066	87.12389380530973	300.232044198895
5095	196.6371681415929	463.7679558011049
5123	299.5132743362832	470.3977900552486
5150	241.99115044247787	542.2209944751381
5178	166.76991150442478	563.2154696132596
5203	183.36283185840708	435.03867403314916
5229	186.68141592920352	510.1767955801105
5258	264.1150442477876	595.2596685082874
5283	240.8849557522124	563.2154696132596
5310	159.02654867256635	443.87845303867397
5340	43.98230088495574	293.6022099447514
5366	144.64601769911502	390.8397790055248
5394	250.8407079646018	251.6132596685083
5418	254.1592920353982	415.1491712707182
5449	279.60176991150445	433.9337016574586
5476	254.1592920353982	415.1491712707182
5503	341.5486725663717	345.5359116022099
5532	298.4070796460177	491.3922651933701
5559	298.4070796460177	491.3922651933701
5586	180.0442477876106	441.6685082872928
5611	180.0442477876106	441.6685082872928
5639	424.5132743362832	290.28729281767954
5669	359.24778761061947	239.45856353591162
5694	392.43362831858406	289.18232044198896
5721	392.43362831858406	289.18232044198896
5748	336.01769911504425	370.95027624309387
5778	358.14159292035396	511.28176795580106
5806	514.1150442477876	548.8508287292817
5834	301.72566371681415	355.48066298342536
5860	301.72566371681415	355.48066298342536
5915	601.5044247787611	335.5911602209944
5947	632.4778761061947	389.7348066298342
5976	608.141592920354	258.24309392265195
6003	686.6814159292035	314.5966850828729
6030	604.8230088495575	243.87845303867402
6059	504.1592920353982	340.01104972375686
6088	604.8230088495575	243.87845303867402
6114	549.5132743362832	251.6132596685083
6144	470.9734513274336	237.2486187845304
6171	817.212389380531	333.3812154696132
6198	542.8761061946902	421.7790055248619
6226	701.0619469026549	219.5690607734807
6255	701.0619469026549	219.5690607734807
6286	705.4867256637168	186.41988950276246
6311	705.4867256637168	186.41988950276246
6339	705.4867256637168	186.41988950276246
6367	764.1150442477876	206.30939226519337
6394	733.141592920354	79.2375690607735
6422	577.1681415929203	148.85082872928177
6449	670.0884955752213	282.5524861878453
6477	692.212389380531	226.1988950276243
6508	704.3805309734513	133.38121546961327
6536	704.3805309734513	133.38121546961327
6562	645.7522123893805	218.46408839779005
6588	645.7522123893805	218.46408839779005
6613	645.7522123893805	218.46408839779005
6642	607.0353982300885	106.86187845303867
6672	607.0353982300885	106.86187845303867
6700	628.0530973451328	52.7182320441989
6726	632.4778761061947	49.40331491712707
6753	472.0796460176991	218.46408839779005
6779	472.0796460176991	218.46408839779005
6805	472.0796460176991	218.46408839779005
6832	597.0796460176991	239.45856353591162
6861	597.0796460176991	239.45856353591162
6888	597.0796460176991	239.45856353591162
6914	567.212389380531	183.1049723756906
6943	673.4070796460177	225.09392265193372
6973	577.1681415929203	134.48618784530387
7000	605.929203539823	140.0110497237569
7026	655.70796460177	88.07734806629836
7055	598.1858407079645	202.99447513812154
7083	573.8495575221239	114.59668508287292
7111	573.8495575221239	114.59668508287292
7141	573.8495575221239	114.59668508287292
7166	593.7610619469026	112.38674033149172
7193	699.9557522123894	163.21546961325967
7221	593.7610619469026	112.38674033149172
7253	729.8230088495575	89.18232044198896
7278	706.5929203539822	64.87292817679558
7307	565.0	54.92817679558011
7335	654.6017699115044	107.96685082872929
7361	599.29203539823	254.92817679558013
7388	599.29203539823	254.92817679558013
7416	599.29203539823	254.92817679558013
7441	501.9469026548673	188.62983425414365
7473	486.46017699115043	198.5745856353591
7502	572.7433628318585	67.0828729281768
7528	626.9469026548672	104.65193370165747
7553	610.353982300885	75.92265193370167
7580	559.4690265486726	72.60773480662984
7612	559.4690265486726	72.60773480662984
7640	574.9557522123894	102.44198895027625
7670	482.0353982300885	176.47513812154696
7699	383.5840707964602	30.61878453038674
7729	386.9026548672566	222.88397790055248
7756	366.9911504424779	127.85635359116023
7782	673.4070796460177	40.56353591160221
7809	673.4070796460177	40.56353591160221
7835	657.9203539823009	53.82320441988951
7863	657.9203539823009	53.82320441988951
7890	661.2389380530973	121.22651933701658
7916	638.0088495575221	136.6961325966851
7942	638.0088495575221	136.6961325966851
7969	748.6283185840707	233.93370165745858
7994	749.7345132743362	114.59668508287292
8020	759.6902654867257	75.92265193370167
8047	735.353982300885	44.98342541436464
8074	735.353982300885	44.98342541436464
8100	848.1858407079645	103.54696132596686
8128	848.1858407079645	103.54696132596686
8154	590.4424778761062	15.149171270718234
8181	802.8318584070796	84.76243093922653
8208	802.8318584070796	84.76243093922653
8237	822.7433628318585	23.988950276243095
8266	822.7433628318585	23.988950276243095
8297	857.0353982300885	106.86187845303867
8326	806.1504424778761	147.74585635359117
8353	732.0353982300885	137.8011049723757
8379	821.637168141593	114.59668508287292
8407	732.0353982300885	137.8011049723757
8433	806.1504424778761	-11.370165745856353
8459	821.637168141593	7.414364640883979
8485	821.637168141593	7.414364640883979
8510	769.646017699115	54.92817679558011
8538	769.646017699115	54.92817679558011
8568	813.8938053097345	126.75138121546962
8595	823.8495575221239	169.84530386740332
8623	780.70796460177	177.5801104972376
8652	719.8672566371681	96.91712707182322
8678	719.8672566371681	96.91712707182322
8705	889.1150442477876	127.85635359116023
8733	889.1150442477876	127.85635359116023
8761	896.858407079646	137.8011049723757
8789	896.858407079646	137.8011049723757
8814	881.3716814159292	165.4254143646409
8840	881.3716814159292	165.4254143646409
8870	881.3716814159292	165.4254143646409
8894	873.6283185840707	95.8121546961326
8921	873.6283185840707	95.8121546961326
8947	873.6283185840707	95.8121546961326
8972	785.1327433628319	194.1546961325967
8998	909.0265486725664	221.7790055248619
9027	961.0176991150443	142.22099447513813
9059	873.6283185840707	128.96132596685084
9085	310.57522123893807	68.1878453038674
9114	288.4513274336283	120.12154696132598
9140	286.23893805309734	60.45303867403315
9168	216.54867256637166	80.3425414364641
9195	204.38053097345133	29.513812154696133
9224	215.44247787610618	88.07734806629836
9252	215.44247787610618	88.07734806629836
9277	215.44247787610618	88.07734806629836
9306	265.2212389380531	127.85635359116023
9333	286.23893805309734	172.05524861878453
9361	226.50442477876106	121.22651933701658
9394	209.91150442477874	114.59668508287292
9421	201.06194690265485	83.65745856353593
9450	201.06194690265485	83.65745856353593
9477	201.06194690265485	83.65745856353593
9504	287.3451327433628	73.71270718232044
9533	287.3451327433628	73.71270718232044
9563	291.7699115044248	132.27624309392266
9592	321.63716814159295	189.73480662983425
9617	355.929203539823	196.36464088397793
9645	355.929203539823	196.36464088397793
9671	355.929203539823	196.36464088397793
9699	329.3805309734513	23.988950276243095
9725	260.79646017699116	-26.83977900552486
9752	329.3805309734513	23.988950276243095
9778	228.71681415929203	83.65745856353593
9804	290.6637168141593	70.39779005524862
9835	203.27433628318585	130.06629834254144
9862	203.27433628318585	130.06629834254144
9889	300.6194690265487	107.96685082872929
9917	300.6194690265487	107.96685082872929
9944	300.6194690265487	107.96685082872929
9970	236.46017699115043	9.624309392265195
9995	236.46017699115043	9.624309392265195
10023	248.62831858407077	82.5524861878453
10051	286.23893805309734	133.38121546961327
10078	251.94690265486724	122.33149171270719
10107	253.05309734513276	40.56353591160221
10131	167.87610619469027	53.82320441988951
10160	170.08849557522123	151.060773480663
10187	274.07079646017695	202.99447513812154
10215	344.8672566371681	113.49171270718233
10242	113.67256637168141	25.093922651933703
10271	113.67256637168141	25.093922651933703
10300	165.66371681415927	82.5524861878453
10326	202.16814159292034	106.86187845303867
10351	211.01769911504422	70.39779005524862
10377	297.30088495575217	173.16022099447514
10402	327.16814159292034	124.54143646408842
10427	271.858407079646	59.34806629834254
10459	271.858407079646	59.34806629834254
10488	290.6637168141593	96.91712707182322
10514	328.2743362831858	124.54143646408842
10544	328.2743362831858	124.54143646408842
10573	338.2300884955752	117.91160220994476
10600	338.2300884955752	117.91160220994476
10626	197.7433628318584	145.53591160220995
10657	305.04424778761063	252.7182320441989
10684	448.8495575221239	217.35911602209947
10711	448.8495575221239	217.35911602209947
10739	448.8495575221239	217.35911602209947
10768	284.0265486725664	60.45303867403315
10796	264.1150442477876	88.07734806629836
10826	310.57522123893807	289.18232044198896
10858	255.2654867256637	304.6519337016574
10887	504.1592920353982	714.596685082873
10915	504.1592920353982	714.596685082873
10942	583.8053097345132	692.4972375690608
10969	479.82300884955754	648.2983425414365
10999	535.1327433628319	757.6906077348067
11027	538.4513274336283	552.1657458563536
11057	539.5575221238937	559.9005524861878
11084	459.91150442477874	430.61878453038673
11111	459.91150442477874	430.61878453038673
11137	459.91150442477874	430.61878453038673
11163	395.75221238938053	417.3591160220994
11192	426.72566371681415	252.7182320441989
11219	452.16814159292034	235.0386740331492
11247	364.7787610619469	402.9944751381215
11274	266.32743362831854	301.3370165745856
11308	266.32743362831854	301.3370165745856
11357	380.26548672566366	119.01657458563537
11385	380.26548672566366	119.01657458563537
11412	327.16814159292034	183.1049723756906
11440	370.3097345132743	268.18784530386745
11468	370.3097345132743	268.18784530386745
11496	352.6106194690266	212.939226519337
11522	352.6106194690266	212.939226519337
11548	380.26548672566366	0.7845303867403324
11577	380.26548672566366	0.7845303867403324
11603	380.26548672566366	0.7845303867403324
11631	503.0530973451327	8.519337016574587
11662	503.0530973451327	8.519337016574587
11690	421.1946902654867	53.82320441988951
11718	343.76106194690266	91.39226519337016
11746	343.76106194690266	91.39226519337016
11774	490.88495575221236	-34.57458563535912
11801	416.7699115044248	42.773480662983424
11829	393.53982300884957	-5.845303867403314
11857	393.53982300884957	-5.845303867403314
11883	320.53097345132744	145.53591160220995
11912	313.8938053097345	219.5690607734807
11939	313.8938053097345	219.5690607734807
11966	482.0353982300885	32.828729281767956
11992	446.63716814159295	96.91712707182322
12017	318.3185840707964	196.36464088397793
12046	347.0796460176991	133.38121546961327
12073	130.26548672566372	69.29281767955801
12100	206.5929203539823	113.49171270718233
12126	208.8053097345133	132.27624309392266
12153	208.8053097345133	132.27624309392266
12180	237.56637168141592	2.994475138121548
12208	172.30088495575222	-26.83977900552486
12240	280.7079646017699	179.79005524861878
12269	253.05309734513276	165.4254143646409
12294	243.09734513274336	185.31491712707182
12322	243.09734513274336	185.31491712707182
12350	258.5840707964602	116.80662983425417
12377	232.03539823008848	148.85082872928177
12403	232.03539823008848	148.85082872928177
12429	219.86725663716814	74.81767955801106
12456	219.86725663716814	74.81767955801106
12483	172.30088495575222	104.65193370165747
12512	172.30088495575222	104.65193370165747
12539	172.30088495575222	104.65193370165747
12568	159.02654867256635	124.54143646408842
12596	159.02654867256635	124.54143646408842
12622	298.4070796460177	186.41988950276246
12651	298.4070796460177	186.41988950276246
12676	298.4070796460177	186.41988950276246
12701	291.7699115044248	147.74585635359117
12730	303.9380530973451	142.22099447513813
12761	300.6194690265487	141.11602209944752
12788	293.98230088495575	95.8121546961326
12812	190.0	-12.47513812154696
12841	190.0	-12.47513812154696
12869	190.0	-12.47513812154696
12897	119.20353982300884	0.7845303867403324
12921	139.11504424778758	30.61878453038674
12950	312.78761061946904	111.28176795580112
12977	391.32743362831854	117.91160220994476
13006	312.78761061946904	111.28176795580112
13033	244.20353982300884	163.21546961325967
13061	198.8495575221239	135.59116022099448
13086	321.63716814159295	49.40331491712707
13114	265.2212389380531	122.33149171270719
13140	309.46902654867256	135.59116022099448
13166	194.42477876106193	99.12707182320443
13192	194.42477876106193	99.12707182320443
13224	225.39823008849558	75.92265193370167
13262	213.23008849557522	99.12707182320443
13293	490.88495575221236	712.3867403314918
13325	490.88495575221236	712.3867403314918
13355	567.212389380531	706.8618784530387
13385	570.5309734513274	699.1270718232045
13411	567.212389380531	706.8618784530387
13441	521.858407079646	662.6629834254144
13470	521.858407079646	662.6629834254144
13506	364.7787610619469	691.3922651933702
13534	366.9911504424779	696.9171270718232
13560	376.94690265486724	515.7016574585635
13590	441.10619469026545	565.4254143646408
13616	412.3451327433628	554.3756906077348
13643	412.3451327433628	554.3756906077348
13671	412.3451327433628	554.3756906077348
13698	254.1592920353982	575.3701657458564
13728	254.1592920353982	575.3701657458564
13759	286.23893805309734	390.8397790055248
13787	288.4513274336283	361.0055248618784
13823	303.9380530973451	374.2651933701657
13853	303.9380530973451	374.2651933701657
13885	350.39823008849555	367.6353591160221
13915	350.39823008849555	367.6353591160221
13942	350.39823008849555	367.6353591160221
13968	412.3451327433628	410.7292817679558
13996	431.1504424778761	370.95027624309387
14023	394.6460176991151	405.20441988950273
14053	366.9911504424779	377.58011049723757
14080	406.8141592920354	179.79005524861878
14107	406.8141592920354	179.79005524861878
14133	406.8141592920354	179.79005524861878
14158	394.6460176991151	280.3425414364641
14185	414.5575221238938	227.30386740331494
14213	430.04424778761063	222.88397790055248
14245	515.221238938053	279.23756906077347
14276	515.221238938053	279.23756906077347
14306	626.9469026548672	408.5193370165745
14340	636.9026548672566	369.8453038674033
14370	477.6106194690266	109.0718232044199
14399	545.0884955752213	119.01657458563537
14427	600.3982300884956	223.98895027624312
14455	600.3982300884956	223.98895027624312
14479	464.33628318584067	174.26519337016575
14506	464.33628318584067	174.26519337016575
14534	464.33628318584067	174.26519337016575
14567	631.3716814159292	189.73480662983425
14594	631.3716814159292	189.73480662983425
14622	663.4513274336283	91.39226519337016
14650	663.4513274336283	91.39226519337016
14679	663.4513274336283	91.39226519337016
14706	573.8495575221239	197.4696132596685
14732	599.29203539823	147.74585635359117
14761	618.0973451327434	152.1657458563536
14787	618.0973451327434	152.1657458563536
14814	750.8407079646017	190.83977900552486
14842	750.8407079646017	190.83977900552486
14873	861.4601769911504	162.11049723756906
14903	861.4601769911504	162.11049723756906
14929	861.4601769911504	162.11049723756906
14956	741.9911504424779	282.5524861878453
14981	741.9911504424779	282.5524861878453
15005	799.5132743362832	145.53591160220995
15034	799.5132743362832	145.53591160220995
15061	799.5132743362832	145.53591160220995
15086	777.3893805309734	272.6077348066299
15112	813.8938053097345	175.37016574585635
15138	813.8938053097345	175.37016574585635
15165	880.2654867256638	311.2817679558011
15193	968.7610619469026	322.33149171270713
15220	809.4690265486726	159.90055248618788
15248	808.362831858407	216.25414364640883
15278	776.283185840708	95.8121546961326
15305	776.283185840708	95.8121546961326
15333	776.283185840708	95.8121546961326
15363	790.6637168141592	223.98895027624312
15390	748.6283185840707	201.88950276243096
15423	774.070796460177	271.50276243093924
15454	774.070796460177	271.50276243093924
15482	918.9823008849557	230.61878453038673
15510	851.5044247787611	254.92817679558013
15537	918.9823008849557	230.61878453038673
15568	991.9911504424779	196.36464088397793
15594	975.3982300884956	205.20441988950276
15620	973.1858407079645	218.46408839779005
15649	884.6902654867257	220.67403314917127
15675	251.94690265486724	162.11049723756906
15705	270.75221238938053	209.62430939226522
15733	259.69026548672565	179.79005524861878
15760	248.62831858407077	243.87845303867402
15788	248.62831858407077	243.87845303867402
15816	171.1946902654867	272.6077348066299
15844	171.1946902654867	272.6077348066299
15870	171.1946902654867	272.6077348066299
15897	220.97345132743362	215.14917127071823
15929	220.97345132743362	215.14917127071823
15956	133.58407079646017	272.6077348066299
15980	126.94690265486724	258.24309392265195
16007	133.58407079646017	272.6077348066299
16032	277.3893805309734	180.8950276243094
16063	277.3893805309734	180.8950276243094
16089	250.8407079646018	194.1546961325967
16118	243.09734513274336	173.16022099447514
16145	166.76991150442478	239.45856353591162
16172	157.92035398230087	262.6629834254144
16199	157.92035398230087	262.6629834254144
16226	226.50442477876106	191.94475138121547
16253	226.50442477876106	191.94475138121547
16280	226.50442477876106	191.94475138121547
16310	247.5221238938053	370.95027624309387
16339	247.5221238938053	370.95027624309387
16367	165.66371681415927	220.67403314917127
16394	165.66371681415927	220.67403314917127
16422	235.35398230088495	145.53591160220995
16450	235.35398230088495	145.53591160220995
16476	290.6637168141593	223.98895027624312
16502	290.6637168141593	223.98895027624312
16529	290.6637168141593	223.98895027624312
16557	185.57522123893804	182.0
16584	212.1238938053097	151.060773480663
16611	225.39823008849558	280.3425414364641
16639	225.39823008849558	280.3425414364641
16671	225.39823008849558	280.3425414364641
16697	280.7079646017699	207.414364640884
16724	280.7079646017699	207.414364640884
16748	216.54867256637166	173.16022099447514
16777	205.4867256637168	186.41988950276246
16803	205.4867256637168	186.41988950276246
16827	215.44247787610618	219.5690607734807
16855	215.44247787610618	219.5690607734807
16887	296.1946902654867	225.09392265193372
16914	296.1946902654867	225.09392265193372
16941	228.71681415929203	231.72375690607737
16967	228.71681415929203	231.72375690607737
17009	298.4070796460177	299.1270718232044
17039	353.716814159292	293.6022099447514
17064	415.6637168141593	334.48618784530385
17092	369.20353982300884	301.3370165745856
17120	369.20353982300884	301.3370165745856
17146	448.8495575221239	292.49723756906076
17176	448.8495575221239	292.49723756906076
17203	448.8495575221239	292.49723756906076
17232	351.50442477876106	410.7292817679558
17261	382.4778761061947	428.40883977900546
17289	468.76106194690266	456.0331491712707
17316	496.4159292035398	369.8453038674033
17343	406.8141592920354	405.20441988950273
17376	399.07079646017695	491.3922651933701
17403	230.929203539823	517.9116022099447
17434	264.1150442477876	444.98342541436455
17461	230.929203539823	517.9116022099447
17488	255.2654867256637	527.8563535911602
17515	214.3362831858407	561.0055248618784
17548	157.92035398230087	431.7237569060773
17574	157.92035398230087	431.7237569060773
17601	157.92035398230087	431.7237569060773
17631	188.89380530973452	454.9281767955801
17660	156.81415929203538	435.03867403314916
17687	176.72566371681415	389.7348066298342
17716	181.15044247787608	453.8232044198895
17742	290.6637168141593	492.49723756906076
17770	240.8849557522124	493.6022099447514
17797	338.2300884955752	513.4917127071823
17823	236.46017699115043	460.4530386740331
17853	212.1238938053097	404.09944751381215
17881	228.71681415929203	416.2541436464088
17909	308.36283185840705	433.9337016574586
17933	275.17699115044246	378.68508287292815
17960	271.858407079646	366.5303867403315
17990	271.858407079646	366.5303867403315
18016	289.5575221238938	382.0
18044	289.5575221238938	382.0
18074	289.5575221238938	382.0
18100	274.07079646017695	251.6132596685083
18124	269.6460176991151	349.95580110497235
18153	348.1858407079646	345.5359116022099
18179	329.3805309734513	355.48066298342536
18205	277.3893805309734	325.646408839779
18238	277.3893805309734	325.646408839779
18264	277.3893805309734	325.646408839779
18292	166.76991150442478	312.3867403314917
18319	297.30088495575217	365.42541436464086
18345	165.66371681415927	353.27071823204415
18372	266.32743362831854	317.9116022099447
18402	266.32743362831854	317.9116022099447
18433	293.98230088495575	302.4419889502762
18461	279.60176991150445	248.29834254143645
18487	249.73451327433628	288.0773480662983
18514	206.5929203539823	211.83425414364643
18540	204.38053097345133	249.4033149171271
18565	204.38053097345133	249.4033149171271
18592	204.38053097345133	249.4033149171271
18620	380.26548672566366	133.38121546961327
18649	380.26548672566366	133.38121546961327
18676	515.221238938053	216.25414364640883
18703	515.221238938053	216.25414364640883
18728	515.221238938053	216.25414364640883
18756	490.88495575221236	193.04972375690608
18783	511.9026548672566	122.33149171270719
18810	511.9026548672566	184.20994475138122
18839	511.9026548672566	184.20994475138122
18868	511.9026548672566	184.20994475138122
18894	727.6106194690265	218.46408839779005
18923	698.8495575221239	188.62983425414365
18950	608.141592920354	114.59668508287292
18977	608.141592920354	114.59668508287292
19004	751.9469026548672	104.65193370165747
19031	751.9469026548672	104.65193370165747
19059	751.9469026548672	104.65193370165747
19085	412.3451327433628	126.75138121546962
19112	412.3451327433628	126.75138121546962
19139	412.3451327433628	126.75138121546962
19168	464.33628318584067	177.5801104972376
19196	464.33628318584067	177.5801104972376
19224	413.4513274336283	138.9060773480663
19252	461.01769911504425	219.5690607734807
19276	464.33628318584067	305.75690607734805
19305	464.33628318584067	305.75690607734805
19333	464.33628318584067	305.75690607734805
19359	404.60176991150445	214.04419889502765
19390	404.60176991150445	214.04419889502765
19419	357.0353982300885	244.98342541436466
19447	357.0353982300885	244.98342541436466
19473	319.42477876106193	58.24309392265194
19498	310.57522123893807	72.60773480662984
19527	319.42477876106193	58.24309392265194
19554	348.1858407079646	193.04972375690608
19579	399.07079646017695	186.41988950276246
19607	399.07079646017695	186.41988950276246
19635	737.566371681416	194.1546961325967
19661	748.6283185840707	220.67403314917127
19689	782.9203539823009	37.248618784530386
19717	757.4778761061947	267.0828729281768
19743	786.2389380530973	306.8618784530387
19770	786.2389380530973	306.8618784530387
19796	786.2389380530973	306.8618784530387
19822	963.2300884955753	252.7182320441989
19853	893.5398230088496	233.93370165745858
19880	966.5486725663717	252.7182320441989
19907	991.9911504424779	336.69613259668506
19934	851.5044247787611	141.11602209944752
19961	884.6902654867257	136.6961325966851
19987	851.5044247787611	141.11602209944752
20014	504.1592920353982	218.46408839779005
20043	514.1150442477876	239.45856353591162
20070	514.1150442477876	239.45856353591162
20097	316.10619469026545	244.98342541436466
20123	349.29203539823004	253.8232044198895
20152	178.93805309734512	170.95027624309392
20178	178.93805309734512	170.95027624309392
20207	300.6194690265487	259.34806629834253
20235	265.2212389380531	265.9779005524862
20261	329.3805309734513	218.46408839779005
20287	389.1150442477876	99.12707182320443
20315	463.2300884955752	149.95580110497238
20346	389.1150442477876	214.04419889502765
20371	389.1150442477876	214.04419889502765
20396	389.1150442477876	214.04419889502765
20424	366.9911504424779	221.7790055248619
20453	388.0088495575221	244.98342541436466
20478	389.1150442477876	265.9779005524862
20505	389.1150442477876	265.9779005524862
20531	389.1150442477876	265.9779005524862
20557	258.5840707964602	291.3922651933702
20587	268.53982300884957	283.6574585635359
20617	246.4159292035398	248.29834254143645
20643	233.14159292035396	294.707182320442
20669	332.6991150442478	331.17127071823205
20706	400.17699115044246	310.1767955801105
20731	307.25663716814154	109.0718232044199
20758	307.25663716814154	109.0718232044199
20788	307.25663716814154	109.0718232044199
20812	253.05309734513276	275.9226519337017
20840	268.53982300884957	248.29834254143645
20867	268.53982300884957	248.29834254143645
20894	330.4867256637168	212.939226519337
20921	330.4867256637168	212.939226519337
20949	397.9646017699115	229.51381215469615
20976	397.9646017699115	229.51381215469615
21004	315.0	267.0828729281768
21034	315.0	267.0828729281768
21060	315.0	267.0828729281768
21088	316.10619469026545	246.08839779005524
21115	316.10619469026545	246.08839779005524
21143	392.43362831858406	252.7182320441989
21170	291.7699115044248	235.0386740331492
21193	291.7699115044248	235.0386740331492
21221	393.53982300884957	248.29834254143645
21251	432.25663716814154	198.5745856353591
21277	330.4867256637168	300.232044198895
21306	330.4867256637168	300.232044198895
21333	308.36283185840705	313.4917127071823
21359	295.0884955752212	152.1657458563536
21386	295.0884955752212	152.1657458563536
21413	211.01769911504422	240.5635359116022
21441	211.01769911504422	240.5635359116022
21470	182.2566371681416	335.5911602209944
21497	182.2566371681416	335.5911602209944
21525	256.3716814159292	355.48066298342536
21556	261.9026548672566	271.50276243093924
21581	271.858407079646	293.6022099447514
21607	271.858407079646	293.6022099447514
21637	232.03539823008848	222.88397790055248
21664	203.27433628318585	264.8729281767956
21691	168.98230088495575	223.98895027624312
21718	182.2566371681416	271.50276243093924
21743	305.04424778761063	229.51381215469615
21773	339.33628318584067	163.21546961325967
21799	305.04424778761063	229.51381215469615
21825	353.716814159292	282.5524861878453
21853	371.4159292035398	349.95580110497235
21879	443.3185840707964	309.0718232044199
21909	443.3185840707964	309.0718232044199
21934	490.88495575221236	271.50276243093924
21963	490.88495575221236	271.50276243093924
21989	490.88495575221236	271.50276243093924
22015	613.6725663716815	239.45856353591162
22043	525.1769911504425	258.24309392265195
22070	525.1769911504425	258.24309392265195
22101	695.5309734513274	157.69060773480663
22126	660.1327433628319	197.4696132596685
22154	636.9026548672566	223.98895027624312
22182	666.7699115044247	197.4696132596685
22206	640.221238938053	243.87845303867402
22234	657.9203539823009	271.50276243093924
22259	611.4601769911504	284.7624309392265
22286	630.2654867256638	178.6850828729282
22311	657.9203539823009	123.43646408839778
22336	694.4247787610619	216.25414364640883
22360	694.4247787610619	216.25414364640883
22392	777.3893805309734	198.5745856353591
22422	777.3893805309734	198.5745856353591
22449	777.3893805309734	198.5745856353591
22476	787.3451327433628	217.35911602209947
22503	787.3451327433628	217.35911602209947
22530	787.3451327433628	217.35911602209947
22557	719.8672566371681	184.20994475138122
22586	719.8672566371681	184.20994475138122
22641	699.9557522123894	159.90055248618788
22670	713.2300884955753	199.67955801104972
22696	713.2300884955753	199.67955801104972
22723	713.2300884955753	199.67955801104972
22748	790.6637168141592	269.292817679558
22777	749.7345132743362	220.67403314917127
22807	780.70796460177	264.8729281767956
22839	854.8230088495575	295.81215469613255
22868	832.6991150442477	311.2817679558011
22895	655.70796460177	334.48618784530385
22922	655.70796460177	334.48618784530385
22956	184.46902654867256	229.51381215469615
22985	240.8849557522124	280.3425414364641
23013	286.23893805309734	301.3370165745856
23039	286.23893805309734	301.3370165745856
23067	279.60176991150445	196.36464088397793
23096	257.4778761061947	184.20994475138122
23124	279.60176991150445	196.36464088397793
23151	308.36283185840705	294.707182320442
23179	323.8495575221239	313.4917127071823
23208	339.33628318584067	215.14917127071823
23238	339.33628318584067	215.14917127071823
23263	333.8053097345133	199.67955801104972
23294	388.0088495575221	119.01657458563537
23320	389.1150442477876	236.14364640883977
23344	260.79646017699116	326.7513812154696
23373	268.53982300884957	283.6574585635359
23398	268.53982300884957	283.6574585635359
23425	217.65486725663715	285.8674033149171
23454	217.65486725663715	307.96685082872926
23479	145.75221238938053	290.28729281767954
23506	145.75221238938053	290.28729281767954
23534	313.8938053097345	397.4696132596685
23563	125.84070796460176	294.707182320442
23589	251.94690265486724	410.7292817679558
23615	306.1504424778761	237.2486187845304
23643	321.63716814159295	236.14364640883977
23670	321.63716814159295	236.14364640883977
23696	272.9646017699115	250.50828729281767
23722	272.9646017699115	250.50828729281767
23751	280.7079646017699	254.92817679558013
23779	280.7079646017699	254.92817679558013
23805	386.9026548672566	292.49723756906076
23831	386.9026548672566	292.49723756906076
23860	386.9026548672566	292.49723756906076
23890	363.6725663716814	272.6077348066299
23917	363.6725663716814	272.6077348066299
23948	331.5929203539823	264.8729281767956
23976	310.57522123893807	312.3867403314917
24004	324.95575221238937	282.5524861878453
24030	358.14159292035396	309.0718232044199
24057	358.14159292035396	309.0718232044199
24086	551.7256637168142	353.27071823204415
24110	551.7256637168142	353.27071823204415
24140	469.8672566371681	233.93370165745858
24167	469.8672566371681	233.93370165745858
24193	436.6814159292035	283.6574585635359
24218	468.76106194690266	136.6961325966851
24242	557.2566371681415	231.72375690607737
24268	537.3451327433628	282.5524861878453
24294	537.3451327433628	282.5524861878453
24320	487.56637168141594	299.1270718232044
24346	501.9469026548673	367.6353591160221
24373	486.46017699115043	254.92817679558013
24400	483.14159292035396	328.96132596685084
24426	483.14159292035396	315.7016574585635
24452	483.14159292035396	328.96132596685084
24480	433.36283185840705	267.0828729281768
24506	433.36283185840705	267.0828729281768
24533	433.36283185840705	267.0828729281768
24560	454.3805309734513	291.3922651933702
24589	396.858407079646	262.6629834254144
24619	334.91150442477874	273.71270718232046
24648	334.91150442477874	273.71270718232046
24673	456.5929203539823	157.69060773480663
24702	433.36283185840705	288.0773480662983
24727	433.36283185840705	288.0773480662983
24758	448.8495575221239	385.3149171270718
24790	459.91150442477874	423.98895027624303
24817	517.433628318584	290.28729281767954
24844	483.14159292035396	322.33149171270713
24871	327.16814159292034	450.50828729281767
24896	319.42477876106193	399.6795580110497
24922	308.36283185840705	340.01104972375686
24956	305.04424778761063	414.04419889502765
24984	272.9646017699115	378.68508287292815
25011	196.6371681415929	396.36464088397787
25044	196.6371681415929	396.36464088397787
25071	214.3362831858407	428.40883977900546
25097	279.60176991150445	477.02762430939225
25125	256.3716814159292	468.18784530386733
25154	236.46017699115043	454.9281767955801
25182	184.46902654867256	395.2596685082873
25209	165.66371681415927	429.51381215469615
25235	139.11504424778758	354.3756906077348
25260	281.8141592920354	461.55801104972375
25287	234.24778761061947	415.1491712707182
25310	234.24778761061947	415.1491712707182
25336	159.02654867256635	353.27071823204415
25363	159.02654867256635	353.27071823204415
25389	159.02654867256635	353.27071823204415
25416	190.0	505.75690607734805
25444	190.0	505.75690607734805
25473	285.13274336283183	505.75690607734805
25502	285.13274336283183	505.75690607734805
25528	285.13274336283183	505.75690607734805
25556	163.4513274336283	458.24309392265195
25585	245.30973451327432	414.04419889502765
25611	111.46017699115043	296.9171270718232
25638	140.2212389380531	218.46408839779005
25662	175.61946902654864	373.1602209944751
25690	162.34513274336283	452.7182320441988
25717	217.65486725663715	410.7292817679558
25742	159.02654867256635	436.14364640883974
25770	190.0	407.41436464088395
25799	190.0	407.41436464088395
25830	186.68141592920352	406.30939226519337
25858	251.94690265486724	300.232044198895
25886	155.7079646017699	366.5303867403315
25914	144.64601769911502	177.5801104972376
25940	152.38938053097345	332.27624309392263
25967	237.56637168141592	344.43093922651934
25994	139.11504424778758	314.5966850828729
26022	266.32743362831854	313.4917127071823
26049	266.32743362831854	313.4917127071823
26077	477.6106194690266	349.95580110497235
26104	306.1504424778761	248.29834254143645
26131	255.2654867256637	306.8618784530387
26159	253.05309734513276	263.76795580110496
26187	277.3893805309734	294.707182320442
26212	380.26548672566366	302.4419889502762
26240	380.26548672566366	302.4419889502762
26268	253.05309734513276	378.68508287292815
26297	359.24778761061947	406.30939226519337
26326	359.24778761061947	406.30939226519337
26353	250.8407079646018	443.87845303867397
26381	319.42477876106193	377.58011049723757
26405	383.5840707964602	482.55248618784526
26434	354.82300884955754	465.9779005524862
26460	280.7079646017699	406.30939226519337
26492	258.5840707964602	367.6353591160221
26519	280.7079646017699	406.30939226519337
26545	259.69026548672565	388.6298342541436
26573	193.31858407079645	456.0331491712707
26598	193.31858407079645	456.0331491712707
26628	118.09734513274336	281.4475138121547
26654	118.09734513274336	281.4475138121547
26682	248.62831858407077	232.82872928176795
26711	248.62831858407077	232.82872928176795
26744	305.04424778761063	306.8618784530387
26772	330.4867256637168	336.69613259668506
26798	229.8230088495575	311.2817679558011
26826	150.17699115044246	259.34806629834253
26852	149.07079646017698	206.30939226519337
26877	175.61946902654864	367.6353591160221
26910	217.65486725663715	288.0773480662983
26937	212.1238938053097	425.09392265193367
26964	228.71681415929203	367.6353591160221
26990	250.8407079646018	302.4419889502762
27021	297.30088495575217	364.3204419889503
27048	306.1504424778761	352.16574585635357
27075	156.81415929203538	473.71270718232046
27104	245.30973451327432	284.7624309392265
27130	271.858407079646	346.64088397790056
27158	194.42477876106193	380.89502762430936
27185	271.858407079646	346.64088397790056
27210	431.1504424778761	385.3149171270718
27238	431.1504424778761	385.3149171270718
27269	479.82300884955754	468.18784530386733
27298	343.76106194690266	431.7237569060773
27324	472.0796460176991	283.6574585635359
27350	506.3716814159291	324.5414364640884
27377	470.9734513274336	327.8563535911602
27402	702.1681415929203	227.30386740331494
27429	497.5221238938053	169.84530386740332
27460	497.5221238938053	169.84530386740332
27487	550.6194690265487	292.49723756906076
27514	559.4690265486726	169.84530386740332
27542	665.6637168141592	176.47513812154696
27569	671.1946902654868	113.49171270718233
27594	624.7345132743362	153.2707182320442
27622	522.9646017699115	176.47513812154696
27649	522.9646017699115	176.47513812154696
27676	719.8672566371681	110.17679558011051
27705	670.0884955752213	52.7182320441989
27738	683.362831858407	215.14917127071823
27764	852.6106194690265	204.09944751381218
27793	852.6106194690265	204.09944751381218
27819	634.6902654867257	172.05524861878453
27847	723.1858407079645	132.27624309392266
27874	626.9469026548672	86.97237569060773
27905	722.0796460176991	52.7182320441989
27931	768.5398230088496	144.43093922651934
27958	701.0619469026549	182.0
27986	768.5398230088496	144.43093922651934
28015	504.1592920353982	62.66298342541437
28043	567.212389380531	98.02209944751382
28071	863.6725663716815	374.2651933701657
28101	863.6725663716815	374.2651933701657
28126	1209.9115044247787	556.585635359116
28184	1162.345132743363	594.1546961325967
28209	1111.4601769911505	594.1546961325967
28238	1111.4601769911505	594.1546961325967
28266	1224.2920353982302	558.7955801104972
28294	1190.0	566.5303867403316
28320	1190.0	566.5303867403316
28348	1320.5309734513276	576.475138121547
28376	1320.5309734513276	576.475138121547
28403	1237.5663716814158	614.0441988950276
28430	1237.5663716814158	614.0441988950276
28457	802.8318584070796	865.9779005524863
28486	769.646017699115	838.3535911602211
28510	736.4601769911504	839.4585635359116
28538	672.3008849557523	775.3701657458564
28566	672.3008849557523	775.3701657458564
28598	672.3008849557523	775.3701657458564
28625	642.433628318584	844.9834254143648
28656	642.433628318584	844.9834254143648
28689	614.7787610619469	827.3038674033149
28717	634.6902654867257	820.6740331491712
28743	625.8407079646017	852.7182320441989
28770	625.8407079646017	852.7182320441989
28794	655.70796460177	796.3646408839779
28821	626.9469026548672	788.6298342541437
28847	581.5929203539822	809.6243093922652
28874	568.3185840707965	871.5027624309392
28902	610.353982300885	856.0331491712708
28926	649.070796460177	830.6187845303867
28958	579.3805309734513	791.9447513812155
28984	609.2477876106195	822.8839779005525
29011	640.221238938053	799.6795580110498
29042	640.221238938053	799.6795580110498
29068	632.4778761061947	821.7790055248619
29097	553.9380530973451	799.6795580110498
29123	553.9380530973451	799.6795580110498
29149	620.3097345132743	990.8397790055249
29175	620.3097345132743	990.8397790055249
29206	476.50442477876106	904.6519337016574
29234	524.070796460177	829.5138121546962
29261	603.716814159292	889.182320441989
29291	579.3805309734513	838.3535911602211
29319	579.3805309734513	838.3535911602211
29345	628.0530973451328	882.5524861878453
29376	557.2566371681415	916.8066298342542
29405	540.6637168141592	870.3977900552486
29439	522.9646017699115	885.867403314917
29467	685.575221238938	807.4143646408841
29494	668.9823008849557	809.6243093922652
29521	660.1327433628319	859.3480662983426
29550	1134.6902654867256	711.2817679558011
29576	1102.6106194690267	741.1160220994476
29603	1116.9911504424779	707.9668508287293
29629	1174.513274336283	730.0662983425415
29660	1060.5752212389382	642.7734806629835
29690	1008.5840707964602	658.2430939226521
29717	1008.5840707964602	658.2430939226521
29744	1197.7433628318583	720.121546961326
29774	1239.7787610619469	682.5524861878454
29802	1312.787610619469	767.6353591160221
29830	1191.1061946902655	807.4143646408841
29857	1123.6283185840707	673.7127071823205
29885	1270.7522123893807	674.8176795580112
29914	1132.4778761061946	610.7292817679559
29941	1197.7433628318583	636.1436464088398
29969	1141.3274336283187	670.3977900552487
29996	1185.5752212389382	542.2209944751381
30023	1186.6814159292037	669.292817679558
30056	1186.6814159292037	669.292817679558
30082	1120.3097345132744	599.6795580110498
30109	1163.4513274336282	691.3922651933702
30138	1194.424778761062	638.3535911602211
30166	1107.0353982300885	651.6132596685084
30192	1270.7522123893807	753.2707182320443
30219	1196.6371681415928	786.4198895027624
30247	1196.6371681415928	786.4198895027624
30274	1157.9203539823009	626.1988950276243
30302	1154.6017699115043	607.4143646408841
30331	1215.442477876106	563.2154696132596
30359	1197.7433628318583	573.1602209944751
30386	1234.2477876106195	531.171270718232
30413	1330.4867256637167	675.9226519337017
30444	1315.0	726.7513812154697
30470	1256.371681415929	596.3646408839779
30498	1218.7610619469026	671.5027624309392
30524	1195.5309734513276	637.2486187845304
30551	1256.371681415929	602.9944751381215
30577	1195.5309734513276	637.2486187845304
30602	1361.4601769911505	566.5303867403316
30626	1220.9734513274336	586.4198895027624
30653	1220.9734513274336	586.4198895027624
30686	1268.5398230088497	605.2044198895028
30716	1233.141592920354	524.5414364640884
30743	1032.9203539823009	823.988950276243
30774	1032.9203539823009	823.988950276243
30800	1097.0796460176991	907.9668508287293
30826	1104.8230088495575	965.4254143646408
30852	1104.8230088495575	965.4254143646408
30879	1181.1504424778761	785.3149171270719
30906	1153.495575221239	910.1767955801105
30936	1113.6725663716813	683.6574585635359
30963	1151.283185840708	661.5580110497237
30989	1151.283185840708	484.76243093922653
31019	1151.283185840708	484.76243093922653
31045	1104.8230088495575	584.2099447513813
31071	1184.4690265486727	472.6077348066299
31100	1040.6637168141592	738.9060773480663
31129	1040.6637168141592	738.9060773480663
31157	1133.58407079646	678.132596685083
31181	1133.58407079646	678.132596685083
31211	1134.6902654867256	691.3922651933702
31239	1171.1946902654865	679.2375690607736
31272	986.4601769911504	633.9337016574585
31300	1017.433628318584	614.0441988950276
31326	1025.1769911504425	648.2983425414365
31355	1037.345132743363	717.9116022099448
31382	1028.495575221239	662.6629834254144
31406	1208.8053097345132	690.2872928176796
31436	1247.5221238938052	657.1381215469613
31460	1233.141592920354	639.4585635359117
31489	1182.2566371681417	694.707182320442
31516	1233.141592920354	639.4585635359117
31542	1084.9115044247787	594.1546961325967
31571	1084.9115044247787	594.1546961325967
31597	1067.212389380531	641.6685082872929
31623	1069.424778761062	607.4143646408841
31652	1069.424778761062	607.4143646408841
31678	1134.6902654867256	537.8011049723757
31704	1157.9203539823009	627.3038674033149
31730	1178.9380530973451	731.1712707182321
31757	1112.5663716814158	714.596685082873
31789	1121.4159292035397	674.8176795580112
31819	1151.283185840708	682.5524861878454
31846	1141.3274336283187	677.0276243093923
31875	910.1327433628319	738.9060773480663
31904	910.1327433628319	738.9060773480663
31931	556.1504424778761	746.6408839779006
31959	543.9823008849557	779.7900552486188
31986	543.9823008849557	779.7900552486188
32010	466.5486725663717	841.6685082872929
32038	466.5486725663717	841.6685082872929
32061	671.1946902654868	740.0110497237569
32090	547.3008849557523	814.0441988950278
32117	629.1592920353983	788.6298342541437
32144	595.9734513274336	820.6740331491712
32169	513.0088495575221	758.7955801104972
32198	479.82300884955754	844.9834254143648
32225	491.9911504424779	713.4917127071824
32253	444.42477876106193	758.7955801104972
32290	444.42477876106193	758.7955801104972
32317	444.42477876106193	758.7955801104972
32344	420.0884955752212	769.8453038674033
32373	420.0884955752212	769.8453038674033
32398	563.8938053097345	740.0110497237569
32425	563.8938053097345	740.0110497237569
32452	524.070796460177	768.7403314917128
32477	597.0796460176991	847.1933701657459
32506	543.9823008849557	852.7182320441989
32534	616.9911504424779	850.5082872928177
32561	569.4247787610619	873.7127071823204
32587	618.0973451327434	828.4088397790056
32614	486.46017699115043	869.2928176795581
32641	486.46017699115043	869.2928176795581
32672	493.0973451327433	946.6408839779007
32702	534.0265486725664	914.596685082873
32727	528.4955752212389	925.6464088397789
32753	504.1592920353982	809.6243093922652
32780	528.4955752212389	809.6243093922652
32805	754.1592920353983	837.2486187845304
32839	801.7256637168142	788.6298342541437
32865	1103.7168141592922	770.950276243094
32892	1103.7168141592922	770.950276243094
32917	1099.2920353982302	737.8011049723757
32943	1081.5929203539822	671.5027624309392
32970	1056.1504424778761	652.7182320441989
32996	1135.796460176991	776.475138121547
33022	1146.858407079646	844.9834254143648
33050	1198.8495575221239	710.1767955801106
33076	1144.6460176991152	738.9060773480663
33104	1144.6460176991152	738.9060773480663
33130	1222.0796460176991	823.988950276243
33157	1157.9203539823009	798.5745856353591
33185	1157.9203539823009	798.5745856353591
33213	1167.8761061946902	665.9779005524863
33242	1151.283185840708	679.2375690607736
33272	1063.8938053097345	663.767955801105
33305	1109.2477876106195	669.292817679558
33329	1379.159292035398	615.1491712707183
33356	1223.1858407079646	694.707182320442
33383	1167.8761061946902	695.8121546961327
33407	1205.4867256637167	702.4419889502763
33439	1205.4867256637167	702.4419889502763
33467	1122.5221238938052	597.4696132596686
33495	1068.3185840707965	740.0110497237569
33520	1061.6814159292037	734.4861878453039
33547	1138.0088495575221	690.2872928176796
33576	1138.0088495575221	690.2872928176796
33607	1144.6460176991152	665.9779005524863
33655	1130.2654867256635	659.3480662983426
33681	1162.345132743363	679.2375690607736
33709	1078.274336283186	627.3038674033149
33735	1190.0	531.171270718232
33760	1100.3982300884957	544.4309392265193
33789	1203.274336283186	736.6961325966852
33815	1050.6194690265486	754.3756906077349
33842	1141.3274336283187	778.6850828729282
33867	1237.5663716814158	668.1878453038674
33895	1217.654867256637	725.646408839779
33921	1236.4601769911505	595.2596685082874
33956	1236.4601769911505	595.2596685082874
33982	1236.4601769911505	595.2596685082874
34009	1232.0353982300885	617.3591160220994
34036	1086.0176991150443	642.7734806629835
34060	1244.203539823009	650.5082872928177
34088	1166.7699115044247	671.5027624309392
34115	1166.7699115044247	671.5027624309392
34141	799.5132743362832	846.0883977900553
34170	785.1327433628319	920.121546961326
34200	650.1769911504425	794.1546961325967
34229	601.5044247787611	780.8950276243095
34254	490.88495575221236	807.4143646408841
34281	664.5575221238937	822.8839779005525
34308	653.4955752212389	751.060773480663
34340	659.0265486725664	847.1933701657459
34367	659.0265486725664	847.1933701657459
34392	659.0265486725664	847.1933701657459
34421	647.9646017699115	807.4143646408841
34448	696.637168141593	836.1436464088397
34474	722.0796460176991	836.1436464088397
34503	767.433628318584	812.939226519337
34529	805.0442477876106	851.6132596685082
34559	805.0442477876106	851.6132596685082
34585	722.0796460176991	911.2817679558011
34611	778.4955752212389	895.8121546961327
34637	739.7787610619469	900.2320441988951
34667	680.0442477876106	807.4143646408841
34693	683.362831858407	785.3149171270719
34722	628.0530973451328	879.2375690607735
34755	628.0530973451328	879.2375690607735
34786	628.0530973451328	879.2375690607735
34813	584.9115044247787	856.0331491712708
34840	543.9823008849557	819.5690607734807
34869	623.6283185840707	822.8839779005525
34897	623.6283185840707	822.8839779005525
34928	797.3008849557523	838.3535911602211
34955	797.3008849557523	838.3535911602211
34982	797.3008849557523	838.3535911602211
35010	826.0619469026549	832.8287292817681
35036	826.0619469026549	832.8287292817681
35063	809.4690265486726	865.9779005524863
35091	840.4424778761062	899.1270718232045
35117	767.433628318584	945.53591160221
35144	750.8407079646017	871.5027624309392
35171	750.8407079646017	871.5027624309392
35196	812.787610619469	920.121546961326
35224	813.8938053097345	895.8121546961327
35251	788.4513274336283	925.6464088397789
35277	795.0884955752213	846.0883977900553
35305	795.0884955752213	846.0883977900553
35331	895.7522123893805	861.5580110497237
35358	895.7522123893805	861.5580110497237
35388	895.7522123893805	872.60773480663
35414	895.7522123893805	872.60773480663
35441	895.7522123893805	872.60773480663
35472	826.0619469026549	734.4861878453039
35500	826.0619469026549	734.4861878453039
35527	923.4070796460177	831.7237569060774
35558	934.4690265486726	807.4143646408841
35585	934.4690265486726	807.4143646408841
35609	704.3805309734513	839.4585635359116
35636	673.4070796460177	886.9723756906078
35662	823.8495575221239	961.0055248618785
35690	833.8053097345132	937.8011049723757
35715	838.2300884955753	912.3867403314919
35742	798.4070796460177	766.5303867403316
35770	702.1681415929203	847.1933701657459
35801	769.646017699115	877.0276243093923
35827	861.4601769911504	923.4364640883978
35852	831.5929203539822	823.988950276243
35879	787.3451327433628	882.5524861878453
35905	823.8495575221239	864.8729281767955
35939	716.5486725663717	931.1712707182321
35967	639.1150442477876	832.8287292817681
35994	517.433628318584	806.3093922651934
36022	517.433628318584	806.3093922651934
36050	517.433628318584	806.3093922651934
36076	447.7433628318584	831.7237569060774
36107	521.858407079646	814.0441988950278
36136	535.1327433628319	810.7292817679559
36163	496.4159292035398	772.0552486187846
36188	495.3097345132743	652.7182320441989
36215	618.0973451327434	584.2099447513813
36243	479.82300884955754	685.8674033149172
36270	566.1061946902655	665.9779005524863
36306	432.25663716814154	661.5580110497237
36333	576.0619469026549	618.4640883977901
36360	482.0353982300885	569.8453038674033
36386	532.9203539823009	616.2541436464089
36413	532.9203539823009	616.2541436464089
36443	532.9203539823009	616.2541436464089
36472	634.6902654867257	390.8397790055248
36501	675.6194690265487	431.7237569060773
36528	589.3362831858408	477.02762430939225
36555	589.3362831858408	477.02762430939225
36582	680.0442477876106	490.28729281767954
36609	380.26548672566366	576.475138121547
36636	380.26548672566366	576.475138121547
36664	276.2831858407079	523.4364640883978
36694	276.2831858407079	523.4364640883978
36721	182.2566371681416	354.3756906077348
36748	182.2566371681416	354.3756906077348
36775	182.2566371681416	354.3756906077348
36803	342.6548672566372	401.8895027624309
36829	342.6548672566372	401.8895027624309
36856	342.6548672566372	401.8895027624309
36883	341.5486725663717	404.09944751381215
36910	288.4513274336283	299.1270718232044
36938	434.46902654867256	426.1988950276243
36963	434.46902654867256	426.1988950276243
36989	446.63716814159295	391.94475138121544
37016	446.63716814159295	391.94475138121544
37047	446.63716814159295	391.94475138121544
37074	355.929203539823	426.1988950276243
37099	355.929203539823	426.1988950276243
37127	401.2831858407079	300.232044198895
37155	411.23893805309734	294.707182320442
37190	1222.0796460176991	580.8950276243095
37224	1099.2920353982302	511.28176795580106
37257	1121.4159292035397	540.0110497237569
37289	1547.300884955752	517.9116022099447
37318	1312.787610619469	608.5193370165746
37343	1326.0619469026549	478.13259668508283
37375	1272.9646017699115	527.8563535911602
37402	1243.0973451327434	565.4254143646408
37432	1267.4336283185842	701.3370165745857
37462	1415.6637168141592	564.3204419889503
37494	1415.6637168141592	564.3204419889503
37519	1441.1061946902655	514.5966850828729
37545	1459.9115044247787	428.40883977900546
37572	1204.3805309734512	565.4254143646408
37606	1327.1681415929204	490.28729281767954
37639	1380.2654867256635	423.98895027624303
37672	1290.6637168141592	458.24309392265195
37702	1264.1150442477876	586.4198895027624
37727	1352.6106194690267	608.5193370165746
37755	1352.6106194690267	608.5193370165746
37787	1251.9469026548672	503.5469613259668
37813	1361.4601769911505	464.8729281767956
37838	1361.4601769911505	464.8729281767956
37867	1292.8761061946902	595.2596685082874
37898	1289.5575221238937	684.7624309392265
37926	1307.2566371681417	554.3756906077348
37955	1386.9026548672566	524.5414364640884
37980	1238.6725663716813	478.13259668508283
38008	1238.6725663716813	478.13259668508283
38034	1238.6725663716813	478.13259668508283
38059	1092.654867256637	473.71270718232046
38090	1170.0884955752213	506.8618784530386
38117	1170.0884955752213	506.8618784530386
