time	x	y
1	431.6725978647687	542.7911111111111
32	391.6370106761566	696.5688888888889
61	522.4199288256228	587.2355555555555
87	290.2135231316726	660.1244444444444
113	340.9252669039146	606.7911111111111
147	350.71174377224196	547.2355555555556
174	362.2775800711744	695.6800000000001
200	162.09964412811388	666.3466666666667
229	195.01779359430606	721.4577777777778
258	372.95373665480423	437.0133333333333
286	158.5409252669039	557.9022222222222
315	235.05338078291814	591.6800000000001
342	468.14946619217085	880.568888888889
371	599.8220640569396	708.1244444444445
415	565.1245551601423	390.7911111111111
444	456.5836298932385	146.34666666666664
473	609.608540925267	560.5688888888889
500	458.36298932384346	491.2355555555555
524	502.846975088968	616.5688888888889
548	374.7330960854092	274.34666666666664
575	520.6405693950178	738.3466666666666
602	481.4946619217082	589.0133333333333
632	395.19572953736656	555.2355555555556
669	396.085409252669	680.5688888888889
698	563.3451957295374	669.9022222222222
731	229.7153024911032	597.9022222222222
775	228.8256227758007	605.9022222222222
799	194.12811387900356	498.3466666666667
837	33.09608540925266	390.7911111111111
871	47.33096085409252	519.68
898	70.46263345195729	428.1244444444444
932	108.7188612099644	533.0133333333333
965	115.83629893238432	573.0133333333333
993	291.1032028469751	421.0133333333333
1017	190.56939501779357	421.9022222222222
1046	162.98932384341634	296.56888888888886
1072	211.03202846975088	223.67999999999998
1101	338.2562277580071	331.23555555555555
1131	146.97508896797152	333.0133333333333
1154	108.7188612099644	158.7911111111111
1181	68.6832740213523	335.67999999999995
1216	130.07117437722417	163.23555555555552
1265	219.0391459074733	197.9022222222222
1292	134.51957295373666	250.34666666666666
1325	165.65836298932382	367.68
1360	309.7864768683274	367.68
1388	186.12099644128114	286.7911111111111
1415	250.17793594306048	170.34666666666664
1445	238.6120996441281	317.0133333333333
1475	197.6868327402135	237.90222222222218
1504	205.69395017793593	203.23555555555552
1531	17.971530249110312	81.45777777777778
1560	308.8967971530249	246.7911111111111
1584	285.7651245551601	231.67999999999998
1615	236.83274021352312	161.45777777777778
1643	306.2277580071174	181.9022222222222
1679	306.2277580071174	260.1244444444444
1703	219.0391459074733	140.12444444444444
1731	193.23843416370107	230.7911111111111
1758	219.0391459074733	206.7911111111111
1787	256.4056939501779	227.23555555555555
1814	82.02846975088967	-73.2088888888889
1844	164.76868327402133	-35.87555555555556
1872	240.3914590747331	78.7911111111111
1901	270.6405693950178	172.12444444444444
1949	244.83985765124555	-10.097777777777777
1985	314.2348754448399	102.79111111111112
2031	388.0782918149466	133.9022222222222
2059	424.5551601423487	173.01333333333332
2090	356.9395017793594	218.34666666666664
2114	356.9395017793594	218.34666666666664
2143	255.5160142348754	217.45777777777775
2171	388.0782918149466	306.34666666666664
2200	267.0818505338078	126.79111111111109
2228	308.8967971530249	366.7911111111111
2283	345.373665480427	374.7911111111111
2319	390.7473309608541	291.23555555555555
2346	198.576512455516	246.7911111111111
2376	332.02846975088966	256.56888888888886
2400	283.0960854092527	261.90222222222224
2430	366.7259786476868	139.23555555555552
2462	186.12099644128114	253.9022222222222
2485	372.06405693950177	236.12444444444444
2512	227.04626334519574	208.5688888888889
2539	256.4056939501779	316.1244444444444
2569	517.9715302491104	544.5688888888889
2598	470.81850533807835	1066.3466666666668
2626	592.7046263345196	843.2355555555555
2654	828.4697508896797	577.4577777777778
2681	828.4697508896797	453.0133333333334
2708	416.5480427046263	372.1244444444444
2737	654.982206405694	441.4577777777778
2765	498.3985765124556	295.68
2792	574.0213523131673	308.1244444444444
2827	372.06405693950177	113.45777777777776
2855	489.5017793594306	139.23555555555552
2880	611.3879003558719	155.23555555555555
2909	718.1494661921708	182.7911111111111
2940	662.0996441281139	130.34666666666666
2969	605.1601423487544	285.0133333333333
3003	525.9786476868328	171.23555555555555
3031	447.68683274021356	188.12444444444444
3060	537.5444839857652	252.1244444444444
3087	537.5444839857652	252.1244444444444
3115	511.743772241993	211.23555555555552
3144	416.5480427046263	47.68
3173	517.9715302491104	221.01333333333332
3198	359.6085409252669	216.56888888888886
3228	445.9074733096085	172.12444444444444
3261	467.2597864768684	197.01333333333332
3289	510.85409252669047	230.7911111111111
3318	598.0427046263346	179.23555555555555
3347	662.0996441281139	186.34666666666666
3374	645.1957295373666	157.9022222222222
3398	712.811387900356	281.4577777777778
3422	434.34163701067615	125.01333333333334
3451	436.1209964412811	227.23555555555555
3481	536.6548042704626	93.90222222222222
3508	690.5693950177937	117.90222222222222
3547	511.743772241993	117.90222222222222
3616	579.3594306049823	258.34666666666664
3654	738.6120996441281	154.34666666666666
3685	682.5622775800713	189.01333333333332
3714	693.2384341637011	162.34666666666666
3740	747.508896797153	184.56888888888886
3768	574.9110320284698	223.67999999999998
3797	630.0711743772242	73.45777777777778
3827	534.8754448398577	205.9022222222222
3856	376.5124555160142	140.12444444444444
3883	317.7935943060498	226.34666666666666
3907	485.0533807829182	68.12444444444445
3935	447.68683274021356	151.68
3982	318.6832740213523	245.0133333333333
4009	219.0391459074733	85.01333333333334
4038	342.70462633451956	173.01333333333332
4069	408.5409252669039	188.12444444444444
4115	348.0427046263345	51.23555555555556
4143	356.9395017793594	149.01333333333332
4171	332.9181494661921	37.90222222222222
4199	354.270462633452	105.45777777777778
4230	502.846975088968	165.9022222222222
4257	437.9003558718861	321.4577777777778
4283	458.36298932384346	101.90222222222222
4315	444.12811387900354	190.7911111111111
4348	299.1103202846975	46.791111111111114
4382	404.98220640569394	69.01333333333334
4416	421.8861209964413	238.7911111111111
4465	687.0106761565836	134.7911111111111
4499	513.5231316725979	109.9022222222222
4532	598.0427046263346	117.01333333333332
4566	590.9252669039147	84.12444444444445
4600	671.8861209964413	359.68
4632	289.3238434163701	929.4577777777779
4670	637.1886120996442	630.7911111111111
4699	562.455516014235	775.6800000000001
4731	788.4341637010676	693.9022222222222
4760	292.88256227758006	497.4577777777777
4789	524.1992882562278	387.23555555555555
4824	372.06405693950177	43.23555555555556
4856	204.80427046263344	341.9022222222222
4889	533.0960854092527	253.9022222222222
4919	385.4092526690391	262.7911111111111
4945	332.9181494661921	202.34666666666666
4979	428.1138790035587	302.7911111111111
5003	186.12099644128114	293.0133333333333
5031	247.50889679715303	155.23555555555555
5065	125.62277580071174	227.23555555555555
5115	527.7580071174378	69.90222222222222
5143	250.17793594306048	24.56888888888889
5169	429.0035587188612	234.34666666666666
5197	390.7473309608541	129.45777777777775
5224	314.2348754448399	165.9022222222222
5253	293.7722419928825	187.23555555555552
5282	504.62633451957294	157.01333333333332
5316	449.4661921708185	141.9022222222222
5348	495.7295373665481	229.90222222222224
5384	382.7402135231317	168.5688888888889
5412	545.5516014234876	240.56888888888886
5441	541.9928825622776	181.01333333333332
5467	720.8185053380784	252.1244444444444
5515	485.9430604982207	168.5688888888889
5546	607.829181494662	222.79111111111112
5574	653.202846975089	192.56888888888886
5601	642.5266903914592	221.90222222222224
5630	384.5195729537366	167.67999999999998
5656	499.28825622775804	143.67999999999998
5683	473.4875444839858	12.124444444444444
5712	486.8327402135232	271.67999999999995
5748	629.1814946619218	24.56888888888889
5779	373.84341637010675	262.7911111111111
5809	410.32028469750884	261.90222222222224
5835	527.7580071174378	295.68
5863	567.7935943060498	126.79111111111109
5889	359.6085409252669	291.23555555555555
5914	338.2562277580071	169.45777777777778
5942	458.36298932384346	141.9022222222222
5968	356.9395017793594	151.68
5997	465.4804270462634	97.45777777777778
6021	547.3309608540926	165.01333333333332
6049	458.36298932384346	70.79111111111112
6076	387.1886120996441	297.4577777777778
6105	424.5551601423487	157.9022222222222
6129	329.3594306049822	4.124444444444445
6163	406.7615658362989	172.12444444444444
6191	357.8291814946619	216.56888888888886
6223	553.55871886121	126.79111111111109
6255	444.12811387900354	185.45777777777778
6280	410.32028469750884	153.45777777777775
6309	404.0925266903915	229.90222222222224
6335	528.6476868327402	42.346666666666664
6363	417.43772241992883	44.12444444444444
6393	421.8861209964413	176.5688888888889
6429	466.37010676156586	-18.097777777777775
6460	390.7473309608541	121.45777777777778
6489	356.9395017793594	162.34666666666666
6518	274.19928825622776	243.23555555555555
6546	335.5871886120996	187.23555555555552
6573	330.2491103202847	-54.54222222222222
6620	366.7259786476868	-27.875555555555554
6645	662.0996441281139	17.45777777777778
6670	98.93238434163699	147.23555555555555
6695	266.1921708185053	62.79111111111111
6719	307.1174377224199	127.67999999999999
6749	467.2597864768684	61.01333333333333
6774	456.5836298932385	36.12444444444444
6810	175.44483985765126	77.90222222222224
6835	406.7615658362989	125.9022222222222
6865	129.1814946619217	68.12444444444445
6900	117.61565836298932	78.7911111111111
6932	161.2099644128114	107.23555555555555
6965	166.54804270462634	1.4577777777777783
7000	256.4056939501779	-2.097777777777777
7032	180.78291814946618	140.12444444444444
7065	302.6690391459075	38.79111111111111
7098	87.36654804270462	21.013333333333335
7132	142.52669039145908	93.01333333333334
7165	373.84341637010675	133.9022222222222
7198	379.1814946619217	149.01333333333332
7233	297.3309608540925	204.1244444444444
7281	230.60498220640568	-4.764444444444444
7315	304.44839857651243	193.45777777777778
7343	300.0	201.45777777777778
7375	657.6512455516015	269.0133333333333
7403	176.33451957295372	36.12444444444444
7431	203.02491103202846	60.12444444444445
7482	153.20284697508896	99.23555555555555
7511	334.69750889679716	245.0133333333333
7565	371.17437722419925	63.68000000000001
7616	390.7473309608541	342.7911111111111
7661	490.3914590747331	82.34666666666666
7689	154.09252669039145	392.56888888888886
7718	396.9750889679715	33.45777777777778
7765	553.55871886121	234.34666666666666
7801	563.3451957295374	174.7911111111111
7829	481.4946619217082	111.68
7859	481.4946619217082	111.68
7887	581.1387900355872	128.56888888888886
7932	624.7330960854093	203.23555555555552
7965	501.067615658363	204.1244444444444
7990	523.3096085409253	237.01333333333335
8016	523.3096085409253	237.01333333333335
8042	574.0213523131673	134.7911111111111
8067	534.8754448398577	247.67999999999998
8095	361.38790035587186	934.7911111111111
8119	351.6014234875445	679.6800000000001
8165	318.6832740213523	763.2355555555556
8198	730.6049822064057	746.3466666666666
8238	606.9395017793595	516.1244444444445
8272	417.43772241992883	333.9022222222222
8299	538.4341637010676	322.34666666666664
8327	470.81850533807835	326.79111111111115
8353	470.81850533807835	326.79111111111115
8381	567.7935943060498	284.12444444444446
8410	574.0213523131673	357.0133333333333
8436	470.81850533807835	253.01333333333332
8482	660.3202846975089	324.12444444444446
8523	605.1601423487544	277.90222222222224
8549	584.6975088967972	333.0133333333333
8578	584.6975088967972	333.0133333333333
8606	558.896797153025	50.346666666666664
8633	528.6476868327402	144.5688888888889
8663	577.5800711743773	162.34666666666666
8691	690.5693950177937	302.7911111111111
8717	472.59786476868334	79.67999999999999
8747	561.5658362989324	149.01333333333332
8773	474.3772241992883	159.67999999999998
8797	460.14234875444845	53.013333333333335
8825	426.3345195729537	227.23555555555555
8854	691.4590747330961	78.7911111111111
8882	691.4590747330961	78.7911111111111
8915	736.8327402135232	204.1244444444444
8948	632.7402135231317	167.67999999999998
8981	653.202846975089	69.90222222222222
9015	612.2775800711744	169.45777777777778
9055	489.5017793594306	79.67999999999999
9098	409.4306049822064	111.68
9136	554.4483985765125	46.791111111111114
9167	556.2277580071175	171.23555555555555
9198	605.1601423487544	80.56888888888889
9232	589.1459074733096	210.34666666666664
9258	547.3309608540926	170.34666666666664
9315	621.1743772241994	-18.097777777777775
9344	664.7686832740214	134.7911111111111
9377	787.5444839857652	173.01333333333332
9406	652.3131672597865	52.12444444444444
9433	705.693950177936	87.68
9463	554.4483985765125	215.68
9497	779.5373665480428	153.45777777777775
9526	797.3309608540926	138.34666666666666
9551	780.4270462633452	77.90222222222224
9579	815.1245551601423	57.45777777777777
9607	895.1957295373666	139.23555555555552
9634	755.5160142348755	173.9022222222222
9661	791.9928825622776	181.9022222222222
9698	711.9217081850534	127.67999999999999
9733	820.4626334519573	121.45777777777778
9766	685.2313167259787	238.7911111111111
9798	706.5836298932385	100.12444444444444
9832	659.4306049822064	100.12444444444444
9865	500.1779359430606	184.56888888888886
9898	655.8718861209965	185.45777777777778
9932	656.7615658362989	106.34666666666668
9959	743.9501779359431	89.45777777777778
10016	755.5160142348755	159.67999999999998
10047	674.5551601423489	165.01333333333332
10074	605.1601423487544	192.56888888888886
10104	685.2313167259787	213.01333333333332
10131	528.6476868327402	52.12444444444444
10159	625.6227758007118	37.01333333333333
10198	430.7829181494662	906.3466666666667
10231	511.743772241993	631.68
10265	445.9074733096085	925.0133333333334
10288	360.4982206405694	912.568888888889
10316	736.8327402135232	631.68
10342	729.7153024911033	507.23555555555555
10366	831.1387900355872	406.7911111111111
10393	807.1174377224199	311.68
10422	721.7081850533808	235.23555555555555
10450	767.9715302491104	156.1244444444444
10475	750.1779359430606	198.7911111111111
10504	769.7508896797154	335.67999999999995
10536	737.7224199288257	95.67999999999999
10572	722.5978647686833	199.67999999999998
10603	819.5729537366549	191.67999999999998
10631	756.405693950178	162.34666666666666
10656	756.405693950178	162.34666666666666
10682	845.3736654804271	202.34666666666666
10707	694.1281138790036	69.90222222222222
10736	847.153024911032	139.23555555555552
10762	824.9110320284698	135.67999999999998
10785	824.9110320284698	135.67999999999998
10813	952.135231316726	232.56888888888886
10840	878.2918149466192	274.34666666666664
10868	743.9501779359431	312.5688888888889
10896	725.2669039145908	132.12444444444444
10927	854.270462633452	236.12444444444444
10963	809.7864768683274	171.23555555555555
10992	724.3772241992883	181.9022222222222
11032	695.9074733096086	211.23555555555552
11065	721.7081850533808	106.34666666666668
11098	734.1637010676158	4.124444444444445
11132	849.8220640569396	141.01333333333332
11160	731.4946619217083	146.34666666666664
11186	731.4946619217083	146.34666666666664
11220	964.5907473309609	141.01333333333332
11250	887.1886120996442	224.56888888888886
11281	939.6797153024912	164.12444444444444
11316	848.0427046263346	-43.87555555555556
11349	772.4199288256228	187.23555555555552
11382	916.5480427046264	185.45777777777778
11416	876.5124555160143	262.7911111111111
11461	805.338078291815	304.56888888888886
11498	592.7046263345196	269.0133333333333
11532	590.0355871886121	149.9022222222222
11566	538.4341637010676	29.013333333333335
11615	608.7188612099644	237.90222222222218
11641	718.1494661921708	163.23555555555552
11676	377.4021352313167	184.56888888888886
11708	458.36298932384346	184.56888888888886
11741	501.9572953736655	152.5688888888889
11767	431.6725978647687	198.7911111111111
11792	414.7686832740213	105.45777777777778
11821	544.6619217081851	188.12444444444444
11848	416.5480427046263	116.12444444444444
11877	437.9003558718861	130.34666666666666
11904	548.220640569395	48.56888888888889
11929	484.1637010676157	197.01333333333332
11958	382.7402135231317	57.45777777777777
11986	427.2241992882562	173.9022222222222
12032	604.270462633452	226.34666666666666
12061	558.896797153025	274.34666666666664
12088	751.9572953736655	318.7911111111111
12118	751.9572953736655	318.7911111111111
12146	736.8327402135232	332.12444444444446
12171	763.5231316725979	177.45777777777775
12196	721.7081850533808	318.7911111111111
12226	792.8825622775802	213.9022222222222
12264	587.3665480427047	253.9022222222222
12296	278.6476868327402	250.34666666666666
12326	320.4626334519573	141.9022222222222
12354	393.4163701067616	45.90222222222222
12384	394.30604982206404	283.23555555555555
12428	630.9608540925268	127.67999999999999
12465	376.5124555160142	223.67999999999998
12498	214.59074733096085	220.12444444444444
12532	270.6405693950178	38.79111111111111
12565	159.4306049822064	144.5688888888889
12606	280.4270462633452	169.45777777777778
12632	240.3914590747331	135.67999999999998
12665	206.58362989323842	133.01333333333332
12699	369.3950177935943	203.23555555555552
12733	458.36298932384346	149.9022222222222
12760	339.1459074733096	222.79111111111112
12788	339.1459074733096	222.79111111111112
12814	534.8754448398577	-3.875555555555555
12840	732.3843416370107	207.68
12869	631.8505338078292	333.0133333333333
12897	446.79715302491104	295.68
12925	446.79715302491104	295.68
12954	459.252669039146	38.79111111111111
12991	335.5871886120996	459.23555555555555
13023	562.455516014235	715.2355555555555
13049	606.049822064057	709.0133333333333
13077	646.0854092526691	705.4577777777778
13103	568.6832740213523	595.2355555555555
13140	504.62633451957294	629.9022222222222
13168	500.1779359430606	333.0133333333333
13198	596.2633451957296	87.68
13224	609.608540925267	150.7911111111111
13248	609.608540925267	150.7911111111111
13283	577.5800711743773	211.23555555555552
13317	536.6548042704626	135.67999999999998
13348	606.049822064057	75.23555555555555
13398	686.1209964412812	132.12444444444444
13429	707.473309608541	123.23555555555555
13458	564.2348754448399	315.23555555555555
13486	666.5480427046264	302.7911111111111
13515	732.3843416370107	197.01333333333332
13547	457.473309608541	253.9022222222222
13589	637.1886120996442	298.3466666666667
13618	577.5800711743773	253.01333333333332
13645	674.5551601423489	271.67999999999995
13682	643.4163701067615	260.1244444444444
13715	716.3701067615659	316.1244444444444
13748	602.4911032028471	223.67999999999998
13782	516.1921708185054	167.67999999999998
13808	581.1387900355872	263.68
13832	585.5871886120997	262.7911111111111
13860	660.3202846975089	140.12444444444444
13888	586.4768683274021	113.45777777777776
13917	616.7259786476868	253.01333333333332
13945	746.6192170818505	219.23555555555555
13981	554.4483985765125	138.34666666666666
14016	566.0142348754449	169.45777777777778
14045	540.2135231316726	202.34666666666666
14069	598.9323843416371	68.12444444444445
14097	660.3202846975089	79.67999999999999
14125	759.9644128113879	217.45777777777775
14154	646.9750889679716	191.67999999999998
14182	517.9715302491104	190.7911111111111
14232	911.2099644128115	122.34666666666665
14262	771.5302491103203	165.01333333333332
14286	771.5302491103203	165.01333333333332
14316	815.1245551601423	180.12444444444444
14349	694.1281138790036	79.67999999999999
14399	934.3416370106762	138.34666666666666
14439	832.9181494661923	125.9022222222222
14465	998.3985765124555	40.568888888888885
14516	840.9252669039147	78.7911111111111
14547	811.5658362989324	243.23555555555555
14583	727.9359430604983	173.9022222222222
14632	861.3879003558719	239.67999999999998
14665	671.8861209964413	252.1244444444444
14698	730.6049822064057	153.45777777777775
14732	687.0106761565836	195.23555555555555
14766	791.1032028469751	229.01333333333332
14815	639.8576512455516	364.1244444444444
14848	793.7722419928826	277.0133333333333
14882	735.9430604982207	157.01333333333332
14915	639.8576512455516	124.12444444444444
14948	952.135231316726	225.45777777777775
14981	748.3985765124555	133.01333333333332
15006	707.473309608541	229.90222222222224
15033	895.1957295373666	311.68
15065	953.914590747331	550.7911111111111
15093	732.3843416370107	339.23555555555555
15120	732.3843416370107	339.23555555555555
15148	712.811387900356	581.0133333333333
15177	382.7402135231317	692.1244444444444
15200	643.4163701067615	735.68
15229	959.252669039146	597.0133333333333
15259	762.6334519572954	459.23555555555555
15283	735.9430604982207	453.90222222222224
15308	747.508896797153	157.9022222222222
15337	894.3060498220641	118.79111111111109
15360	799.1103202846975	147.23555555555555
15387	730.6049822064057	277.0133333333333
15415	794.6619217081851	116.12444444444444
15441	801.779359430605	218.34666666666664
15468	832.9181494661923	124.12444444444444
15492	672.7758007117438	263.68
15522	672.7758007117438	263.68
15546	784.8754448398577	230.7911111111111
15570	841.814946619217	234.34666666666666
15595	775.0889679715302	173.01333333333332
15623	650.5338078291816	265.4577777777777
15651	650.5338078291816	265.4577777777777
15678	605.1601423487544	235.23555555555555
15706	716.3701067615659	104.56888888888889
15737	793.7722419928826	93.01333333333334
15767	684.3416370106762	48.56888888888889
15799	705.693950177936	103.67999999999999
15830	791.9928825622776	197.01333333333332
15858	771.5302491103203	189.9022222222222
15886	818.6832740213523	81.45777777777778
15915	798.220640569395	98.34666666666666
15943	750.1779359430606	176.5688888888889
15970	844.4839857651247	93.90222222222222
16000	662.9893238434164	246.7911111111111
16027	929.8932384341637	132.12444444444444
16055	929.8932384341637	132.12444444444444
16083	703.0249110320285	142.7911111111111
16111	800.8896797153026	132.12444444444444
16138	661.2099644128115	67.23555555555556
16165	801.779359430605	149.01333333333332
16194	801.779359430605	149.01333333333332
16225	668.3274021352313	148.12444444444444
16255	873.8434163701068	134.7911111111111
16283	915.6583629893239	193.45777777777778
16312	751.9572953736655	132.12444444444444
16343	817.7935943060498	257.4577777777778
16373	886.2989323843417	155.23555555555555
16402	883.6298932384342	161.45777777777778
16431	917.4377224199288	43.23555555555556
16458	868.5053380782919	-26.097777777777775
16486	593.5943060498221	67.23555555555556
16515	837.3665480427047	-29.653333333333332
16549	805.338078291815	-60.76444444444444
16582	411.20996441281136	173.01333333333332
16616	598.0427046263346	-26.097777777777775
16648	541.1032028469751	172.12444444444444
16682	517.0818505338078	197.9022222222222
16721	485.0533807829182	58.34666666666667
16749	563.3451957295374	136.56888888888886
16781	568.6832740213523	81.45777777777778
16815	493.0604982206406	216.56888888888886
16848	572.2419928825623	109.9022222222222
16877	414.7686832740213	139.23555555555552
16907	439.6797153024911	96.56888888888889
16935	519.7508896797154	4.124444444444445
16962	509.96441281138794	-12.764444444444445
16990	412.98932384341634	120.56888888888888
17019	654.0925266903915	130.34666666666666
17065	461.03202846975097	188.12444444444444
17116	493.0604982206406	128.56888888888886
17165	749.2882562277581	60.12444444444445
17193	682.5622775800713	78.7911111111111
17222	535.7651245551602	142.7911111111111
17260	561.5658362989324	221.01333333333332
17295	530.4270462633452	106.34666666666668
17323	396.9750889679715	46.791111111111114
17356	396.085409252669	74.34666666666668
17390	412.98932384341634	42.346666666666664
17426	550.0	24.56888888888889
17461	409.4306049822064	55.67999999999999
17489	409.4306049822064	55.67999999999999
17522	458.36298932384346	241.45777777777778
17562	443.2384341637011	153.45777777777775
17591	424.5551601423487	-13.653333333333334
17619	424.5551601423487	-13.653333333333334
17644	366.7259786476868	49.45777777777778
17672	354.270462633452	95.67999999999999
17700	530.4270462633452	50.346666666666664
17729	530.4270462633452	50.346666666666664
17763	293.7722419928825	138.34666666666666
17800	789.3238434163702	87.68
17828	789.3238434163702	87.68
17854	602.4911032028471	125.9022222222222
17887	625.6227758007118	88.56888888888889
17914	687.9003558718862	142.7911111111111
17944	445.01779359430606	194.34666666666664
17972	180.78291814946618	456.56888888888886
17996	475.2669039145908	686.791111111111
18024	540.2135231316726	827.2355555555555
18052	390.7473309608541	452.1244444444444
18079	390.7473309608541	365.0133333333333
18109	240.3914590747331	225.45777777777775
18137	515.3024911032029	237.90222222222218
18189	370.2846975088968	-42.986666666666665
18212	490.3914590747331	39.68
18239	329.3594306049822	202.34666666666666
18268	362.2775800711744	145.45777777777778
18297	379.1814946619217	79.67999999999999
18319	429.8932384341637	84.12444444444445
18349	463.70106761565836	30.791111111111114
18379	419.2170818505338	223.67999999999998
18407	653.202846975089	300.1244444444444
18436	653.202846975089	300.1244444444444
18482	573.1316725978648	354.3466666666667
18514	613.1672597864768	278.7911111111111
18542	681.6725978647687	217.45777777777775
18570	456.5836298932385	301.0133333333333
18597	451.2455516014235	301.0133333333333
18625	451.2455516014235	301.0133333333333
18653	518.8612099644129	287.68
18681	308.8967971530249	481.4577777777778
18708	306.2277580071174	772.1244444444444
18734	369.3950177935943	699.2355555555555
18782	614.9466192170819	687.6800000000001
18810	506.405693950178	610.3466666666667
18837	493.0604982206406	356.1244444444444
18865	451.2455516014235	381.90222222222224
18892	570.4626334519573	282.34666666666664
18921	569.5729537366549	161.45777777777778
18949	316.9039145907473	261.90222222222224
18982	550.8896797153026	254.7911111111111
19015	582.0284697508897	267.23555555555555
19048	571.3523131672599	267.23555555555555
19082	367.61565836298934	396.1244444444444
19116	524.1992882562278	161.45777777777778
19149	281.31672597864764	168.5688888888889
19182	321.35231316725975	136.56888888888886
19215	586.4768683274021	176.5688888888889
19249	295.5516014234875	84.12444444444445
19282	364.94661921708183	202.34666666666666
19310	388.9679715302491	109.9022222222222
19336	380.9608540925267	182.7911111111111
19366	445.9074733096085	225.45777777777775
19396	370.2846975088968	140.12444444444444
19424	370.2846975088968	140.12444444444444
19452	396.9750889679715	227.23555555555555
19476	415.65836298932385	302.7911111111111
19504	485.9430604982207	216.56888888888886
19549	421.8861209964413	146.34666666666664
19590	402.31316725978644	343.68
19632	388.0782918149466	196.12444444444444
19670	621.1743772241994	235.23555555555555
19702	299.1103202846975	205.01333333333332
19738	512.6334519572954	247.67999999999998
19769	578.4697508896797	213.01333333333332
19802	544.6619217081851	181.9022222222222
19843	584.6975088967972	222.79111111111112
19874	208.3629893238434	191.67999999999998
19906	493.9501779359431	182.7911111111111
19933	308.8967971530249	283.23555555555555
19961	283.0960854092527	253.9022222222222
19988	283.0960854092527	253.9022222222222
20014	501.9572953736655	69.01333333333334
20043	417.43772241992883	137.45777777777778
20071	343.594306049822	257.4577777777778
20097	343.594306049822	257.4577777777778
20124	265.30249110320284	58.34666666666667
20150	362.2775800711744	66.34666666666666
20175	399.644128113879	144.5688888888889
20205	348.932384341637	221.01333333333332
20235	464.5907473309609	245.9022222222222
20258	464.5907473309609	245.9022222222222
20285	380.0711743772242	183.68
20314	243.95017793594306	257.4577777777778
20341	295.5516014234875	157.01333333333332
20368	225.26690391459073	196.12444444444444
20393	365.83629893238435	145.45777777777778
20421	500.1779359430606	140.12444444444444
20450	553.55871886121	77.01333333333334
20480	477.04626334519577	300.1244444444444
20506	529.5373665480428	110.7911111111111
20537	550.8896797153026	285.9022222222222
20564	491.28113879003564	90.34666666666666
20592	444.12811387900354	248.5688888888889
20626	432.56227758007117	206.7911111111111
20665	520.6405693950178	116.12444444444444
20699	638.9679715302492	91.23555555555556
20728	570.4626334519573	173.01333333333332
20756	584.6975088967972	181.01333333333332
20784	638.9679715302492	227.23555555555555
20812	662.0996441281139	267.23555555555555
20841	672.7758007117438	162.34666666666666
20869	427.2241992882562	220.12444444444444
20897	469.03914590747337	178.34666666666666
20924	504.62633451957294	349.9022222222222
20953	618.5053380782919	316.1244444444444
20978	582.0284697508897	162.34666666666666
21006	686.1209964412812	149.01333333333332
21033	645.1957295373666	173.01333333333332
21063	732.3843416370107	466.34666666666664
21091	734.1637010676158	379.23555555555555
21125	219.0391459074733	568.5688888888889
21152	496.6192170818506	782.791111111111
21199	432.56227758007117	701.0133333333333
21231	690.5693950177937	785.4577777777777
21260	603.3807829181495	613.0133333333333
21283	813.3451957295374	457.4577777777778
21312	591.814946619217	249.45777777777778
21341	682.5622775800713	362.34666666666664
21368	539.3238434163702	183.68
21397	771.5302491103203	293.0133333333333
21423	761.7437722419929	285.0133333333333
21453	413.87900355871886	321.4577777777778
21485	485.0533807829182	455.68
21514	566.9039145907474	265.4577777777777
21539	646.9750889679716	180.12444444444444
21568	692.3487544483986	209.45777777777778
21596	575.8007117437722	293.0133333333333
21624	585.5871886120997	140.12444444444444
21651	730.6049822064057	224.56888888888886
21681	614.0569395017794	306.34666666666664
21712	679.8932384341637	144.5688888888889
21748	635.4092526690391	227.23555555555555
21779	707.473309608541	165.9022222222222
21813	709.252669039146	164.12444444444444
21843	653.202846975089	15.68
21871	669.2170818505339	341.9022222222222
21899	729.7153024911033	326.79111111111115
21928	696.797153024911	238.7911111111111
21958	696.797153024911	238.7911111111111
21982	767.9715302491104	311.68
22008	603.3807829181495	258.34666666666664
22036	645.1957295373666	397.9022222222222
22063	645.1957295373666	397.9022222222222
22089	675.4448398576512	430.79111111111115
22118	605.1601423487544	406.7911111111111
22165	1016.1921708185054	183.68
22190	831.1387900355872	222.79111111111112
22218	812.455516014235	150.7911111111111
22247	818.6832740213523	229.01333333333332
22278	824.0213523131673	214.79111111111112
22309	684.3416370106762	223.67999999999998
22336	447.68683274021356	157.9022222222222
22365	739.5017793594307	278.7911111111111
22393	580.2491103202847	215.68
22421	630.0711743772242	127.67999999999999
22450	590.9252669039147	280.56888888888886
22477	682.5622775800713	324.12444444444446
22501	575.8007117437722	328.56888888888886
22531	575.8007117437722	328.56888888888886
22565	714.5907473309609	188.12444444444444
22594	714.5907473309609	188.12444444444444
22619	654.0925266903915	195.23555555555555
22645	730.6049822064057	253.01333333333332
22675	883.6298932384342	285.9022222222222
22701	867.6156583629894	317.90222222222224
22729	798.220640569395	357.90222222222224
22765	833.8078291814946	362.34666666666664
22801	380.0711743772242	281.4577777777778
22831	510.85409252669047	177.45777777777775
22859	404.98220640569394	157.01333333333332
22887	372.06405693950177	287.68
22932	460.14234875444845	327.67999999999995
22959	407.65124555160145	221.90222222222224
22985	375.62277580071174	190.7911111111111
23013	387.1886120996441	98.34666666666666
23040	511.743772241993	157.01333333333332
23063	495.7295373665481	169.45777777777778
23091	404.0925266903915	191.67999999999998
23119	296.44128113879003	174.7911111111111
23148	467.2597864768684	173.01333333333332
23182	481.4946619217082	270.7911111111111
23232	570.4626334519573	192.56888888888886
23265	649.6441281138791	222.79111111111112
23298	308.8967971530249	123.23555555555555
23332	312.4555160142349	344.56888888888886
23367	321.35231316725975	226.34666666666666
23398	590.9252669039147	197.01333333333332
23432	363.16725978647685	65.45777777777778
23465	317.7935943060498	249.45777777777778
23498	401.423487544484	235.23555555555555
23532	324.9110320284697	370.34666666666664
23577	463.70106761565836	236.12444444444444
23608	569.5729537366549	94.79111111111112
23638	481.4946619217082	264.5688888888889
23665	453.9145907473309	151.68
23688	514.4128113879004	278.7911111111111
23718	642.5266903914592	178.34666666666666
23748	349.8220640569395	445.9022222222222
23774	338.2562277580071	319.68
23799	695.017793594306	374.7911111111111
23832	705.693950177936	745.4577777777778
23866	545.5516014234876	820.1244444444445
23898	388.9679715302491	482.34666666666664
23931	490.3914590747331	501.90222222222224
23965	504.62633451957294	654.791111111111
24015	301.779359430605	565.0133333333333
24042	609.608540925267	420.1244444444444
24073	507.2953736654805	297.4577777777778
24122	749.2882562277581	276.12444444444446
24148	768.8612099644129	298.3466666666667
24187	724.3772241992883	282.34666666666664
24216	663.8790035587189	250.34666666666666
24249	655.8718861209965	445.0133333333333
24281	743.9501779359431	173.9022222222222
24315	788.4341637010676	290.3466666666667
24348	687.0106761565836	266.34666666666664
24382	796.4412811387901	306.34666666666664
24415	739.5017793594307	328.56888888888886
24448	804.4483985765125	242.34666666666666
24482	694.1281138790036	185.45777777777778
24515	583.8078291814946	253.01333333333332
24539	473.4875444839858	154.34666666666666
24568	412.0996441281139	261.90222222222224
24594	412.0996441281139	261.90222222222224
24624	355.16014234875445	260.1244444444444
24652	432.56227758007117	92.12444444444444
24682	226.15658362989322	134.7911111111111
24710	235.94306049822063	256.56888888888886
24738	221.7081850533808	271.67999999999995
24767	283.98576512455514	235.23555555555555
24792	313.34519572953735	321.4577777777778
24825	286.65480427046265	274.34666666666664
24859	370.2846975088968	309.0133333333333
24887	228.8256227758007	271.67999999999995
24914	246.61921708185054	170.34666666666664
24942	510.85409252669047	206.7911111111111
24975	331.13879003558714	222.79111111111112
25005	517.9715302491104	226.34666666666666
25035	396.9750889679715	405.0133333333333
25065	421.8861209964413	189.9022222222222
25093	424.5551601423487	223.67999999999998
25123	424.5551601423487	223.67999999999998
25150	379.1814946619217	193.45777777777778
25199	243.95017793594306	160.56888888888886
25246	437.9003558718861	353.4577777777778
25274	507.2953736654805	247.67999999999998
25302	469.92882562277583	259.23555555555555
25330	469.92882562277583	259.23555555555555
25382	576.6903914590747	343.68
25429	314.2348754448399	217.45777777777775
25459	354.270462633452	257.4577777777778
25487	623.8434163701068	301.9022222222222
25513	467.2597864768684	259.23555555555555
25545	550.0	249.45777777777778
25570	445.9074733096085	313.4577777777777
25606	575.8007117437722	526.7911111111111
25637	452.13523131672594	692.1244444444444
25665	373.84341637010675	837.9022222222222
25693	576.6903914590747	881.4577777777778
25727	506.405693950178	748.1244444444444
25757	662.0996441281139	649.4577777777778
25790	631.8505338078292	468.1244444444444
25818	619.3950177935943	338.34666666666664
25865	601.6014234875445	285.0133333333333
25915	791.1032028469751	288.56888888888886
25953	591.814946619217	320.56888888888886
25982	724.3772241992883	164.12444444444444
26032	627.4021352313167	212.12444444444444
26070	597.153024911032	197.01333333333332
26098	597.153024911032	197.01333333333332
26124	783.0960854092527	261.0133333333333
26154	501.9572953736655	375.67999999999995
26179	651.423487544484	395.23555555555555
26214	797.3309608540926	278.7911111111111
26252	638.0782918149467	176.5688888888889
26276	372.06405693950177	197.01333333333332
26304	400.53380782918146	112.56888888888889
26343	242.17081850533805	181.9022222222222
26399	552.6690391459075	242.34666666666666
26432	308.0071174377224	331.23555555555555
26456	380.9608540925267	226.34666666666666
26486	620.2846975088968	216.56888888888886
26515	315.12455516014234	346.3466666666667
26542	227.93594306049823	218.34666666666664
26567	97.15302491103202	214.79111111111112
26595	173.66548042704625	283.23555555555555
26625	459.252669039146	295.68
26658	482.3843416370107	251.23555555555552
26687	415.65836298932385	316.1244444444444
26712	387.1886120996441	293.0133333333333
26765	518.8612099644129	244.1244444444444
26793	295.5516014234875	249.45777777777778
26818	492.1708185053381	388.12444444444446
26865	399.644128113879	381.90222222222224
26892	414.7686832740213	197.9022222222222
26919	260.8540925266904	109.9022222222222
26965	531.3167259786478	304.56888888888886
26994	403.20284697508896	281.4577777777778
27023	204.80427046263344	340.12444444444446
27048	324.02135231316726	183.68
27077	131.85053380782918	373.0133333333333
27106	233.27402135231316	282.34666666666664
27135	376.5124555160142	305.4577777777778
27162	164.76868327402133	309.0133333333333
27188	226.15658362989322	242.34666666666666
27216	246.61921708185054	242.34666666666666
27245	324.9110320284697	245.9022222222222
27272	297.3309608540925	238.7911111111111
27305	315.12455516014234	298.3466666666667
27336	323.13167259786474	275.23555555555555
27365	429.0035587188612	164.12444444444444
27398	427.2241992882562	198.7911111111111
27432	202.13523131672596	315.23555555555555
27465	338.2562277580071	329.4577777777778
27498	455.69395017793596	107.23555555555555
27532	281.31672597864764	269.0133333333333
27565	360.4982206405694	146.34666666666664
27600	48.22064056939501	319.68
27633	380.0711743772242	325.90222222222224
27665	390.7473309608541	308.1244444444444
27698	330.2491103202847	173.01333333333332
27733	327.5800711743772	157.9022222222222
27765	358.71886120996436	214.79111111111112
27798	467.2597864768684	229.90222222222224
27825	447.68683274021356	261.90222222222224
27855	388.0782918149466	274.34666666666664
27887	337.3665480427046	265.4577777777777
27918	253.73665480427044	262.7911111111111
27947	320.4626334519573	233.45777777777778
27975	494.8398576512456	237.90222222222218
28004	483.27402135231324	333.0133333333333
28031	333.80782918149464	253.01333333333332
28058	400.53380782918146	194.34666666666664
28083	463.70106761565836	268.1244444444444
28115	523.3096085409253	119.67999999999999
28151	590.0355871886121	257.4577777777778
28184	395.19572953736656	232.56888888888886
28215	378.29181494661924	206.7911111111111
28248	480.60498220640574	219.23555555555555
28275	434.34163701067615	296.56888888888886
28312	397.864768683274	304.56888888888886
28365	475.2669039145908	218.34666666666664
28398	549.1103202846975	230.7911111111111
28422	519.7508896797154	229.01333333333332
28450	565.1245551601423	191.67999999999998
28482	483.27402135231324	319.68
28516	371.17437722419925	133.01333333333332
28548	341.8149466192171	309.0133333333333
28577	501.9572953736655	308.1244444444444
28602	288.43416370106763	147.23555555555555
28631	207.47330960854092	141.01333333333332
28658	207.47330960854092	141.01333333333332
28685	263.52313167259786	140.12444444444444
28712	474.3772241992883	164.12444444444444
28741	406.7615658362989	146.34666666666664
28770	406.7615658362989	146.34666666666664
28816	385.4092526690391	113.45777777777776
28846	275.97864768683274	77.90222222222224
28876	385.4092526690391	37.01333333333333
28904	415.65836298932385	141.9022222222222
28933	375.62277580071174	141.01333333333332
28965	214.59074733096085	95.67999999999999
28992	269.75088967971527	117.90222222222222
29021	301.779359430605	164.12444444444444
29051	359.6085409252669	197.9022222222222
29082	255.5160142348754	93.90222222222222
29109	332.9181494661921	64.56888888888889
29138	332.9181494661921	64.56888888888889
29165	364.05693950177937	92.12444444444444
29190	291.1032028469751	70.79111111111112
29219	277.7580071174377	139.23555555555552
29249	392.52669039145906	209.45777777777778
29282	407.65124555160145	212.12444444444444
29311	405.87188612099646	214.79111111111112
29338	364.94661921708183	197.01333333333332
29364	349.8220640569395	140.12444444444444
29393	349.8220640569395	140.12444444444444
29418	471.7081850533808	95.67999999999999
29442	445.9074733096085	160.56888888888886
29472	445.9074733096085	160.56888888888886
29502	460.14234875444845	233.45777777777778
29528	418.3274021352313	109.01333333333334
29553	258.1850533807829	203.23555555555552
29590	340.0355871886121	186.34666666666666
29620	312.4555160142349	187.23555555555552
29644	382.7402135231317	56.56888888888889
29670	443.2384341637011	139.23555555555552
29698	443.2384341637011	139.23555555555552
29725	163.87900355871884	121.45777777777778
29753	382.7402135231317	71.67999999999999
29777	264.4128113879004	-25.208888888888886
29804	365.83629893238435	93.01333333333334
29853	279.53736654804266	89.45777777777778
29883	232.38434163701066	165.01333333333332
29909	343.594306049822	137.45777777777778
29938	356.04982206405697	132.12444444444444
29967	338.2562277580071	73.45777777777778
30015	436.1209964412811	260.1244444444444
30045	671.8861209964413	345.4577777777778
30070	312.4555160142349	565.9022222222222
30095	312.4555160142349	565.9022222222222
30131	642.5266903914592	575.6800000000001
30161	658.540925266904	778.3466666666667
30216	510.85409252669047	303.68
30248	517.0818505338078	298.3466666666667
30299	396.9750889679715	180.12444444444444
30339	502.846975088968	191.67999999999998
30366	590.9252669039147	101.90222222222222
30390	495.7295373665481	254.7911111111111
30417	446.79715302491104	201.45777777777778
30443	398.75444839857647	164.12444444444444
30471	577.5800711743773	277.90222222222224
30515	386.29893238434164	220.12444444444444
30543	445.01779359430606	147.23555555555555
30572	204.80427046263344	111.68
30598	220.8185053380783	149.01333333333332
30648	241.28113879003558	143.67999999999998
30676	316.9039145907473	125.01333333333334
30703	316.9039145907473	125.01333333333334
30732	224.37722419928824	15.68
30765	275.0889679715303	113.45777777777776
30804	167.43772241992883	105.45777777777778
30849	282.20640569395016	129.45777777777775
30877	398.75444839857647	16.56888888888889
30905	494.8398576512456	37.90222222222222
30934	336.47686832740214	87.68
30964	396.9750889679715	49.45777777777778
30990	483.27402135231324	186.34666666666666
31019	388.9679715302491	47.68
31045	356.9395017793594	263.68
31076	440.56939501779357	115.23555555555554
31104	440.56939501779357	115.23555555555554
31131	587.3665480427047	226.34666666666666
31154	295.5516014234875	328.56888888888886
31184	329.3594306049822	181.9022222222222
31213	351.6014234875445	178.34666666666666
31237	330.2491103202847	144.5688888888889
31264	330.2491103202847	144.5688888888889
31292	475.2669039145908	113.45777777777776
31320	303.55871886120997	272.56888888888886
31351	492.1708185053381	387.23555555555555
31381	308.8967971530249	329.4577777777778
31408	367.61565836298934	297.4577777777778
31436	435.2313167259787	343.68
31464	422.7758007117437	201.45777777777778
31491	353.38078291814946	161.45777777777778
31524	435.2313167259787	214.79111111111112
31553	337.3665480427046	202.34666666666666
31580	519.7508896797154	189.01333333333332
31607	429.8932384341637	96.56888888888889
31635	440.56939501779357	186.34666666666666
31682	557.1174377224199	293.9022222222222
31710	523.3096085409253	285.0133333333333
31742	446.79715302491104	264.5688888888889
31779	509.96441281138794	289.4577777777778
31815	420.1067615658363	181.9022222222222
31843	420.1067615658363	181.9022222222222
31872	361.38790035587186	210.34666666666664
31902	603.3807829181495	258.34666666666664
31931	468.14946619217085	247.67999999999998
31955	518.8612099644129	350.7911111111111
31988	661.2099644128115	318.7911111111111
32017	715.4804270462633	245.0133333333333
32046	519.7508896797154	312.5688888888889
32069	534.8754448398577	304.56888888888886
32103	401.423487544484	125.01333333333334
32132	505.51601423487546	201.45777777777778
32156	546.4412811387901	253.01333333333332
32180	489.5017793594306	237.90222222222218
32209	521.5302491103203	254.7911111111111
32237	429.0035587188612	381.0133333333333
32265	657.6512455516015	24.56888888888889
32288	408.5409252669039	273.4577777777778
32315	430.7829181494662	211.23555555555552
32348	404.0925266903915	209.45777777777778
32375	410.32028469750884	99.23555555555555
32415	320.4626334519573	253.01333333333332
32448	395.19572953736656	116.12444444444444
32482	703.0249110320285	157.01333333333332
32520	579.3594306049823	184.56888888888886
32558	790.2135231316726	151.68
32599	587.3665480427047	189.9022222222222
32634	655.8718861209965	269.90222222222224
32666	643.4163701067615	181.01333333333332
32698	560.6761565836299	51.23555555555556
32732	641.6370106761566	221.01333333333332
32765	611.3879003558719	263.68
32798	550.8896797153026	635.2355555555556
32832	547.3309608540926	821.0133333333333
32881	478.82562277580075	941.9022222222222
32909	217.2597864768683	703.68
32935	746.6192170818505	445.0133333333333
32982	583.8078291814946	268.1244444444444
33013	425.44483985765123	360.5688888888889
33041	628.2918149466192	261.0133333333333
33069	793.7722419928826	270.7911111111111
33115	630.0711743772242	158.7911111111111
33141	742.1708185053382	133.9022222222222
33171	742.1708185053382	133.9022222222222
33199	675.4448398576512	150.7911111111111
33225	840.9252669039147	166.7911111111111
33253	680.7829181494662	172.12444444444444
33291	515.3024911032029	138.34666666666666
33324	701.2455516014236	147.23555555555555
33354	868.5053380782919	139.23555555555552
33380	789.3238434163702	268.1244444444444
33410	743.0604982206406	173.9022222222222
33436	699.4661921708185	156.1244444444444
33463	798.220640569395	64.56888888888889
33490	794.6619217081851	213.01333333333332
33518	827.5800711743773	321.4577777777778
33544	750.1779359430606	153.45777777777775
33571	846.2633451957296	193.45777777777778
33599	849.8220640569396	199.67999999999998
33628	817.7935943060498	169.45777777777778
33652	749.2882562277581	226.34666666666666
33687	988.6120996441281	175.67999999999998
33718	627.4021352313167	330.34666666666664
33746	519.7508896797154	163.23555555555552
33776	519.7508896797154	163.23555555555552
33805	495.7295373665481	270.7911111111111
33832	664.7686832740214	176.5688888888889
33859	591.814946619217	151.68
33888	620.2846975088968	215.68
33913	644.3060498220641	172.12444444444444
33940	644.3060498220641	172.12444444444444
33967	633.6298932384342	418.3466666666667
33996	569.5729537366549	369.4577777777778
34023	620.2846975088968	215.68
34052	695.9074733096086	293.9022222222222
34080	719.9288256227758	302.7911111111111
34108	786.6548042704626	262.7911111111111
34135	719.9288256227758	355.23555555555555
34165	621.1743772241994	189.01333333333332
34192	731.4946619217083	605.9022222222222
34220	402.31316725978644	655.68
34246	280.4270462633452	668.1244444444444
34299	693.2384341637011	795.2355555555555
34330	645.1957295373666	332.12444444444446
34358	730.6049822064057	403.23555555555555
34385	834.6975088967972	333.9022222222222
34413	645.1957295373666	177.45777777777775
34446	870.2846975088968	213.01333333333332
34478	612.2775800711744	290.3466666666667
34506	625.6227758007118	202.34666666666666
34533	695.9074733096086	123.23555555555555
34564	725.2669039145908	110.7911111111111
34590	687.0106761565836	205.9022222222222
34618	683.4519572953736	306.34666666666664
34665	811.5658362989324	206.7911111111111
34695	733.2740213523132	221.90222222222224
34723	971.7081850533808	146.34666666666664
34751	885.4092526690391	200.5688888888889
34799	645.1957295373666	25.45777777777778
34828	808.0071174377225	26.346666666666668
34854	743.9501779359431	82.34666666666666
34888	563.3451957295374	106.34666666666668
34916	453.02491103202846	77.01333333333334
34945	441.4590747330961	76.12444444444445
34972	441.4590747330961	76.12444444444445
34998	266.1921708185053	246.7911111111111
35028	544.6619217081851	265.4577777777777
35052	487.7224199288257	174.7911111111111
35079	394.30604982206404	233.45777777777778
35104	394.30604982206404	233.45777777777778
35139	309.7864768683274	263.68
35169	355.16014234875445	171.23555555555555
35197	576.6903914590747	231.67999999999998
35222	566.0142348754449	172.12444444444444
35248	469.03914590747337	160.56888888888886
35277	461.9217081850534	196.12444444444444
35308	605.1601423487544	82.34666666666666
35339	542.8825622775802	107.23555555555555
35365	626.5124555160143	240.56888888888886
35415	840.0355871886121	129.45777777777775
35465	719.0391459074733	131.23555555555555
35496	816.0142348754449	396.1244444444444
35525	621.1743772241994	319.68
35552	799.1103202846975	257.4577777777778
35579	852.4911032028471	125.9022222222222
35609	553.55871886121	140.12444444444444
35643	869.3950177935943	219.23555555555555
35671	785.7651245551602	141.01333333333332
35697	827.5800711743773	197.01333333333332
35725	646.9750889679716	181.01333333333332
35754	657.6512455516015	241.45777777777778
35780	737.7224199288257	239.67999999999998
35807	485.9430604982207	164.12444444444444
35842	733.2740213523132	457.4577777777778
35870	743.0604982206406	199.67999999999998
35899	521.5302491103203	299.2355555555555
35949	455.69395017793596	300.1244444444444
35977	401.423487544484	93.90222222222222
36025	449.4661921708185	30.791111111111114
36050	446.79715302491104	-51.87555555555555
36077	420.1067615658363	93.01333333333334
36106	371.17437722419925	192.56888888888886
36137	344.48398576512454	220.12444444444444
36164	441.4590747330961	272.56888888888886
36188	379.1814946619217	176.5688888888889
36215	494.8398576512456	92.12444444444444
36245	393.4163701067616	-26.986666666666665
36280	393.4163701067616	-26.986666666666665
36309	603.3807829181495	79.67999999999999
36334	603.3807829181495	79.67999999999999
36364	550.8896797153026	70.79111111111112
36391	536.6548042704626	49.45777777777778
36418	557.1174377224199	66.34666666666666
36444	550.8896797153026	-34.986666666666665
36470	579.3594306049823	138.34666666666666
36497	550.0	187.23555555555552
36530	569.5729537366549	85.90222222222222
36561	521.5302491103203	250.34666666666666
36585	703.914590747331	120.56888888888888
36612	733.2740213523132	66.34666666666666
36640	733.2740213523132	66.34666666666666
36668	509.0747330960854	181.9022222222222
36698	387.1886120996441	-11.875555555555554
36722	267.0818505338078	-36.76444444444444
36749	550.8896797153026	-85.65333333333334
36776	520.6405693950178	81.45777777777778
36804	520.6405693950178	81.45777777777778
36829	519.7508896797154	49.45777777777778
36857	379.1814946619217	121.45777777777778
36883	532.2064056939502	-58.986666666666665
36911	338.2562277580071	111.68
36940	338.2562277580071	111.68
36969	175.44483985765126	84.12444444444445
36998	437.9003558718861	117.01333333333332
37026	370.2846975088968	21.90222222222222
37052	525.0889679715302	143.67999999999998
37082	793.7722419928826	290.3466666666667
37107	785.7651245551602	338.34666666666664
37135	796.4412811387901	201.45777777777778
37164	790.2135231316726	211.23555555555552
37193	791.9928825622776	176.5688888888889
37221	713.7010676156584	154.34666666666666
37245	975.2669039145908	285.9022222222222
37269	803.55871886121	184.56888888888886
37293	708.3629893238434	172.12444444444444
37321	640.7473309608541	146.34666666666664
37365	791.9928825622776	189.9022222222222
37393	756.405693950178	120.56888888888888
37418	638.0782918149467	218.34666666666664
37465	686.1209964412812	219.23555555555555
37496	654.982206405694	222.79111111111112
37532	678.1138790035588	106.34666666666668
37561	727.9359430604983	33.45777777777778
37598	827.5800711743773	274.34666666666664
37621	793.7722419928826	408.56888888888886
37648	502.846975088968	625.4577777777778
37676	510.85409252669047	576.5688888888889
37700	510.85409252669047	576.5688888888889
37748	491.28113879003564	261.90222222222224
37774	505.51601423487546	381.0133333333333
37800	806.2277580071175	268.1244444444444
37830	695.9074733096086	377.4577777777778
37860	850.711743772242	320.56888888888886
37888	855.1601423487544	166.7911111111111
37915	998.3985765124555	231.67999999999998
37943	751.9572953736655	87.68
37971	751.9572953736655	87.68
37997	926.3345195729538	232.56888888888886
38031	942.3487544483986	202.34666666666666
38065	1110.4982206405693	96.56888888888889
38094	850.711743772242	304.56888888888886
38124	896.9750889679716	252.1244444444444
38151	937.9003558718862	173.01333333333332
38181	606.049822064057	237.01333333333335
38205	574.9110320284698	415.67999999999995
38232	501.9572953736655	180.12444444444444
38259	708.3629893238434	256.56888888888886
38288	482.3843416370107	-18.986666666666665
38320	515.3024911032029	77.01333333333334
38365	490.3914590747331	142.7911111111111
38416	577.5800711743773	139.23555555555552
38446	575.8007117437722	153.45777777777775
38469	568.6832740213523	262.7911111111111
38498	568.6832740213523	262.7911111111111
38524	673.6654804270463	143.67999999999998
38553	678.1138790035588	198.7911111111111
38580	670.1067615658363	188.12444444444444
38609	646.0854092526691	235.23555555555555
38644	708.3629893238434	157.9022222222222
38678	806.2277580071175	54.791111111111114
38709	612.2775800711744	169.45777777777778
38734	612.2775800711744	169.45777777777778
38763	581.1387900355872	328.56888888888886
38798	757.2953736654805	213.01333333333332
38831	735.9430604982207	116.12444444444444
38865	437.0106761565836	108.12444444444445
38898	690.5693950177937	220.12444444444444
38931	882.7402135231317	190.7911111111111
38965	1029.5373665480427	244.1244444444444
38993	711.0320284697509	301.9022222222222
39021	791.9928825622776	166.7911111111111
39049	638.9679715302492	125.9022222222222
39098	787.5444839857652	198.7911111111111
39127	823.1316725978648	150.7911111111111
39155	878.2918149466192	149.01333333333332
39183	710.1423487544484	134.7911111111111
39212	766.1921708185054	141.01333333333332
39242	886.2989323843417	162.34666666666666
39278	726.1565836298934	157.01333333333332
39307	726.1565836298934	157.01333333333332
39330	808.0071174377225	133.01333333333332
39358	904.982206405694	263.68
39385	790.2135231316726	611.2355555555555
39410	531.3167259786478	726.7911111111111
39436	479.7153024911032	850.3466666666666
39465	235.05338078291814	855.68
39499	523.3096085409253	765.9022222222222
39536	768.8612099644129	792.5688888888889
39567	834.6975088967972	442.34666666666664
39598	871.1743772241994	271.67999999999995
39626	825.8007117437722	296.56888888888886
39656	732.3843416370107	216.56888888888886
39685	748.3985765124555	192.56888888888886
39714	762.6334519572954	5.902222222222223
39742	747.508896797153	165.9022222222222
39771	772.4199288256228	115.23555555555554
39796	790.2135231316726	91.23555555555556
39828	687.0106761565836	226.34666666666666
39855	872.9537366548044	311.68
39883	649.6441281138791	317.0133333333333
39912	793.7722419928826	109.9022222222222
39943	678.1138790035588	166.7911111111111
39970	757.2953736654805	213.9022222222222
39996	817.7935943060498	325.90222222222224
40022	695.9074733096086	312.5688888888889
40050	920.1067615658363	51.23555555555556
40074	920.1067615658363	51.23555555555556
40103	827.5800711743773	229.01333333333332
40127	648.7544483985765	261.90222222222224
40156	1009.0747330960854	328.56888888888886
40184	872.0640569395018	63.68000000000001
40213	752.8469750889681	234.34666666666666
40239	798.220640569395	279.67999999999995
40268	1060.67615658363	200.5688888888889
40299	961.0320284697509	199.67999999999998
40328	811.5658362989324	289.4577777777778
40358	707.473309608541	100.12444444444444
40384	766.1921708185054	297.4577777777778
40415	854.270462633452	201.45777777777778
40448	719.9288256227758	178.34666666666666
40482	754.626334519573	211.23555555555552
40517	617.6156583629894	275.23555555555555
40548	593.5943060498221	235.23555555555555
40576	654.982206405694	157.01333333333332
40600	783.0960854092527	306.34666666666664
40629	729.7153024911033	167.67999999999998
40654	697.6868327402136	248.5688888888889
40682	755.5160142348755	155.23555555555555
40732	742.1708185053382	247.67999999999998
40772	769.7508896797154	195.23555555555555
40807	711.0320284697509	113.45777777777776
40849	663.8790035587189	94.79111111111112
40882	372.06405693950177	174.7911111111111
40915	803.55871886121	71.67999999999999
40949	765.3024911032029	149.9022222222222
40982	713.7010676156584	165.9022222222222
41019	515.3024911032029	183.68
41054	650.5338078291816	212.12444444444444
41080	626.5124555160143	215.68
41107	626.5124555160143	215.68
41130	666.5480427046264	213.01333333333332
41155	703.0249110320285	302.7911111111111
41184	670.9964412811388	194.34666666666664
41211	528.6476868327402	270.7911111111111
41240	538.4341637010676	196.12444444444444
41269	485.0533807829182	108.12444444444445
41297	574.0213523131673	237.90222222222218
41324	632.7402135231317	189.9022222222222
41349	483.27402135231324	69.90222222222222
41382	503.73665480427053	252.1244444444444
41415	501.9572953736655	154.34666666666666
41448	593.5943060498221	173.01333333333332
41482	1022.4199288256228	484.12444444444446
41523	974.3772241992883	548.1244444444444
41555	1161.2099644128114	505.4577777777777
41583	1099.8220640569396	580.1244444444444
41615	1014.4128113879003	350.7911111111111
41649	942.3487544483986	333.9022222222222
41683	977.9359430604983	436.1244444444444
41710	974.3772241992883	518.7911111111111
41748	945.9074733096086	532.1244444444444
41782	941.4590747330961	604.1244444444444
41816	945.017793594306	417.4577777777778
41851	1021.5302491103204	571.2355555555556
41898	849.8220640569396	473.4577777777778
41932	915.6583629893239	548.1244444444444
41965	1151.423487544484	621.0133333333333
41998	1247.508896797153	744.5688888888889
42036	1175.4448398576515	498.3466666666667
42069	1039.32384341637	659.2355555555556
42095	1096.2633451957295	485.90222222222224
42124	865.8362989323844	634.3466666666666
42151	1080.2491103202847	549.9022222222222
42182	1142.526690391459	565.0133333333333
42215	993.0604982206406	625.4577777777778
42248	1055.338078291815	581.9022222222222
42281	1009.964412811388	411.23555555555555
42309	978.8256227758008	450.34666666666664
42334	1163.879003558719	493.0133333333333
42360	448.576512455516	357.90222222222224
42386	515.3024911032029	182.7911111111111
42415	525.0889679715302	82.34666666666666
42465	646.9750889679716	96.56888888888889
42496	814.2348754448399	162.34666666666666
42524	643.4163701067615	97.45777777777778
42553	542.8825622775802	49.45777777777778
42581	611.3879003558719	137.45777777777778
42609	584.6975088967972	2.346666666666667
42638	762.6334519572954	53.90222222222222
42665	506.405693950178	15.68
42691	549.1103202846975	22.79111111111111
42715	575.8007117437722	104.56888888888889
42747	258.1850533807829	59.23555555555555
42781	542.8825622775802	32.56888888888889
42808	325.80071174377224	165.9022222222222
42837	325.80071174377224	165.9022222222222
42866	276.86832740213526	50.346666666666664
42894	265.30249110320284	8.568888888888889
42927	288.43416370106763	125.01333333333334
42955	255.5160142348754	-34.986666666666665
42983	278.6476868327402	73.45777777777778
43016	427.2241992882562	45.013333333333335
43048	256.4056939501779	127.67999999999999
43082	390.7473309608541	143.67999999999998
43115	396.085409252669	114.34666666666666
43149	203.02491103202846	-34.986666666666665
43190	19.750889679715293	-28.764444444444443
43219	411.20996441281136	-93.65333333333334
43248	305.3380782918149	-84.76444444444444
43281	271.53024911032026	197.9022222222222
43332	132.74021352313167	63.68000000000001
43363	284.87544483985766	99.23555555555555
43392	174.55516014234874	119.67999999999999
43420	206.58362989323842	218.34666666666664
43448	274.19928825622776	170.34666666666664
43486	242.17081850533805	-226.09777777777776
43521	141.6370106761566	-24.32
43549	138.0782918149466	-10.097777777777777
43575	240.3914590747331	-112.32
43604	197.6868327402135	-102.54222222222222
43633	116.72597864768683	-34.09777777777778
43682	308.8967971530249	16.56888888888889
43712	-0.711743772242003	-10.986666666666666
43740	43.77224199288255	33.45777777777778
43770	50.889679715302485	52.12444444444444
43797	214.59074733096085	48.56888888888889
43822	220.8185053380783	-29.653333333333332
43852	300.8896797153025	68.12444444444445
43880	312.4555160142349	133.01333333333332
43910	255.5160142348754	65.45777777777778
43939	267.9715302491103	53.90222222222222
43976	296.44128113879003	32.56888888888889
44015	97.15302491103202	-10.986666666666666
44065	435.2313167259787	-42.986666666666665
44090	279.53736654804266	48.56888888888889
44117	256.4056939501779	-26.097777777777775
44146	256.4056939501779	-26.097777777777775
44180	11.743772241992874	62.79111111111111
44207	228.8256227758007	670.791111111111
44233	272.4199288256228	872.568888888889
44259	588.2562277580071	575.6800000000001
44287	577.5800711743773	505.4577777777777
44332	664.7686832740214	419.23555555555555
44379	759.9644128113879	205.9022222222222
44408	635.4092526690391	175.67999999999998
44438	682.5622775800713	243.23555555555555
44468	906.7615658362989	267.23555555555555
44497	903.202846975089	48.56888888888889
44525	786.6548042704626	69.90222222222222
44549	562.455516014235	116.12444444444444
44579	567.7935943060498	153.45777777777775
44632	741.2811387900357	148.12444444444444
44659	921.8861209964413	109.9022222222222
44686	807.1174377224199	173.9022222222222
44715	807.1174377224199	125.9022222222222
44742	803.55871886121	111.68
44771	707.473309608541	165.01333333333332
44799	985.0533807829181	205.9022222222222
44828	769.7508896797154	197.9022222222222
44852	1048.220640569395	61.90222222222223
44879	1048.220640569395	61.90222222222223
44910	799.1103202846975	81.45777777777778
44938	775.9786476868328	191.67999999999998
44966	918.3274021352313	213.9022222222222
44994	787.5444839857652	192.56888888888886
45022	953.914590747331	209.45777777777778
45050	817.7935943060498	155.23555555555555
45086	1070.4626334519573	265.4577777777777
45113	852.4911032028471	76.12444444444445
45137	892.5266903914592	148.12444444444444
45169	877.4021352313167	125.9022222222222
45202	877.4021352313167	91.23555555555556
45239	800.0	89.45777777777778
45271	826.6903914590747	-96.32
45301	703.914590747331	125.01333333333334
45327	764.4128113879004	182.7911111111111
45355	850.711743772242	77.90222222222224
45383	566.9039145907474	116.12444444444444
45415	1010.8540925266905	173.9022222222222
45442	993.0604982206406	136.56888888888886
45470	814.2348754448399	132.12444444444444
45500	1006.405693950178	325.90222222222224
45523	911.2099644128115	241.45777777777778
45551	963.7010676156584	204.1244444444444
45579	963.7010676156584	204.1244444444444
45606	953.914590747331	130.34666666666666
45634	916.5480427046264	180.12444444444444
45661	940.5693950177937	115.23555555555554
45689	855.1601423487544	212.12444444444444
45716	826.6903914590747	151.68
45743	826.6903914590747	151.68
45771	763.5231316725979	65.45777777777778
45796	831.1387900355872	161.45777777777778
45820	862.2775800711744	300.1244444444444
45847	694.1281138790036	221.90222222222224
45875	851.6014234875445	234.34666666666666
45902	893.4163701067615	293.9022222222222
45928	858.7188612099644	233.45777777777778
45962	840.0355871886121	253.9022222222222
45998	767.0818505338078	224.56888888888886
46026	908.540925266904	127.67999999999999
46054	848.0427046263346	48.56888888888889
46095	739.5017793594307	245.9022222222222
46132	638.9679715302492	277.0133333333333
46159	797.3309608540926	228.12444444444444
46188	1006.405693950178	252.1244444444444
46213	817.7935943060498	143.67999999999998
46245	753.7366548042705	133.9022222222222
46275	776.8683274021353	188.12444444444444
46301	800.0	106.34666666666668
46329	769.7508896797154	653.9022222222222
46352	545.5516014234876	237.90222222222218
46399	286.65480427046265	322.34666666666664
46439	353.38078291814946	949.0133333333334
46467	382.7402135231317	455.68
46497	493.0604982206406	501.0133333333333
46525	360.4982206405694	657.4577777777778
46560	267.9715302491103	715.2355555555555
46586	254.62633451957294	655.68
46615	114.94661921708183	843.2355555555555
46643	191.45907473309606	782.791111111111
46670	184.34163701067615	725.0133333333333
46709	62.45551601423487	699.2355555555555
46735	46.441281138790025	908.1244444444444
46763	140.7473309608541	938.3466666666667
46792	541.1032028469751	802.3466666666666
46819	501.067615658363	765.0133333333333
46846	453.02491103202846	375.67999999999995
46870	463.70106761565836	246.7911111111111
46899	592.7046263345196	216.56888888888886
46927	523.3096085409253	131.23555555555555
46951	668.3274021352313	136.56888888888886
46976	567.7935943060498	261.0133333333333
47004	642.5266903914592	158.7911111111111
47028	565.1245551601423	253.9022222222222
47056	530.4270462633452	226.34666666666666
47085	660.3202846975089	328.56888888888886
47112	723.4875444839857	186.34666666666666
47141	695.9074733096086	350.7911111111111
47169	695.9074733096086	350.7911111111111
47198	558.0071174377225	245.9022222222222
47225	770.6405693950178	294.7911111111111
47254	681.6725978647687	214.79111111111112
47283	627.4021352313167	96.56888888888889
47311	590.0355871886121	142.7911111111111
47338	400.53380782918146	75.23555555555555
47366	408.5409252669039	107.23555555555555
47395	368.5053380782918	141.01333333333332
47424	360.4982206405694	328.56888888888886
47452	632.7402135231317	399.68
47478	585.5871886120997	176.5688888888889
47501	492.1708185053381	164.12444444444444
47549	445.9074733096085	91.23555555555556
47592	365.83629893238435	172.12444444444444
47621	484.1637010676157	226.34666666666666
47649	484.1637010676157	226.34666666666666
47677	495.7295373665481	238.7911111111111
47702	466.37010676156586	140.12444444444444
47732	502.846975088968	166.7911111111111
47760	128.2918149466192	79.67999999999999
47807	260.8540925266904	31.680000000000003
47833	130.96085409252666	126.79111111111109
47882	610.4982206405695	137.45777777777778
47908	636.2989323843417	168.5688888888889
47937	636.2989323843417	168.5688888888889
47965	746.6192170818505	235.23555555555555
47993	760.8540925266905	195.23555555555555
48021	809.7864768683274	87.68
48048	703.914590747331	53.90222222222222
48075	623.8434163701068	181.9022222222222
48103	745.7295373665481	276.12444444444446
48148	644.3060498220641	66.34666666666666
48178	681.6725978647687	172.12444444444444
48204	701.2455516014236	46.791111111111114
48233	630.9608540925268	184.56888888888886
48258	811.5658362989324	177.45777777777775
48288	719.9288256227758	111.68
48313	745.7295373665481	261.0133333333333
48366	650.5338078291816	197.01333333333332
48396	774.1992882562278	147.23555555555555
48424	727.9359430604983	289.4577777777778
48456	925.4448398576512	213.01333333333332
48485	788.4341637010676	133.9022222222222
48514	824.9110320284698	77.90222222222224
48543	711.9217081850534	158.7911111111111
48571	445.9074733096085	178.34666666666666
48599	451.2455516014235	181.01333333333332
48648	347.153024911032	30.791111111111114
48684	124.73309608540924	83.23555555555555
48732	448.576512455516	169.45777777777778
48759	422.7758007117437	189.9022222222222
48789	247.50889679715303	238.7911111111111
48817	191.45907473309606	114.34666666666666
48839	291.1032028469751	173.01333333333332
48866	307.1174377224199	161.45777777777778
48893	497.50889679715306	193.45777777777778
48920	438.7900355871886	208.5688888888889
48947	480.60498220640574	264.5688888888889
48975	457.473309608541	127.67999999999999
49000	557.1174377224199	97.45777777777778
49049	604.270462633452	251.23555555555552
49077	554.4483985765125	328.56888888888886
49105	695.017793594306	353.4577777777778
49135	572.2419928825623	293.9022222222222
49161	582.9181494661923	317.0133333333333
49192	639.8576512455516	337.4577777777778
49222	644.3060498220641	206.7911111111111
49248	655.8718861209965	180.12444444444444
49273	620.2846975088968	208.5688888888889
49302	666.5480427046264	224.56888888888886
49327	480.60498220640574	256.56888888888886
49357	736.8327402135232	293.0133333333333
49385	640.7473309608541	249.45777777777778
49413	690.5693950177937	318.7911111111111
49441	690.5693950177937	318.7911111111111
49467	697.6868327402136	229.90222222222224
49498	709.252669039146	242.34666666666666
49527	590.0355871886121	250.34666666666666
49555	614.9466192170819	264.5688888888889
49582	586.4768683274021	253.01333333333332
49610	647.8647686832741	189.01333333333332
49640	765.3024911032029	194.34666666666664
49667	664.7686832740214	253.9022222222222
49694	792.8825622775802	259.23555555555555
49725	816.9039145907474	240.56888888888886
49752	851.6014234875445	154.34666666666666
49799	799.1103202846975	324.12444444444446
49824	874.7330960854093	80.56888888888889
49852	887.1886120996442	182.7911111111111
49899	770.6405693950178	322.34666666666664
49933	969.9288256227758	259.23555555555555
49960	893.4163701067615	242.34666666666666
49997	969.0391459074733	168.5688888888889
50027	1032.2064056939503	265.4577777777777
50058	840.0355871886121	236.12444444444444
50086	823.1316725978648	117.90222222222222
50126	864.9466192170819	201.45777777777778
50182	979.7153024911033	157.01333333333332
50212	885.4092526690391	247.67999999999998
50240	795.5516014234876	221.90222222222224
50270	854.270462633452	274.34666666666664
50298	632.7402135231317	537.4577777777778
50349	230.60498220640568	456.56888888888886
50381	453.9145907473309	292.12444444444446
50411	397.864768683274	267.23555555555555
50438	327.5800711743772	656.5688888888889
50465	277.7580071174377	745.4577777777778
50493	-5.160142348754459	658.3466666666666
50524	140.7473309608541	979.2355555555556
50552	95.37366548042704	813.0133333333333
50580	10.854092526690382	837.9022222222222
50606	10.854092526690382	837.9022222222222
50635	162.09964412811388	999.6800000000001
50664	131.85053380782918	930.3466666666667
50697	125.62277580071174	852.1244444444445
50720	182.56227758007114	763.2355555555556
50745	6.405693950177926	742.7911111111111
50782	226.15658362989322	757.0133333333333
50816	180.78291814946618	1154.3466666666668
50865	69.5729537366548	903.68
50899	11.743772241992874	954.3466666666667
50940	37.54448398576511	1015.6800000000001
50980	273.30960854092524	858.3466666666666
51012	157.65124555160142	896.5688888888888
51039	209.2526690391459	852.1244444444445
51075	257.29537366548044	677.0133333333333
51104	267.9715302491103	921.4577777777779
51148	-46.085409252669045	937.4577777777779
51178	65.12455516014235	843.2355555555555
51204	3.7366548042704526	821.9022222222222
51230	214.59074733096085	1007.6800000000001
51257	116.72597864768683	897.4577777777778
51284	33.98576512455515	806.791111111111
51314	213.70106761565836	1019.2355555555556
51345	308.0071174377224	1013.0133333333335
51372	410.32028469750884	837.0133333333333
51397	372.06405693950177	989.9022222222223
51432	160.3202846975089	683.2355555555555
51459	641.6370106761566	762.3466666666667
51489	967.2597864768684	770.3466666666667
51516	1091.8149466192172	813.0133333333333
51548	1268.8612099644129	1143.68
51580	1049.1103202846975	850.3466666666666
51609	1160.320284697509	748.1244444444444
51641	1320.4626334519573	691.2355555555555
51667	1209.2526690391458	650.3466666666666
51696	1351.6014234875445	610.3466666666667
51724	1318.6832740213524	725.9022222222222
51760	949.4661921708185	822.791111111111
51791	1146.085409252669	837.0133333333333
51820	948.5765124555161	792.5688888888889
51848	948.5765124555161	746.3466666666666
51878	1111.387900355872	776.5688888888889
51905	887.1886120996442	565.9022222222222
51949	1089.1459074733095	638.7911111111111
51981	1112.2775800711745	621.0133333333333
52010	904.982206405694	759.68
52041	850.711743772242	410.3466666666667
52080	764.4128113879004	565.0133333333333
52115	765.3024911032029	627.2355555555555
52140	884.5195729537368	611.2355555555555
52166	945.9074733096086	901.0133333333334
52215	986.8327402135232	581.9022222222222
52266	1170.1067615658362	712.5688888888889
52296	865.8362989323844	666.3466666666667
52324	1081.1387900355874	820.1244444444445
52350	1130.0711743772242	825.4577777777778
52379	1165.658362989324	755.2355555555556
52406	1022.4199288256228	809.4577777777778
52434	1004.626334519573	847.68
52463	978.8256227758008	729.4577777777778
52498	1048.220640569395	973.0133333333334
52528	1090.9252669039147	831.6800000000001
52556	1050.0	808.5688888888889
52584	944.1281138790036	908.1244444444444
52614	1201.2455516014236	791.6800000000001
52639	1243.0604982206405	726.7911111111111
52666	1137.1886120996442	904.5688888888888
52695	1082.0284697508898	810.3466666666666
52726	1278.6476868327404	864.568888888889
52751	1202.135231316726	684.1244444444444
52780	1208.3629893238435	736.5688888888889
52813	1202.135231316726	852.1244444444445
52841	1240.3914590747331	839.6800000000001
52867	1254.626334519573	735.68
52895	1474.3772241992883	749.9022222222222
52923	1268.8612099644129	713.4577777777778
52952	1322.2419928825625	800.5688888888889
52982	1253.7366548042705	696.5688888888889
53015	1405.8718861209964	940.1244444444446
53048	1066.0142348754448	735.68
53081	1090.035587188612	706.3466666666667
53116	1271.5302491103205	829.9022222222222
53156	1276.8683274021353	877.0133333333333
53182	1276.8683274021353	877.0133333333333
53216	1237.7224199288257	823.6800000000001
53251	1265.302491103203	766.791111111111
53282	1174.5551601423488	851.2355555555555
53315	1107.829181494662	917.9022222222222
53349	1255.5160142348757	994.3466666666668
53382	1188.7900355871886	937.4577777777779
53421	1219.9288256227758	992.5688888888891
53451	1219.9288256227758	992.5688888888891
53482	1261.743772241993	986.3466666666668
53515	1187.9003558718862	964.1244444444446
53553	1198.5765124555162	1013.9022222222223
53589	1252.8469750889678	1077.0133333333333
53613	1252.8469750889678	1077.0133333333333
