time	x	y
1	715.4804270462633	561.4577777777778
27	690.5693950177937	540.1244444444444
60	958.3629893238434	920.568888888889
94	672.7758007117438	618.3466666666667
120	784.8754448398577	485.0133333333333
153	872.9537366548044	665.4577777777778
186	898.7544483985765	572.1244444444444
214	898.7544483985765	572.1244444444444
240	803.55871886121	663.68
269	904.982206405694	772.1244444444444
297	844.4839857651247	531.2355555555555
322	887.1886120996442	444.1244444444444
347	977.9359430604983	573.9022222222222
377	951.2455516014236	712.5688888888889
404	763.5231316725979	437.0133333333333
429	499.28825622775804	334.7911111111111
456	472.59786476868334	125.01333333333334
482	346.2633451957295	13.902222222222221
511	348.932384341637	300.1244444444444
541	412.98932384341634	431.67999999999995
567	434.34163701067615	337.4577777777778
597	446.79715302491104	413.0133333333333
625	632.7402135231317	439.68
657	433.4519572953737	638.7911111111111
689	409.4306049822064	745.4577777777778
719	416.5480427046263	688.5688888888889
746	435.2313167259787	822.791111111111
771	553.55871886121	620.1244444444444
804	597.153024911032	564.1244444444444
839	329.3594306049822	643.2355555555556
870	673.6654804270463	450.34666666666664
903	500.1779359430606	524.1244444444444
936	467.2597864768684	696.5688888888889
971	473.4875444839858	405.0133333333333
1024	532.2064056939502	494.7911111111111
1052	512.6334519572954	502.7911111111111
1080	638.0782918149467	447.68
1106	480.60498220640574	377.4577777777778
1135	448.576512455516	440.5688888888889
1169	356.9395017793594	314.34666666666664
1198	459.252669039146	177.45777777777775
1225	465.4804270462634	665.4577777777778
1252	524.1992882562278	320.56888888888886
1280	541.1032028469751	178.34666666666666
1307	470.81850533807835	97.45777777777778
1335	475.2669039145908	261.0133333333333
1361	1126.5124555160141	709.9022222222221
1385	1066.9039145907473	581.0133333333333
1415	1179.8932384341638	845.9022222222222
1443	772.4199288256228	812.1244444444445
1492	484.1637010676157	407.67999999999995
1515	631.8505338078292	437.0133333333333
1546	631.8505338078292	437.0133333333333
1573	541.9928825622776	88.56888888888889
1603	587.3665480427047	452.1244444444444
1632	203.02491103202846	657.4577777777778
1660	283.0960854092527	672.5688888888889
1688	467.2597864768684	627.2355555555555
1737	388.0782918149466	695.6800000000001
1767	259.9644128113879	838.791111111111
1820	352.491103202847	436.1244444444444
1849	776.8683274021353	777.4577777777778
1878	683.4519572953736	998.7911111111111
1915	721.7081850533808	716.1244444444445
1949	513.5231316725979	627.2355555555555
1977	120.28469750889678	428.1244444444444
2005	904.0925266903915	331.23555555555555
2033	828.4697508896797	452.1244444444444
2068	796.4412811387901	506.3466666666667
2100	778.6476868327402	886.791111111111
2136	598.0427046263346	553.4577777777778
2164	574.0213523131673	593.4577777777778
2189	821.3523131672599	591.6800000000001
2218	712.811387900356	608.5688888888889
2250	961.0320284697509	637.9022222222222
2278	828.4697508896797	434.34666666666664
2314	815.1245551601423	531.2355555555555
2346	947.6868327402136	563.2355555555556
2374	771.5302491103203	633.4577777777778
2401	1060.67615658363	656.5688888888889
2432	802.6690391459075	534.7911111111111
2458	743.9501779359431	605.9022222222222
2487	705.693950177936	513.4577777777778
2519	884.5195729537368	548.1244444444444
2554	920.9964412811388	665.4577777777778
2604	688.7900355871886	640.568888888889
2636	1047.3309608540926	708.1244444444445
2670	1203.0249110320285	619.2355555555555
2703	1141.6370106761567	639.68
2741	1129.1814946619218	583.6800000000001
2771	979.7153024911033	575.6800000000001
2804	1060.67615658363	495.68
2838	638.0782918149467	546.3466666666666
2868	934.3416370106762	727.68
2898	858.7188612099644	615.68
2927	687.9003558718862	677.0133333333333
2956	781.3167259786478	637.9022222222222
2983	781.3167259786478	637.9022222222222
3010	422.7758007117437	500.12444444444446
3041	627.4021352313167	667.2355555555556
3070	839.1459074733096	463.68
3104	712.811387900356	535.68
3149	487.7224199288257	525.0133333333333
3189	499.28825622775804	461.90222222222224
3220	582.9181494661923	357.90222222222224
3253	644.3060498220641	348.1244444444444
3286	376.5124555160142	328.56888888888886
3320	611.3879003558719	286.7911111111111
3353	749.2882562277581	489.4577777777777
3388	683.4519572953736	285.9022222222222
3420	506.405693950178	528.5688888888889
3453	606.049822064057	260.1244444444444
3486	476.15658362989325	261.0133333333333
3516	472.59786476868334	220.12444444444444
3541	483.27402135231324	394.3466666666667
3567	609.608540925267	365.90222222222224
3591	509.0747330960854	222.79111111111112
3619	187.90035587188612	342.7911111111111
3647	268.8612099644128	401.4577777777777
3673	327.5800711743772	525.9022222222222
3702	287.5444839857651	414.7911111111111
3728	267.9715302491103	421.9022222222222
3757	297.3309608540925	408.56888888888886
3784	363.16725978647685	468.1244444444444
3811	162.09964412811388	392.56888888888886
3836	101.60142348754448	505.4577777777777
3869	187.90035587188612	531.2355555555555
3898	121.17437722419929	548.1244444444444
3923	153.20284697508896	551.68
3970	440.56939501779357	821.9022222222222
3997	311.56583629893237	711.68
4028	565.1245551601423	718.7911111111111
4054	729.7153024911033	659.2355555555556
4085	457.473309608541	707.2355555555555
4112	174.55516014234874	791.6800000000001
4139	139.85765124555158	778.3466666666667
4171	175.44483985765126	708.1244444444445
4195	106.04982206405693	725.9022222222222
4221	74.91103202846975	745.4577777777778
4253	-11.387900355871896	697.4577777777778
4279	234.16370106761565	710.7911111111111
4306	143.41637010676155	706.3466666666667
4354	130.96085409252666	626.3466666666667
4393	237.72241992882562	672.5688888888889
4420	237.72241992882562	672.5688888888889
4445	344.48398576512454	590.791111111111
4473	240.3914590747331	382.7911111111111
4500	170.10676156583628	430.79111111111115
4525	196.797153024911	441.4577777777778
4552	97.15302491103202	618.3466666666667
4579	-25.622775800711754	613.9022222222221
4618	114.94661921708183	484.12444444444446
4664	329.3594306049822	420.1244444444444
4690	329.3594306049822	420.1244444444444
4717	211.92170818505338	448.56888888888886
4741	139.85765124555158	579.2355555555555
4786	341.8149466192171	556.1244444444444
4814	191.45907473309606	449.4577777777778
4843	223.48754448398574	514.3466666666667
4878	260.8540925266904	509.9022222222222
4912	275.0889679715303	485.0133333333333
4940	75.80071174377223	402.3466666666667
4968	49.999999999999986	433.4577777777778
4996	104.27046263345196	473.4577777777778
5020	55.33807829181494	526.7911111111111
5049	-1.6014234875444942	394.3466666666667
5075	33.98576512455515	367.68
5104	53.558718861209954	440.5688888888889
5153	269.75088967971527	323.23555555555555
5187	279.53736654804266	311.68
5237	128.2918149466192	368.56888888888886
5287	176.33451957295372	298.3466666666667
5337	14.412811387900346	378.34666666666664
5378	156.7615658362989	370.34666666666664
5410	114.05693950177935	375.67999999999995
5436	82.02846975088967	386.34666666666664
5463	212.81138790035587	721.4577777777778
5491	271.53024911032026	733.9022222222222
5519	420.1067615658363	713.4577777777778
5546	418.3274021352313	653.9022222222222
5574	453.02491103202846	949.9022222222222
5602	767.0818505338078	663.68
5653	562.455516014235	547.2355555555556
5703	363.16725978647685	358.7911111111111
5754	348.0427046263345	461.90222222222224
5803	595.3736654804271	307.23555555555555
5840	575.8007117437722	356.1244444444444
5869	201.2455516014235	285.0133333333333
5920	582.0284697508897	257.4577777777778
5948	250.17793594306048	326.79111111111115
5975	314.2348754448399	454.79111111111104
6004	151.42348754448398	348.1244444444444
6032	169.2170818505338	490.3466666666667
6057	205.69395017793593	463.68
6088	238.6120996441281	482.34666666666664
6116	139.85765124555158	546.3466666666666
6143	25.088967971530238	569.4577777777778
6175	246.61921708185054	545.4577777777778
6213	121.17437722419929	533.0133333333333
6242	281.31672597864764	422.7911111111111
6287	73.13167259786475	695.6800000000001
6337	509.96441281138794	325.90222222222224
6375	541.9928825622776	250.34666666666666
6401	33.09608540925266	570.3466666666667
6430	385.4092526690391	453.90222222222224
6466	168.32740213523132	458.34666666666664
6499	500.1779359430606	383.67999999999995
6525	260.8540925266904	463.68
6555	492.1708185053381	501.0133333333333
6581	369.3950177935943	440.5688888888889
6610	268.8612099644128	438.79111111111115
6640	334.69750889679716	384.56888888888886
6670	405.87188612099646	501.0133333333333
6720	221.7081850533808	478.7911111111111
6748	453.9145907473309	347.23555555555555
6785	173.66548042704625	459.23555555555555
6820	541.9928825622776	335.67999999999995
6848	348.0427046263345	463.68
6886	384.5195729537366	469.90222222222224
6922	546.4412811387901	319.68
6970	227.04626334519574	520.5688888888889
6999	561.5658362989324	364.1244444444444
7027	220.8185053380783	578.3466666666667
7068	104.27046263345196	650.3466666666666
7102	315.12455516014234	408.56888888888886
7128	221.7081850533808	409.4577777777777
7157	158.5409252669039	413.9022222222222
7203	251.95729537366546	449.4577777777778
7249	167.43772241992883	417.4577777777778
7280	359.6085409252669	411.23555555555555
7309	298.220640569395	360.5688888888889
7344	198.576512455516	391.68
7371	132.74021352313167	524.1244444444444
7400	492.1708185053381	342.7911111111111
7436	378.29181494661924	397.0133333333333
7465	289.3238434163701	400.56888888888886
7494	198.576512455516	489.4577777777777
7521	-14.94661921708186	508.12444444444446
7547	260.8540925266904	414.7911111111111
7576	71.35231316725978	420.1244444444444
7605	163.87900355871884	451.23555555555555
7632	324.9110320284697	491.2355555555555
7666	275.0889679715303	480.56888888888886
7694	347.153024911032	405.90222222222224
7723	359.6085409252669	435.23555555555555
7746	359.6085409252669	435.23555555555555
7770	103.38078291814945	619.2355555555555
7798	281.31672597864764	397.0133333333333
7822	348.932384341637	398.7911111111111
7853	290.2135231316726	397.0133333333333
7879	333.80782918149464	421.0133333333333
7920	126.51245551601423	516.1244444444445
7971	619.3950177935943	757.9022222222222
7995	633.6298932384342	797.0133333333333
8022	633.6298932384342	797.0133333333333
8048	321.35231316725975	738.3466666666666
8075	103.38078291814945	647.68
8103	169.2170818505338	584.5688888888889
8137	233.27402135231316	574.791111111111
8170	332.02846975088966	361.4577777777777
8203	399.644128113879	513.4577777777778
8236	231.49466192170817	534.7911111111111
8270	313.34519572953735	488.56888888888886
8303	190.56939501779357	523.2355555555555
8333	145.19572953736653	582.791111111111
8361	199.4661921708185	560.5688888888889
8394	139.85765124555158	556.1244444444444
8434	235.05338078291814	521.4577777777778
8466	283.0960854092527	448.56888888888886
8492	209.2526690391459	555.2355555555556
8536	170.10676156583628	535.68
8566	339.1459074733096	415.67999999999995
8595	270.6405693950178	588.1244444444444
8621	445.01779359430606	469.90222222222224
8653	266.1921708185053	513.4577777777778
8686	402.31316725978644	533.9022222222222
8720	60.67615658362988	446.79111111111115
8757	160.3202846975089	349.9022222222222
8786	190.56939501779357	365.90222222222224
8817	319.57295373665477	287.68
8843	189.67971530249108	575.6800000000001
8875	16.19217081850533	462.79111111111104
8907	68.6832740213523	356.1244444444444
8936	29.537366548042694	564.1244444444444
8960	343.594306049822	587.2355555555555
8989	191.45907473309606	525.0133333333333
9018	267.0818505338078	737.4577777777778
9047	394.30604982206404	305.4577777777778
9074	141.6370106761566	495.68
9102	184.34163701067615	597.9022222222222
9154	147.864768683274	485.0133333333333
9186	0.1779359430604881	472.56888888888886
9214	30.427046263345186	477.90222222222224
9243	60.67615658362988	517.9022222222221
9272	-87.01067615658364	678.791111111111
9302	195.01779359430606	541.0133333333333
9330	92.70462633451956	532.1244444444444
9357	310.6761565836299	355.23555555555555
9386	219.9288256227758	501.0133333333333
9420	219.9288256227758	501.0133333333333
9470	226.15658362989322	520.5688888888889
9498	459.252669039146	401.4577777777777
9528	299.1103202846975	376.56888888888886
9553	460.14234875444845	420.1244444444444
9582	438.7900355871886	368.56888888888886
9610	272.4199288256228	237.01333333333335
9639	308.0071174377224	426.3466666666667
9665	122.95373665480426	485.0133333333333
9694	53.558718861209954	562.3466666666667
9732	79.3594306049822	598.7911111111111
9756	83.80782918149465	308.1244444444444
9783	-14.94661921708186	399.68
9807	154.98220640569394	453.90222222222224
9833	5.516014234875435	522.3466666666667
9870	-59.43060498220642	496.56888888888886
9903	35.765124555160135	617.4577777777778
9936	31.316725978647675	624.5688888888889
9970	128.2918149466192	586.3466666666667
9997	102.49110320284696	712.5688888888889
10037	350.71174377224196	638.7911111111111
10069	146.97508896797152	628.1244444444444
10104	134.51957295373666	666.3466666666667
10136	433.4519572953737	482.34666666666664
10164	142.52669039145908	520.5688888888889
10193	74.91103202846975	526.7911111111111
10219	74.91103202846975	526.7911111111111
10246	255.5160142348754	533.0133333333333
10271	281.31672597864764	659.2355555555556
10299	105.16014234875443	636.1244444444444
10325	190.56939501779357	526.7911111111111
10355	150.53380782918148	543.68
10384	238.6120996441281	690.3466666666667
10407	85.58718861209962	801.4577777777778
10436	250.17793594306048	648.5688888888889
10463	314.2348754448399	482.34666666666664
10490	306.2277580071174	754.3466666666666
10517	291.99288256227754	653.9022222222222
10546	104.27046263345196	630.7911111111111
10576	130.96085409252666	662.791111111111
10605	114.05693950177935	507.23555555555555
10634	212.81138790035587	526.7911111111111
10663	212.81138790035587	526.7911111111111
10703	426.3345195729537	523.2355555555555
10736	279.53736654804266	681.4577777777778
10775	435.2313167259787	419.23555555555555
10810	334.69750889679716	347.23555555555555
10835	63.34519572953735	413.9022222222222
10865	228.8256227758007	455.68
10892	354.270462633452	485.90222222222224
10920	364.94661921708183	454.79111111111104
10949	281.31672597864764	441.4577777777778
10978	140.7473309608541	525.0133333333333
11006	265.30249110320284	372.1244444444444
11039	191.45907473309606	523.2355555555555
11069	179.0035587188612	545.4577777777778
11103	-45.19572953736656	652.1244444444444
11137	158.5409252669039	523.2355555555555
11183	325.80071174377224	448.56888888888886
11219	41.992882562277565	532.1244444444444
11254	-7.829181494661932	467.2355555555556
11288	243.95017793594306	616.5688888888889
11319	83.80782918149465	631.68
11354	271.53024911032026	498.3466666666667
11387	-49.64412811387901	536.5688888888889
11420	-46.975088967971544	602.3466666666667
11453	158.5409252669039	422.7911111111111
11487	68.6832740213523	638.7911111111111
11522	217.2597864768683	571.2355555555556
11556	-16.725978647686844	633.4577777777778
11587	150.53380782918148	533.9022222222222
11620	1.9572953736654706	424.5688888888889
11654	104.27046263345196	559.68
11689	195.01779359430606	727.68
11719	195.01779359430606	727.68
11753	896.9750889679716	594.3466666666667
11787	506.405693950178	878.791111111111
11820	685.2313167259787	708.1244444444445
11846	477.04626334519577	799.68
11875	481.4946619217082	507.23555555555555
11900	147.864768683274	615.68
11929	204.80427046263344	523.2355555555555
11958	190.56939501779357	625.4577777777778
11989	110.49822064056939	633.4577777777778
12022	189.67971530249108	555.2355555555556
12053	237.72241992882562	571.2355555555556
12086	298.220640569395	580.1244444444444
12116	303.55871886120997	548.1244444444444
12165	117.61565836298932	582.791111111111
12203	114.05693950177935	583.6800000000001
12231	185.23131672597864	666.3466666666667
12258	326.69039145907476	426.3466666666667
12284	283.98576512455514	538.3466666666666
12314	128.2918149466192	581.9022222222222
12342	412.0996441281139	519.68
12370	248.3985765124555	573.0133333333333
12405	316.9039145907473	495.68
12445	293.7722419928825	461.0133333333334
12474	308.0071174377224	651.2355555555556
12506	273.30960854092524	674.3466666666667
12533	422.7758007117437	623.68
12561	353.38078291814946	613.9022222222221
12591	454.80427046263344	522.3466666666667
12636	148.7544483985765	638.7911111111111
12663	220.8185053380783	575.6800000000001
12691	-7.829181494661932	660.1244444444444
12737	137.1886120996441	703.68
12771	24.199288256227746	651.2355555555556
12796	362.2775800711744	621.9022222222222
12821	362.2775800711744	621.9022222222222
12870	378.29181494661924	712.5688888888889
12916	309.7864768683274	686.791111111111
12941	17.08185053380782	701.0133333333333
12971	10.854092526690382	790.791111111111
13008	166.54804270462634	650.3466666666666
13054	192.34875444839858	666.3466666666667
13090	214.59074733096085	581.0133333333333
13120	277.7580071174377	650.3466666666666
13154	324.9110320284697	813.0133333333333
13186	195.01779359430606	647.68
13220	324.9110320284697	661.9022222222222
13244	247.50889679715303	685.9022222222222
13273	246.61921708185054	604.1244444444444
13300	138.0782918149466	669.9022222222222
13328	242.17081850533805	622.7911111111111
13356	242.17081850533805	622.7911111111111
13383	254.62633451957294	603.2355555555555
13420	347.153024911032	524.1244444444444
13453	136.2989323843416	652.1244444444444
13486	200.35587188612098	678.791111111111
13520	390.7473309608541	597.9022222222222
13553	266.1921708185053	638.7911111111111
13586	219.0391459074733	685.0133333333333
13620	390.7473309608541	564.1244444444444
13653	338.2562277580071	621.0133333333333
13677	179.0035587188612	709.0133333333333
13707	181.67259786476868	670.791111111111
13732	-2.491103202846985	794.3466666666667
13759	-2.491103202846985	794.3466666666667
13788	267.0818505338078	624.5688888888889
13835	171.88612099644126	750.7911111111111
13859	2.8469750889679615	739.2355555555556
13886	252.84697508896798	653.0133333333333
13912	118.5053380782918	687.6800000000001
13941	367.61565836298934	627.2355555555555
13971	176.33451957295372	654.791111111111
14020	466.37010676156586	598.7911111111111
14045	361.38790035587186	503.67999999999995
14069	430.7829181494662	621.9022222222222
14094	340.9252669039146	628.1244444444444
14122	387.1886120996441	467.2355555555556
14149	488.61209964412814	579.2355555555555
14179	213.70106761565836	611.2355555555555
14203	235.05338078291814	682.3466666666667
14232	203.91459074733095	570.3466666666667
14259	404.98220640569394	643.2355555555556
14294	130.07117437722417	604.1244444444444
14326	340.0355871886121	281.4577777777778
14353	319.57295373665477	635.2355555555556
14403	347.153024911032	560.5688888888889
14433	244.83985765124555	773.9022222222222
14466	203.02491103202846	724.1244444444444
14492	361.38790035587186	706.3466666666667
14518	361.38790035587186	706.3466666666667
14546	389.8576512455516	637.9022222222222
14583	325.80071174377224	644.1244444444444
14616	343.594306049822	635.2355555555556
14644	462.8113879003559	694.7911111111111
14673	275.0889679715303	637.0133333333333
14700	251.067615658363	670.791111111111
14727	486.8327402135232	534.7911111111111
14755	353.38078291814946	625.4577777777778
14803	332.02846975088966	664.5688888888889
14833	233.27402135231316	772.1244444444444
14860	202.13523131672596	669.9022222222222
14889	236.83274021352312	858.3466666666666
14936	236.83274021352312	858.3466666666666
14962	477.04626334519577	677.0133333333333
14992	476.15658362989325	868.1244444444445
15020	469.92882562277583	837.9022222222222
15048	751.067615658363	782.791111111111
15083	541.9928825622776	671.6800000000001
15117	528.6476868327402	716.1244444444445
15142	350.71174377224196	687.6800000000001
15170	239.5017793594306	723.2355555555555
15199	284.87544483985766	783.6800000000001
15226	291.1032028469751	799.68
15253	256.4056939501779	693.9022222222222
15277	169.2170818505338	705.4577777777778
15305	307.1174377224199	541.9022222222222
15336	61.565836298932375	661.9022222222222
15370	377.4021352313167	564.1244444444444
15406	297.3309608540925	751.68
15440	381.8505338078292	543.68
15471	307.1174377224199	797.9022222222222
15499	253.73665480427044	818.3466666666666
15526	253.73665480427044	818.3466666666666
15570	235.94306049822063	605.0133333333333
15600	258.1850533807829	754.3466666666666
15628	233.27402135231316	612.1244444444445
15655	170.99644128113877	750.7911111111111
15684	374.7330960854092	541.0133333333333
15712	243.95017793594306	806.791111111111
15739	333.80782918149464	527.68
15787	171.88612099644126	715.2355555555555
15818	284.87544483985766	592.5688888888889
15845	356.9395017793594	723.2355555555555
15877	428.1138790035587	576.5688888888889
15902	283.98576512455514	670.791111111111
15929	404.98220640569394	545.4577777777778
15956	357.8291814946619	763.2355555555556
15982	421.8861209964413	479.68
16007	278.6476868327402	827.2355555555555
16035	202.13523131672596	759.68
16064	298.220640569395	618.3466666666667
16093	283.98576512455514	609.4577777777778
16117	268.8612099644128	642.3466666666666
16145	241.28113879003558	716.1244444444445
16173	150.53380782918148	813.0133333333333
16220	273.30960854092524	557.0133333333333
16261	222.59786476868325	690.3466666666667
16291	558.0071174377225	572.1244444444444
16318	120.28469750889678	793.4577777777778
16346	371.17437722419925	515.2355555555555
16373	300.8896797153025	674.3466666666667
16399	431.6725978647687	535.68
16423	206.58362989323842	719.68
16453	406.7615658362989	508.12444444444446
16480	148.7544483985765	731.2355555555555
16508	576.6903914590747	499.2355555555555
16554	91.81494661921707	517.9022222222221
16586	407.65124555160145	583.6800000000001
16615	312.4555160142349	567.6800000000001
16638	330.2491103202847	604.1244444444444
16664	404.0925266903915	592.5688888888889
16696	266.1921708185053	697.4577777777778
16725	466.37010676156586	522.3466666666667
16752	441.4590747330961	553.4577777777778
16781	469.03914590747337	652.1244444444444
16811	213.70106761565836	656.5688888888889
16836	670.1067615658363	613.0133333333333
16864	360.4982206405694	561.4577777777778
16894	450.35587188612095	620.1244444444444
16926	368.5053380782918	602.3466666666667
16957	420.9964412811388	654.791111111111
16986	300.8896797153025	523.2355555555555
17015	495.7295373665481	483.2355555555555
17043	225.26690391459073	583.6800000000001
17067	352.491103202847	733.0133333333333
17093	352.491103202847	733.0133333333333
17117	217.2597864768683	488.56888888888886
17142	283.0960854092527	717.0133333333333
17166	319.57295373665477	481.4577777777778
17192	295.5516014234875	693.0133333333333
17220	311.56583629893237	545.4577777777778
17270	247.50889679715303	772.1244444444444
17298	312.4555160142349	638.7911111111111
17325	261.7437722419929	671.6800000000001
17355	303.55871886120997	550.7911111111111
17378	448.576512455516	822.791111111111
17407	523.3096085409253	1044.1244444444444
17454	556.2277580071175	890.3466666666667
17485	389.8576512455516	741.0133333333333
17510	485.9430604982207	798.7911111111111
17538	426.3345195729537	735.68
17586	354.270462633452	711.68
17615	439.6797153024911	640.568888888889
17646	271.53024911032026	593.4577777777778
17674	149.644128113879	725.0133333333333
17701	245.72953736654804	649.4577777777778
17727	364.05693950177937	524.1244444444444
17752	280.4270462633452	675.2355555555555
17783	421.8861209964413	588.1244444444444
17812	308.0071174377224	622.7911111111111
17842	372.06405693950177	569.4577777777778
17868	514.4128113879004	567.6800000000001
17894	434.34163701067615	574.791111111111
17922	470.81850533807835	595.2355555555555
17970	418.3274021352313	529.4577777777778
17996	482.3843416370107	543.68
18023	485.0533807829182	485.0133333333333
18050	440.56939501779357	564.1244444444444
18081	526.8683274021353	639.68
18113	459.252669039146	543.68
18140	445.01779359430606	489.4577777777777
18178	541.1032028469751	584.5688888888889
18212	421.8861209964413	488.56888888888886
18236	438.7900355871886	405.0133333333333
18263	410.32028469750884	477.01333333333326
18289	501.067615658363	417.4577777777778
18315	306.2277580071174	521.4577777777778
18342	272.4199288256228	576.5688888888889
18372	507.2953736654805	631.68
18397	308.0071174377224	610.3466666666667
18424	480.60498220640574	619.2355555555555
18470	425.44483985765123	565.9022222222222
18498	429.0035587188612	568.5688888888889
18525	467.2597864768684	573.0133333333333
18552	335.5871886120996	585.4577777777777
18578	292.88256227758006	535.68
18608	275.0889679715303	535.68
18636	362.2775800711744	616.5688888888889
18665	268.8612099644128	538.3466666666666
18693	342.70462633451956	505.4577777777777
18737	381.8505338078292	539.2355555555556
18764	181.67259786476868	504.56888888888886
18791	161.2099644128114	533.0133333333333
18820	340.0355871886121	491.2355555555555
18849	162.09964412811388	596.1244444444444
18876	268.8612099644128	570.3466666666667
18903	190.56939501779357	597.0133333333333
18931	318.6832740213523	651.2355555555556
18963	115.83629893238432	560.5688888888889
18992	66.90391459074732	554.3466666666666
19037	130.96085409252666	500.12444444444446
19077	150.53380782918148	405.0133333333333
19106	171.88612099644126	461.0133333333334
19133	66.90391459074732	436.1244444444444
19164	140.7473309608541	446.79111111111115
19190	140.7473309608541	446.79111111111115
19220	146.08540925266902	520.5688888888889
19253	158.5409252669039	487.68
19286	305.3380782918149	426.3466666666667
19315	218.14946619217082	637.9022222222222
19344	400.53380782918146	701.9022222222222
19374	352.491103202847	584.5688888888889
19420	500.1779359430606	593.4577777777778
19446	300.8896797153025	512.5688888888889
19473	225.26690391459073	621.0133333333333
19499	291.99288256227754	543.68
19527	234.16370106761565	598.7911111111111
19565	371.17437722419925	568.5688888888889
19605	324.9110320284697	594.3466666666667
19636	333.80782918149464	565.9022222222222
19664	280.4270462633452	519.68
19691	264.4128113879004	642.3466666666666
19719	252.84697508896798	541.9022222222222
19747	341.8149466192171	568.5688888888889
19775	278.6476868327402	530.3466666666666
19804	311.56583629893237	597.9022222222222
19831	311.56583629893237	597.9022222222222
19858	306.2277580071174	496.56888888888886
19884	388.9679715302491	563.2355555555556
19935	248.3985765124555	615.68
19963	276.86832740213526	525.0133333333333
19986	276.86832740213526	525.0133333333333
20009	436.1209964412811	556.1244444444444
20038	114.05693950177935	620.1244444444444
20064	114.05693950177935	620.1244444444444
20091	208.3629893238434	629.9022222222222
20117	301.779359430605	596.1244444444444
20145	265.30249110320284	597.0133333333333
20174	311.56583629893237	583.6800000000001
20201	231.49466192170817	583.6800000000001
20235	392.52669039145906	628.1244444444444
20260	392.52669039145906	628.1244444444444
20287	186.12099644128114	442.34666666666664
20316	363.16725978647685	642.3466666666666
20341	214.59074733096085	559.68
20387	229.7153024911032	579.2355555555555
20414	235.05338078291814	493.90222222222224
20441	261.7437722419929	470.7911111111111
20467	261.7437722419929	470.7911111111111
20490	205.69395017793593	441.4577777777778
20521	218.14946619217082	431.67999999999995
20546	200.35587188612098	473.4577777777778
20575	240.3914590747331	437.0133333333333
20603	252.84697508896798	527.68
20633	331.13879003558714	380.12444444444446
20660	179.8932384341637	384.56888888888886
20688	273.30960854092524	316.1244444444444
20714	256.4056939501779	484.12444444444446
20742	308.8967971530249	363.23555555555555
20769	243.95017793594306	426.3466666666667
20799	294.66192170818505	401.4577777777777
20833	294.66192170818505	401.4577777777777
20859	372.06405693950177	417.4577777777778
20904	235.05338078291814	436.1244444444444
20944	269.75088967971527	319.68
20967	259.0747330960854	328.56888888888886
20993	356.04982206405697	349.0133333333333
21026	319.57295373665477	277.0133333333333
21058	428.1138790035587	187.23555555555552
21083	392.52669039145906	418.3466666666667
21113	333.80782918149464	294.7911111111111
21143	139.85765124555158	343.68
21169	275.0889679715303	308.1244444444444
21199	312.4555160142349	277.0133333333333
21228	312.4555160142349	277.0133333333333
21256	336.47686832740214	317.90222222222224
21283	130.07117437722417	343.68
21309	349.8220640569395	404.12444444444446
21336	344.48398576512454	439.68
21362	355.16014234875445	340.12444444444446
21386	127.40213523131672	389.9022222222222
21415	195.01779359430606	370.34666666666664
21442	85.58718861209962	389.0133333333333
21468	89.14590747330959	421.0133333333333
21496	208.3629893238434	227.23555555555555
21524	211.03202846975088	290.3466666666667
21558	159.4306049822064	253.01333333333332
21590	280.4270462633452	240.56888888888886
21617	251.95729537366546	321.4577777777778
21647	182.56227758007114	361.4577777777777
21682	290.2135231316726	350.7911111111111
21715	333.80782918149464	367.68
21743	276.86832740213526	388.12444444444446
21770	296.44128113879003	333.9022222222222
21798	296.44128113879003	333.9022222222222
21826	281.31672597864764	303.68
21855	363.16725978647685	247.67999999999998
21882	274.19928825622776	484.12444444444446
21908	302.6690391459075	357.0133333333333
21941	244.83985765124555	329.4577777777778
21968	224.37722419928824	434.34666666666664
21996	291.99288256227754	366.7911111111111
22025	266.1921708185053	355.23555555555555
22052	296.44128113879003	338.34666666666664
22076	157.65124555160142	384.56888888888886
22104	157.65124555160142	384.56888888888886
22130	162.98932384341634	321.4577777777778
22159	159.4306049822064	493.0133333333333
22187	206.58362989323842	297.4577777777778
22214	173.66548042704625	374.7911111111111
22243	193.23843416370107	382.7911111111111
22269	228.8256227758007	361.4577777777777
22294	67.79359430604981	286.7911111111111
22324	219.0391459074733	331.23555555555555
22353	208.3629893238434	385.4577777777778
22382	291.1032028469751	299.2355555555555
22417	283.0960854092527	222.79111111111112
22451	284.87544483985766	369.4577777777778
22480	190.56939501779357	324.12444444444446
22507	308.8967971530249	237.01333333333335
22535	308.8967971530249	237.01333333333335
22562	258.1850533807829	217.45777777777775
22591	189.67971530249108	141.9022222222222
22617	196.797153024911	243.23555555555555
22652	224.37722419928824	147.23555555555555
22703	319.57295373665477	128.56888888888886
22730	161.2099644128114	191.67999999999998
22759	161.2099644128114	191.67999999999998
22794	324.9110320284697	213.01333333333332
22827	162.09964412811388	197.01333333333332
22853	89.14590747330959	203.23555555555552
22903	324.02135231316726	139.23555555555552
22931	332.9181494661921	136.56888888888886
22959	352.491103202847	161.45777777777778
22986	318.6832740213523	136.56888888888886
23014	383.62989323843414	109.01333333333334
23041	385.4092526690391	53.90222222222222
23071	431.6725978647687	345.4577777777778
23099	419.2170818505338	150.7911111111111
23128	419.2170818505338	150.7911111111111
23159	400.53380782918146	132.12444444444444
23188	363.16725978647685	131.23555555555555
23237	322.2419928825623	144.5688888888889
23267	309.7864768683274	237.01333333333335
23294	219.0391459074733	149.9022222222222
23324	196.797153024911	163.23555555555552
23353	152.31316725978647	211.23555555555552
23377	173.66548042704625	158.7911111111111
23404	252.84697508896798	174.7911111111111
23453	196.797153024911	235.23555555555555
23481	255.5160142348754	181.01333333333332
23511	138.0782918149466	138.34666666666666
23540	351.6014234875445	225.45777777777775
23567	253.73665480427044	397.0133333333333
23591	235.94306049822063	555.2355555555556
23617	495.7295373665481	1058.3466666666668
23645	624.7330960854093	781.0133333333333
23670	624.7330960854093	781.0133333333333
23697	580.2491103202847	771.2355555555556
23729	482.3843416370107	792.5688888888889
23763	348.0427046263345	634.3466666666666
23794	450.35587188612095	598.7911111111111
23820	345.373665480427	563.2355555555556
23844	364.05693950177937	485.90222222222224
23872	306.2277580071174	485.90222222222224
23899	270.6405693950178	333.0133333333333
23923	270.6405693950178	333.0133333333333
23949	207.47330960854092	237.01333333333335
23979	258.1850533807829	259.23555555555555
24011	336.47686832740214	225.45777777777775
24040	306.2277580071174	209.45777777777778
24087	204.80427046263344	213.01333333333332
24116	227.04626334519574	184.56888888888886
24151	200.35587188612098	138.34666666666666
24178	176.33451957295372	159.67999999999998
24207	251.067615658363	123.23555555555555
24230	251.067615658363	123.23555555555555
24253	2.8469750889679615	175.67999999999998
24281	123.84341637010675	85.01333333333334
24308	123.84341637010675	161.45777777777778
24345	81.13879003558718	223.67999999999998
24376	189.67971530249108	157.01333333333332
24404	170.10676156583628	206.7911111111111
24433	49.1103202846975	276.12444444444446
24460	192.34875444839858	253.9022222222222
24490	164.76868327402133	238.7911111111111
24518	319.57295373665477	141.01333333333332
24546	146.08540925266902	207.68
24573	161.2099644128114	195.23555555555555
24621	46.441281138790025	159.67999999999998
24671	6.405693950177926	241.45777777777778
24697	-9.608540925266913	269.90222222222224
24728	29.537366548042694	229.90222222222224
24766	99.8220640569395	124.12444444444444
24796	144.30604982206404	271.67999999999995
24826	66.90391459074732	149.9022222222222
24856	250.17793594306048	206.7911111111111
24884	236.83274021352312	172.12444444444444
24914	420.9964412811388	163.23555555555552
24943	317.7935943060498	126.79111111111109
24970	331.13879003558714	124.12444444444444
24999	331.13879003558714	124.12444444444444
25032	425.44483985765123	153.45777777777775
25087	358.71886120996436	90.34666666666666
25114	380.0711743772242	249.45777777777778
25137	325.80071174377224	309.90222222222224
25187	257.29537366548044	135.67999999999998
25237	436.1209964412811	190.7911111111111
25281	388.9679715302491	99.23555555555555
25311	262.6334519572954	101.01333333333334
25337	262.6334519572954	101.01333333333334
25364	324.02135231316726	139.23555555555552
25392	308.0071174377224	174.7911111111111
25430	387.1886120996441	143.67999999999998
25487	408.5409252669039	189.01333333333332
25514	606.049822064057	223.67999999999998
25541	450.35587188612095	155.23555555555555
25568	450.35587188612095	155.23555555555555
25595	439.6797153024911	134.7911111111111
25622	363.16725978647685	162.34666666666666
25649	499.28825622775804	204.1244444444444
25684	491.28113879003564	245.9022222222222
25716	551.779359430605	133.9022222222222
25748	577.5800711743773	97.45777777777778
25777	368.5053380782918	186.34666666666666
25805	352.491103202847	276.12444444444446
25833	427.2241992882562	170.34666666666664
25860	427.2241992882562	170.34666666666664
25886	348.932384341637	173.9022222222222
25914	379.1814946619217	183.68
25950	460.14234875444845	93.90222222222222
25986	275.0889679715303	113.45777777777776
26036	313.34519572953735	227.23555555555555
26087	330.2491103202847	178.34666666666666
26113	336.47686832740214	112.56888888888889
26142	276.86832740213526	140.12444444444444
26171	188.7900355871886	183.68
26220	150.53380782918148	142.7911111111111
26244	108.7188612099644	154.34666666666666
26275	-47.86476868327403	129.45777777777775
26309	-20.28469750889681	123.23555555555555
26338	58.007117437722414	210.34666666666664
26369	58.007117437722414	210.34666666666664
26393	-40.7473309608541	165.01333333333332
26421	154.98220640569394	151.68
26445	84.69750889679715	175.67999999999998
26471	84.69750889679715	175.67999999999998
26502	159.4306049822064	208.5688888888889
26526	172.77580071174376	213.01333333333332
26555	209.2526690391459	304.56888888888886
26584	-17.615658362989333	248.5688888888889
26611	165.65836298932382	187.23555555555552
26645	44.66192170818505	167.67999999999998
26680	214.59074733096085	189.9022222222222
26709	79.3594306049822	228.12444444444444
26737	-40.7473309608541	189.9022222222222
26788	139.85765124555158	172.12444444444444
26853	84.69750889679715	189.9022222222222
26904	101.60142348754448	120.56888888888888
26951	25.088967971530238	195.23555555555555
26975	177.22419928825622	16.56888888888889
27004	184.34163701067615	367.68
27031	366.7259786476868	345.4577777777778
27058	290.2135231316726	667.2355555555556
27088	372.06405693950177	872.568888888889
27115	658.540925266904	755.2355555555556
27144	482.3843416370107	805.9022222222221
27173	718.1494661921708	587.2355555555555
27202	660.3202846975089	737.4577777777778
27253	294.66192170818505	685.9022222222222
27281	574.9110320284698	531.2355555555555
27310	456.5836298932385	532.1244444444444
27337	454.80427046263344	443.23555555555555
27364	255.5160142348754	578.3466666666667
27389	460.14234875444845	433.4577777777778
27420	344.48398576512454	625.4577777777778
27444	324.02135231316726	517.0133333333333
27472	438.7900355871886	475.2355555555555
27500	315.12455516014234	413.9022222222222
27531	420.1067615658363	410.3466666666667
27569	283.98576512455514	555.2355555555556
27603	205.69395017793593	560.5688888888889
27640	331.13879003558714	429.0133333333333
27670	354.270462633452	620.1244444444444
27699	271.53024911032026	606.7911111111111
27754	387.1886120996441	582.791111111111
27786	308.8967971530249	670.791111111111
27822	425.44483985765123	493.0133333333333
27847	241.28113879003558	573.0133333333333
27876	372.95373665480423	538.3466666666666
27904	266.1921708185053	653.9022222222222
27934	553.55871886121	389.9022222222222
27957	453.9145907473309	609.4577777777778
27986	424.5551601423487	671.6800000000001
28020	356.9395017793594	614.7911111111111
28064	403.20284697508896	547.2355555555556
28091	342.70462633451956	491.2355555555555
28120	493.0604982206406	541.9022222222222
28155	367.61565836298934	459.23555555555555
28186	437.9003558718861	553.4577777777778
28214	501.9572953736655	473.4577777777778
28240	436.1209964412811	421.9022222222222
28270	574.0213523131673	458.34666666666664
28303	550.0	507.23555555555555
28333	493.9501779359431	421.0133333333333
28359	501.067615658363	562.3466666666667
28386	194.12811387900356	559.68
28412	394.30604982206404	603.2355555555555
28439	328.46975088967974	442.34666666666664
28470	530.4270462633452	543.68
28503	441.4590747330961	526.7911111111111
28536	350.71174377224196	533.9022222222222
28570	395.19572953736656	574.791111111111
28603	260.8540925266904	551.68
28636	387.1886120996441	553.4577777777778
28670	204.80427046263344	573.9022222222222
28708	204.80427046263344	573.9022222222222
28736	346.2633451957295	556.1244444444444
28770	455.69395017793596	590.791111111111
28804	319.57295373665477	624.5688888888889
28853	187.90035587188612	770.3466666666667
28887	410.32028469750884	414.7911111111111
28920	257.29537366548044	644.1244444444444
28953	444.12811387900354	611.2355555555555
28986	280.4270462633452	461.0133333333334
29011	306.2277580071174	428.1244444444444
29041	308.8967971530249	543.68
29067	571.3523131672599	431.67999999999995
29094	249.28825622775798	689.4577777777778
29120	436.1209964412811	469.90222222222224
29147	321.35231316725975	614.7911111111111
29173	388.9679715302491	621.0133333333333
29201	304.44839857651243	637.9022222222222
29229	401.423487544484	568.5688888888889
29252	357.8291814946619	734.7911111111111
29281	448.576512455516	546.3466666666666
29306	340.0355871886121	639.68
29331	396.9750889679715	544.5688888888889
29357	459.252669039146	690.3466666666667
29385	421.8861209964413	437.9022222222222
29437	439.6797153024911	595.2355555555555
29465	460.14234875444845	497.4577777777777
29494	19.750889679715293	600.5688888888889
29520	398.75444839857647	443.23555555555555
29549	367.61565836298934	648.5688888888889
29578	434.34163701067615	565.9022222222222
29605	445.01779359430606	630.7911111111111
29630	377.4021352313167	564.1244444444444
29660	460.14234875444845	617.4577777777778
29689	469.03914590747337	517.0133333333333
29717	324.9110320284697	781.0133333333333
29742	377.4021352313167	597.0133333333333
29771	379.1814946619217	575.6800000000001
29799	405.87188612099646	669.9022222222222
29827	510.85409252669047	477.90222222222224
29854	324.02135231316726	612.1244444444445
29880	498.3985765124556	484.12444444444446
29908	498.3985765124556	484.12444444444446
29944	519.7508896797154	427.23555555555555
29981	554.4483985765125	570.3466666666667
30007	554.4483985765125	570.3466666666667
30033	643.4163701067615	437.9022222222222
30069	501.9572953736655	540.1244444444444
30104	558.0071174377225	596.1244444444444
30131	525.0889679715302	536.5688888888889
30164	526.8683274021353	542.7911111111111
30192	606.9395017793595	526.7911111111111
30219	406.7615658362989	545.4577777777778
30246	389.8576512455516	492.12444444444446
30271	585.5871886120997	481.4577777777778
30294	437.0106761565836	461.90222222222224
30321	386.29893238434164	549.9022222222222
30351	439.6797153024911	443.23555555555555
30381	195.90747330960852	569.4577777777778
30408	415.65836298932385	559.68
30453	394.30604982206404	378.34666666666664
30486	206.58362989323842	621.9022222222222
30537	573.1316725978648	368.56888888888886
30578	183.45195729537366	630.7911111111111
30608	553.55871886121	387.23555555555555
30636	354.270462633452	688.5688888888889
30687	559.7864768683274	382.7911111111111
30717	437.0106761565836	661.9022222222222
30746	471.7081850533808	462.79111111111104
30778	396.9750889679715	576.5688888888889
30809	472.59786476868334	498.3466666666667
30838	377.4021352313167	667.2355555555556
30864	325.80071174377224	395.23555555555555
30903	471.7081850533808	697.4577777777778
30943	498.3985765124556	341.9022222222222
30980	417.43772241992883	733.9022222222222
31009	670.9964412811388	454.79111111111104
31039	521.5302491103203	476.12444444444446
31067	592.7046263345196	348.1244444444444
31094	646.9750889679716	483.2355555555555
31127	496.6192170818506	398.7911111111111
31154	420.9964412811388	653.9022222222222
31203	625.6227758007118	388.12444444444446
31232	488.61209964412814	670.791111111111
31259	421.8861209964413	400.56888888888886
31287	350.71174377224196	749.9022222222222
31316	489.5017793594306	554.3466666666666
31341	260.8540925266904	585.4577777777777
31370	546.4412811387901	341.9022222222222
31403	326.69039145907476	667.2355555555556
31428	485.9430604982207	337.4577777777778
31455	254.62633451957294	640.568888888889
31483	275.0889679715303	719.68
31506	377.4021352313167	800.5688888888889
31532	276.86832740213526	685.9022222222222
31559	234.16370106761565	778.3466666666667
31586	333.80782918149464	650.3466666666666
31614	300.8896797153025	665.4577777777778
31642	415.65836298932385	801.4577777777778
31669	356.04982206405697	867.2355555555555
31697	457.473309608541	802.3466666666666
31726	401.423487544484	646.7911111111111
31755	667.4377224199288	718.7911111111111
31782	458.36298932384346	788.1244444444444
31810	398.75444839857647	662.791111111111
31839	276.86832740213526	693.0133333333333
31886	251.95729537366546	837.0133333333333
31914	278.6476868327402	735.68
31942	278.6476868327402	735.68
31968	453.9145907473309	564.1244444444444
32020	441.4590747330961	484.12444444444446
32048	372.95373665480423	624.5688888888889
32077	545.5516014234876	429.0133333333333
32107	231.49466192170817	512.5688888888889
32134	432.56227758007117	449.4577777777778
32161	282.20640569395016	573.0133333333333
32199	502.846975088968	430.79111111111115
32246	444.12811387900354	604.1244444444444
32274	427.2241992882562	388.12444444444446
32301	383.62989323843414	621.0133333333333
32329	289.3238434163701	618.3466666666667
32358	482.3843416370107	537.4577777777778
32385	324.9110320284697	421.9022222222222
32420	315.12455516014234	640.568888888889
32453	467.2597864768684	333.9022222222222
32487	377.4021352313167	533.0133333333333
32515	445.01779359430606	370.34666666666664
32551	261.7437722419929	580.1244444444444
32582	324.9110320284697	419.23555555555555
32609	267.9715302491103	621.0133333333333
32643	396.9750889679715	342.7911111111111
32670	420.1067615658363	403.23555555555555
32697	313.34519572953735	349.9022222222222
32724	283.98576512455514	589.0133333333333
32753	501.9572953736655	457.4577777777778
32783	327.5800711743772	571.2355555555556
32811	485.9430604982207	427.23555555555555
32839	427.2241992882562	438.79111111111115
32871	447.68683274021356	329.4577777777778
32898	425.44483985765123	444.1244444444444
32928	369.3950177935943	316.1244444444444
32951	376.5124555160142	422.7911111111111
32976	389.8576512455516	376.56888888888886
33005	307.1174377224199	601.4577777777778
33029	464.5907473309609	355.23555555555555
33061	399.644128113879	616.5688888888889
33094	374.7330960854092	397.9022222222222
33123	443.2384341637011	318.7911111111111
33150	474.3772241992883	340.12444444444446
33182	556.2277580071175	581.9022222222222
33237	500.1779359430606	383.67999999999995
33266	535.7651245551602	483.2355555555555
33294	475.2669039145908	529.4577777777778
33322	568.6832740213523	443.23555555555555
33353	530.4270462633452	453.90222222222224
33387	460.14234875444845	406.7911111111111
33420	403.20284697508896	603.2355555555555
33446	378.29181494661924	517.9022222222221
33487	683.4519572953736	450.34666666666664
33520	654.982206405694	478.7911111111111
33557	646.0854092526691	428.1244444444444
33590	562.455516014235	480.56888888888886
33619	364.05693950177937	604.1244444444444
33655	348.932384341637	364.1244444444444
33686	279.53736654804266	564.1244444444444
33720	388.0782918149466	508.12444444444446
33757	325.80071174377224	531.2355555555555
33786	213.70106761565836	529.4577777777778
33820	372.06405693950177	582.791111111111
33853	215.48042704626332	585.4577777777777
33886	370.2846975088968	645.0133333333333
33923	324.9110320284697	656.5688888888889
33954	267.9715302491103	509.9022222222222
33987	246.61921708185054	627.2355555555555
34020	286.65480427046265	499.2355555555555
34056	275.97864768683274	594.3466666666667
34095	343.594306049822	549.9022222222222
34124	166.54804270462634	654.791111111111
34154	452.13523131672594	551.68
34182	251.95729537366546	629.9022222222222
34211	407.65124555160145	622.7911111111111
34239	365.83629893238435	629.9022222222222
34263	527.7580071174378	564.1244444444444
34292	284.87544483985766	603.2355555555555
34320	499.28825622775804	488.56888888888886
34348	163.87900355871884	736.5688888888889
34377	353.38078291814946	563.2355555555556
34406	253.73665480427044	672.5688888888889
34430	432.56227758007117	531.2355555555555
34455	418.3274021352313	652.1244444444444
34484	487.7224199288257	568.5688888888889
34519	394.30604982206404	539.2355555555556
34547	399.644128113879	476.12444444444446
34575	440.56939501779357	541.0133333333333
34604	365.83629893238435	426.3466666666667
34631	448.576512455516	469.90222222222224
34659	315.12455516014234	522.3466666666667
34684	235.94306049822063	594.3466666666667
34720	419.2170818505338	588.1244444444444
34770	344.48398576512454	718.7911111111111
34803	381.8505338078292	588.1244444444444
34837	345.373665480427	670.791111111111
34870	573.1316725978648	599.68
34904	547.3309608540926	780.1244444444444
34939	523.3096085409253	561.4577777777778
34975	481.4946619217082	603.2355555555555
35006	481.4946619217082	603.2355555555555
35036	425.44483985765123	655.68
35070	556.2277580071175	515.2355555555555
35098	529.5373665480428	600.5688888888889
35126	423.66548042704625	658.3466666666666
35151	399.644128113879	685.0133333333333
35179	372.95373665480423	793.4577777777778
35203	372.95373665480423	793.4577777777778
35227	354.270462633452	573.0133333333333
35253	368.5053380782918	646.7911111111111
35286	353.38078291814946	694.7911111111111
35320	412.0996441281139	712.5688888888889
35370	267.9715302491103	832.5688888888889
35403	327.5800711743772	818.3466666666666
35437	344.48398576512454	733.9022222222222
35470	244.83985765124555	680.5688888888889
35503	265.30249110320284	709.9022222222221
35537	195.90747330960852	633.4577777777778
35573	273.30960854092524	737.4577777777778
35603	130.07117437722417	733.0133333333333
35636	138.9679715302491	715.2355555555555
35670	345.373665480427	558.791111111111
35703	279.53736654804266	746.3466666666666
35736	222.59786476868325	656.5688888888889
35770	317.7935943060498	809.4577777777778
35799	317.7935943060498	809.4577777777778
35826	356.9395017793594	701.9022222222222
35853	221.7081850533808	692.1244444444444
35903	460.14234875444845	794.3466666666667
35936	138.9679715302491	910.7911111111113
35970	518.8612099644129	716.1244444444445
36003	444.12811387900354	669.9022222222222
36042	621.1743772241994	709.9022222222221
36070	587.3665480427047	810.3466666666666
36094	517.0818505338078	604.1244444444444
36122	466.37010676156586	687.6800000000001
36151	454.80427046263344	689.4577777777778
36179	446.79715302491104	721.4577777777778
36221	317.7935943060498	680.5688888888889
36253	418.3274021352313	742.7911111111111
36286	438.7900355871886	766.791111111111
36314	499.28825622775804	739.2355555555556
36344	509.96441281138794	779.2355555555555
36379	430.7829181494662	786.3466666666667
36411	389.8576512455516	661.0133333333333
36440	389.8576512455516	661.0133333333333
36467	403.20284697508896	697.4577777777778
36494	388.9679715302491	646.7911111111111
36521	395.19572953736656	701.0133333333333
36547	340.9252669039146	617.4577777777778
36573	396.085409252669	715.2355555555555
36603	269.75088967971527	643.2355555555556
36631	442.34875444839855	746.3466666666666
36666	275.0889679715303	634.3466666666666
36691	478.82562277580075	706.3466666666667
36720	312.4555160142349	615.68
36747	388.9679715302491	704.5688888888889
36772	388.9679715302491	704.5688888888889
36799	396.085409252669	819.2355555555556
36822	480.60498220640574	643.2355555555556
36849	517.0818505338078	728.5688888888889
36886	519.7508896797154	711.68
36920	445.01779359430606	718.7911111111111
36959	445.9074733096085	701.9022222222222
36988	478.82562277580075	779.2355555555555
37020	571.3523131672599	614.7911111111111
37053	394.30604982206404	766.791111111111
37086	473.4875444839858	710.7911111111111
37120	432.56227758007117	684.1244444444444
37155	535.7651245551602	537.4577777777778
37186	644.3060498220641	575.6800000000001
37220	639.8576512455516	491.2355555555555
37253	585.5871886120997	649.4577777777778
37286	611.3879003558719	748.1244444444444
37321	733.2740213523132	555.2355555555556
37350	741.2811387900357	700.1244444444444
37377	662.0996441281139	673.4577777777778
37405	638.0782918149467	727.68
37434	482.3843416370107	824.5688888888889
37460	543.7722419928826	647.68
37489	597.153024911032	717.0133333333333
37517	549.1103202846975	717.0133333333333
37543	549.1103202846975	717.0133333333333
37572	519.7508896797154	763.2355555555556
37618	562.455516014235	751.68
37651	323.13167259786474	670.791111111111
37680	511.743772241993	589.0133333333333
37708	597.153024911032	761.4577777777778
37734	597.153024911032	761.4577777777778
37761	338.2562277580071	770.3466666666667
37789	360.4982206405694	659.2355555555556
37816	319.57295373665477	791.6800000000001
37844	351.6014234875445	606.7911111111111
37873	444.12811387900354	728.5688888888889
37903	495.7295373665481	485.0133333333333
37949	516.1921708185054	672.5688888888889
37974	542.8825622775802	551.68
38001	509.96441281138794	713.4577777777778
38032	540.2135231316726	735.68
38065	410.32028469750884	656.5688888888889
38093	475.2669039145908	737.4577777777778
38122	230.60498220640568	752.5688888888889
38170	335.5871886120996	729.4577777777778
38197	300.0	758.791111111111
38226	435.2313167259787	821.0133333333333
38263	513.5231316725979	921.4577777777779
38293	395.19572953736656	917.9022222222222
38321	248.3985765124555	804.1244444444444
38352	513.5231316725979	689.4577777777778
38380	604.270462633452	777.4577777777778
38405	604.270462633452	777.4577777777778
38433	655.8718861209965	786.3466666666667
38461	404.98220640569394	725.9022222222222
38489	323.13167259786474	707.2355555555555
38516	211.92170818505338	736.5688888888889
38541	211.92170818505338	736.5688888888889
38565	243.06049822064054	738.3466666666666
38596	453.9145907473309	780.1244444444444
38626	332.02846975088966	772.1244444444444
38653	334.69750889679716	718.7911111111111
38682	288.43416370106763	722.3466666666667
38707	138.0782918149466	758.791111111111
38742	274.19928825622776	799.68
38787	232.38434163701066	801.4577777777778
38827	237.72241992882562	743.68
38860	281.31672597864764	788.1244444444444
38889	459.252669039146	646.7911111111111
38918	288.43416370106763	714.3466666666667
38951	393.4163701067616	548.1244444444444
38984	350.71174377224196	591.6800000000001
39013	198.576512455516	752.5688888888889
39042	138.0782918149466	822.791111111111
39069	225.26690391459073	644.1244444444444
39097	220.8185053380783	646.7911111111111
39128	174.55516014234874	723.2355555555555
39157	272.4199288256228	707.2355555555555
39186	118.5053380782918	722.3466666666667
39220	298.220640569395	829.9022222222222
39270	162.09964412811388	671.6800000000001
39303	168.32740213523132	722.3466666666667
39337	216.3701067615658	737.4577777777778
39370	126.51245551601423	704.5688888888889
39420	153.20284697508896	769.4577777777778
39453	152.31316725978647	686.791111111111
39503	146.08540925266902	741.0133333333333
39530	263.52313167259786	697.4577777777778
39556	297.3309608540925	625.4577777777778
39586	237.72241992882562	645.0133333333333
39613	409.4306049822064	548.1244444444444
39640	289.3238434163701	622.7911111111111
39666	317.7935943060498	640.568888888889
39700	308.0071174377224	589.0133333333333
39727	150.53380782918148	662.791111111111
39759	312.4555160142349	593.4577777777778
39786	261.7437722419929	631.68
39820	267.0818505338078	701.0133333333333
39853	223.48754448398574	633.4577777777778
39886	156.7615658362989	819.2355555555556
39920	225.26690391459073	822.791111111111
39955	422.7758007117437	707.2355555555555
39987	275.97864768683274	561.4577777777778
40020	106.04982206405693	844.1244444444445
40053	294.66192170818505	544.5688888888889
40087	343.594306049822	721.4577777777778
40116	305.3380782918149	450.34666666666664
40145	202.13523131672596	742.7911111111111
40174	237.72241992882562	407.67999999999995
40201	163.87900355871884	831.6800000000001
40226	243.06049822064054	488.56888888888886
40252	231.49466192170817	645.9022222222222
40279	316.01423487544486	790.791111111111
40303	331.13879003558714	716.1244444444445
40329	223.48754448398574	454.79111111111104
40358	254.62633451957294	707.2355555555555
40404	266.1921708185053	573.0133333333333
40434	324.02135231316726	717.9022222222221
40463	300.0	689.4577777777778
40491	245.72953736654804	658.3466666666666
40519	206.58362989323842	543.68
40547	225.26690391459073	657.4577777777778
40574	228.8256227758007	506.3466666666667
40602	265.30249110320284	594.3466666666667
40631	537.5444839857652	566.791111111111
40659	287.5444839857651	605.9022222222222
40687	412.98932384341634	464.56888888888886
40737	399.644128113879	563.2355555555556
40764	473.4875444839858	396.1244444444444
40794	410.32028469750884	641.4577777777778
40822	332.02846975088966	418.3466666666667
40850	286.65480427046265	578.3466666666667
40875	376.5124555160142	389.9022222222222
40906	385.4092526690391	493.90222222222224
40930	435.2313167259787	420.1244444444444
40954	396.9750889679715	421.0133333333333
40982	305.3380782918149	436.1244444444444
41006	317.7935943060498	533.0133333333333
41034	182.56227758007114	730.3466666666666
41087	439.6797153024911	499.2355555555555
41137	525.0889679715302	403.23555555555555
41179	267.0818505338078	726.7911111111111
41207	274.19928825622776	821.9022222222222
41236	601.6014234875445	813.9022222222221
41263	604.270462633452	889.4577777777778
41292	653.202846975089	861.9022222222222
41318	599.8220640569396	721.4577777777778
41353	497.50889679715306	737.4577777777778
41381	310.6761565836299	746.3466666666666
41412	420.9964412811388	741.9022222222222
41437	404.0925266903915	736.5688888888889
41467	386.29893238434164	719.68
41496	241.28113879003558	650.3466666666666
41523	227.04626334519574	699.2355555555555
41552	383.62989323843414	697.4577777777778
41580	208.3629893238434	717.0133333333333
41611	316.01423487544486	498.3466666666667
41641	226.15658362989322	823.6800000000001
41670	353.38078291814946	665.4577777777778
41703	436.1209964412811	684.1244444444444
41736	363.16725978647685	500.12444444444446
41774	529.5373665480428	531.2355555555555
41802	415.65836298932385	698.3466666666667
41830	332.9181494661921	764.1244444444444
41865	482.3843416370107	749.0133333333333
41903	517.0818505338078	674.3466666666667
41931	497.50889679715306	542.7911111111111
41959	514.4128113879004	697.4577777777778
41987	496.6192170818506	543.68
42015	368.5053380782918	679.6800000000001
42041	466.37010676156586	651.2355555555556
42070	437.0106761565836	749.9022222222222
42099	537.5444839857652	668.1244444444444
42123	386.29893238434164	750.7911111111111
42151	386.29893238434164	750.7911111111111
42175	449.4661921708185	538.3466666666666
42201	416.5480427046263	519.68
42236	359.6085409252669	730.3466666666666
42269	356.9395017793594	576.5688888888889
42294	503.73665480427053	596.1244444444444
42320	550.8896797153026	717.0133333333333
42347	400.53380782918146	645.0133333333333
42376	424.5551601423487	674.3466666666667
42420	568.6832740213523	648.5688888888889
42457	364.94661921708183	710.7911111111111
42484	424.5551601423487	661.9022222222222
42519	491.28113879003564	696.5688888888889
42546	628.2918149466192	775.6800000000001
42575	556.2277580071175	701.0133333333333
42603	477.93594306049823	674.3466666666667
42632	618.5053380782919	570.3466666666667
42663	630.0711743772242	807.6800000000001
42691	646.9750889679716	631.68
42720	632.7402135231317	539.2355555555556
42748	655.8718861209965	673.4577777777778
42777	579.3594306049823	501.90222222222224
42803	579.3594306049823	501.90222222222224
42827	513.5231316725979	589.9022222222222
42854	371.17437722419925	778.3466666666667
42882	529.5373665480428	646.7911111111111
42905	413.87900355871886	823.6800000000001
42936	443.2384341637011	583.6800000000001
42965	526.8683274021353	652.1244444444444
42995	367.61565836298934	763.2355555555556
43024	287.5444839857651	683.2355555555555
43050	238.6120996441281	623.68
43078	206.58362989323842	616.5688888888889
43109	324.9110320284697	689.4577777777778
43142	351.6014234875445	679.6800000000001
43183	310.6761565836299	607.68
43215	212.81138790035587	703.68
43243	307.1174377224199	557.0133333333333
43272	363.16725978647685	641.4577777777778
43301	423.66548042704625	712.5688888888889
43325	294.66192170818505	708.1244444444445
43351	437.9003558718861	580.1244444444444
43377	300.8896797153025	605.0133333333333
43401	367.61565836298934	501.90222222222224
43431	561.5658362989324	713.4577777777778
43459	435.2313167259787	581.0133333333333
43487	227.93594306049823	646.7911111111111
43515	443.2384341637011	562.3466666666667
43542	277.7580071174377	613.9022222222221
43569	394.30604982206404	589.0133333333333
43594	409.4306049822064	449.4577777777778
43622	451.2455516014235	604.1244444444444
43652	395.19572953736656	576.5688888888889
43680	362.2775800711744	551.68
43708	449.4661921708185	493.90222222222224
43736	439.6797153024911	674.3466666666667
43765	569.5729537366549	564.1244444444444
43812	564.2348754448399	646.7911111111111
43840	495.7295373665481	644.1244444444444
43867	365.83629893238435	656.5688888888889
43896	420.9964412811388	634.3466666666666
43918	417.43772241992883	737.4577777777778
43949	311.56583629893237	608.5688888888889
43977	380.9608540925267	602.3466666666667
44004	380.9608540925267	602.3466666666667
44030	424.5551601423487	457.4577777777778
44060	397.864768683274	746.3466666666666
44087	578.4697508896797	763.2355555555556
44115	409.4306049822064	670.791111111111
44142	493.9501779359431	738.3466666666666
44170	210.1423487544484	660.1244444444444
44197	406.7615658362989	629.9022222222222
44227	489.5017793594306	688.5688888888889
44254	541.1032028469751	569.4577777777778
44303	347.153024911032	711.68
44334	228.8256227758007	674.3466666666667
44361	397.864768683274	620.1244444444444
44396	229.7153024911032	620.1244444444444
44427	378.29181494661924	640.568888888889
44456	312.4555160142349	714.3466666666667
44484	439.6797153024911	678.791111111111
44516	157.65124555160142	719.68
44540	165.65836298932382	672.5688888888889
44568	238.6120996441281	674.3466666666667
44596	419.2170818505338	653.9022222222222
44625	462.8113879003559	538.3466666666666
44649	388.9679715302491	643.2355555555556
44675	388.9679715302491	643.2355555555556
44703	303.55871886120997	745.4577777777778
44732	28.647686832740202	765.0133333333333
44758	338.2562277580071	929.4577777777779
44804	418.3274021352313	826.3466666666666
44843	638.0782918149467	876.1244444444444
44875	667.4377224199288	832.5688888888889
44901	683.4519572953736	873.4577777777778
44929	521.5302491103203	773.9022222222222
44963	395.19572953736656	714.3466666666667
44991	412.98932384341634	686.791111111111
45017	420.9964412811388	764.1244444444444
45046	374.7330960854092	715.2355555555555
45072	590.0355871886121	577.4577777777778
45101	453.02491103202846	728.5688888888889
45130	510.85409252669047	650.3466666666666
45157	403.20284697508896	520.5688888888889
45183	560.6761565836299	512.5688888888889
45213	458.36298932384346	465.4577777777778
45241	458.36298932384346	465.4577777777778
45267	468.14946619217085	477.90222222222224
45298	424.5551601423487	483.2355555555555
45333	558.0071174377225	517.9022222222221
45357	393.4163701067616	433.4577777777778
45385	421.8861209964413	466.34666666666664
45437	423.66548042704625	483.2355555555555
45468	424.5551601423487	480.56888888888886
45520	490.3914590747331	708.1244444444445
45548	527.7580071174378	482.34666666666664
45575	527.7580071174378	482.34666666666664
45605	612.2775800711744	533.0133333333333
45654	495.7295373665481	612.1244444444445
45685	496.6192170818506	591.6800000000001
45715	606.9395017793595	506.3466666666667
45742	599.8220640569396	700.1244444444444
45770	601.6014234875445	607.68
45798	627.4021352313167	606.7911111111111
45826	516.1921708185054	637.9022222222222
45855	519.7508896797154	701.0133333333333
45883	530.4270462633452	506.3466666666667
45911	492.1708185053381	543.68
45937	679.8932384341637	475.2355555555555
45964	455.69395017793596	648.5688888888889
45992	543.7722419928826	429.9022222222222
46016	555.338078291815	657.4577777777778
46048	575.8007117437722	677.9022222222222
46103	501.067615658363	668.1244444444444
46142	577.5800711743773	560.5688888888889
46170	427.2241992882562	653.0133333333333
46205	582.9181494661923	491.2355555555555
46239	388.0782918149466	612.1244444444445
46269	294.66192170818505	531.2355555555555
46304	246.61921708185054	556.1244444444444
46353	316.9039145907473	614.7911111111111
46381	404.98220640569394	479.68
46407	373.84341637010675	616.5688888888889
46435	339.1459074733096	533.0133333333333
46465	441.4590747330961	529.4577777777778
46493	424.5551601423487	553.4577777777778
46521	436.1209964412811	598.7911111111111
46547	347.153024911032	465.4577777777778
46577	391.6370106761566	596.1244444444444
46605	254.62633451957294	651.2355555555556
46629	340.9252669039146	708.1244444444445
46658	370.2846975088968	692.1244444444444
46682	165.65836298932382	672.5688888888889
46712	165.65836298932382	672.5688888888889
46738	286.65480427046265	649.4577777777778
46769	318.6832740213523	578.3466666666667
46794	159.4306049822064	650.3466666666666
46822	334.69750889679716	571.2355555555556
46849	141.6370106761566	614.7911111111111
46879	453.9145907473309	502.7911111111111
46907	248.3985765124555	490.3466666666667
46934	314.2348754448399	549.9022222222222
46963	246.61921708185054	499.2355555555555
46992	388.0782918149466	557.9022222222222
47036	131.85053380782918	545.4577777777778
47071	392.52669039145906	389.9022222222222
47103	234.16370106761565	546.3466666666666
47136	117.61565836298932	550.7911111111111
47171	191.45907473309606	465.4577777777778
47205	394.30604982206404	527.68
47237	179.8932384341637	638.7911111111111
47266	427.2241992882562	552.5688888888889
47292	225.26690391459073	541.0133333333333
47337	72.24199288256226	616.5688888888889
47364	95.37366548042704	542.7911111111111
47388	225.26690391459073	496.56888888888886
47417	802.6690391459075	595.2355555555555
47445	760.8540925266905	793.4577777777778
47484	1248.3985765124555	765.9022222222222
47537	1041.9928825622776	909.0133333333334
47571	1203.914590747331	787.2355555555555
47603	1216.370106761566	705.4577777777778
47636	1194.1281138790036	535.68
47670	1062.4555160142347	653.0133333333333
47704	1161.2099644128114	530.3466666666666
47754	1195.017793594306	773.9022222222222
47788	1509.0747330960853	632.5688888888889
47820	1357.829181494662	652.1244444444444
47854	1322.2419928825625	648.5688888888889
47890	1108.7188612099646	593.4577777777778
47920	1353.3807829181494	703.68
47956	1138.0782918149466	496.56888888888886
47983	1423.6654804270463	646.7911111111111
48020	1423.6654804270463	646.7911111111111
48064	1305.338078291815	581.9022222222222
48104	1187.9003558718862	619.2355555555555
48142	1254.626334519573	537.4577777777778
48172	1243.0604982206405	517.0133333333333
48203	1282.2064056939503	538.3466666666666
48237	1219.0391459074733	646.7911111111111
48270	1351.6014234875445	552.5688888888889
48304	1238.6120996441282	614.7911111111111
48353	1221.708185053381	557.9022222222222
48380	961.9217081850534	549.9022222222222
48410	1085.5871886120997	586.3466666666667
48434	460.14234875444845	502.7911111111111
48463	269.75088967971527	429.0133333333333
48489	435.2313167259787	327.67999999999995
48518	525.0889679715302	301.9022222222222
48551	553.55871886121	307.23555555555555
48578	324.9110320284697	398.7911111111111
48605	483.27402135231324	214.79111111111112
48634	301.779359430605	364.1244444444444
48687	364.94661921708183	268.1244444444444
48720	360.4982206405694	330.34666666666664
48756	506.405693950178	437.9022222222222
48788	422.7758007117437	399.68
48828	291.1032028469751	447.68
48859	496.6192170818506	433.4577777777778
48891	186.12099644128114	589.0133333333333
48917	259.0747330960854	488.56888888888886
48970	68.6832740213523	574.791111111111
48996	82.91814946619216	372.1244444444444
49026	124.73309608540924	523.2355555555555
49057	143.41637010676155	566.791111111111
49090	194.12811387900356	384.56888888888886
49118	355.16014234875445	517.0133333333333
49145	106.04982206405693	541.9022222222222
49170	200.35587188612098	732.1244444444444
49202	149.644128113879	490.3466666666667
49233	272.4199288256228	638.7911111111111
49261	412.98932384341634	498.3466666666667
49288	344.48398576512454	605.0133333333333
49320	194.12811387900356	496.56888888888886
49349	364.05693950177937	553.4577777777778
49377	405.87188612099646	770.3466666666667
49401	319.57295373665477	539.2355555555556
49430	439.6797153024911	427.23555555555555
49458	380.9608540925267	693.0133333333333
49485	316.01423487544486	652.1244444444444
49513	261.7437722419929	471.68
49542	369.3950177935943	489.4577777777777
49570	338.2562277580071	554.3466666666666
49596	414.7686832740213	533.0133333333333
49626	291.1032028469751	331.23555555555555
49653	492.1708185053381	441.4577777777778
49703	279.53736654804266	620.1244444444444
49733	140.7473309608541	397.0133333333333
49761	190.56939501779357	327.67999999999995
49788	241.28113879003558	434.34666666666664
49816	517.9715302491104	368.56888888888886
49861	228.8256227758007	424.5688888888889
49893	-58.540925266903926	653.9022222222222
49920	130.07117437722417	535.68
49948	357.8291814946619	455.68
49980	484.1637010676157	446.79111111111115
50010	192.34875444839858	531.2355555555555
50038	480.60498220640574	417.4577777777778
50065	130.07117437722417	536.5688888888889
50094	443.2384341637011	301.0133333333333
50120	106.93950177935942	458.34666666666664
50150	446.79715302491104	432.5688888888889
50178	151.42348754448398	729.4577777777778
50206	282.20640569395016	592.5688888888889
50231	518.8612099644129	478.7911111111111
50268	246.61921708185054	505.4577777777777
50304	226.15658362989322	605.9022222222222
50332	94.48398576512454	662.791111111111
50361	453.9145907473309	395.23555555555555
50389	121.17437722419929	553.4577777777778
50415	426.3345195729537	413.0133333333333
50442	7.295373665480417	562.3466666666667
50469	445.9074733096085	865.4577777777778
50498	413.87900355871886	905.4577777777778
50532	598.9323843416371	847.68
50562	540.2135231316726	776.5688888888889
50591	716.3701067615659	976.5688888888891
50619	291.1032028469751	894.7911111111111
50647	361.38790035587186	624.5688888888889
50681	22.419928825622765	813.9022222222221
50711	332.02846975088966	614.7911111111111
50736	123.84341637010675	866.3466666666667
50764	597.153024911032	492.12444444444446
50793	154.09252669039145	917.0133333333334
50820	516.1921708185054	500.12444444444446
50847	187.01067615658363	796.1244444444444
50873	532.2064056939502	553.4577777777778
50903	341.8149466192171	613.0133333333333
50932	476.15658362989325	651.2355555555556
50960	393.4163701067616	655.68
50987	417.43772241992883	501.0133333333333
51017	64.23487544483984	866.3466666666667
51045	319.57295373665477	717.0133333333333
51081	239.5017793594306	799.68
51116	393.4163701067616	614.7911111111111
51147	114.94661921708183	815.6800000000001
51174	412.98932384341634	645.0133333333333
51201	326.69039145907476	688.5688888888889
51228	493.9501779359431	606.7911111111111
51255	302.6690391459075	863.68
51281	461.03202846975097	562.3466666666667
51308	301.779359430605	749.9022222222222
51336	412.0996441281139	526.7911111111111
51361	105.16014234875443	847.68
51389	429.0035587188612	689.4577777777778
51420	262.6334519572954	861.9022222222222
51448	473.4875444839858	590.791111111111
51476	340.9252669039146	922.3466666666667
51505	228.8256227758007	606.7911111111111
51534	261.7437722419929	658.3466666666666
51560	334.69750889679716	568.5688888888889
51589	148.7544483985765	738.3466666666666
51618	513.5231316725979	501.90222222222224
51642	170.10676156583628	672.5688888888889
51670	462.8113879003559	646.7911111111111
51699	76.69039145907472	853.9022222222222
51729	499.28825622775804	413.0133333333333
51755	517.0818505338078	693.0133333333333
51783	479.7153024911032	534.7911111111111
51811	223.48754448398574	742.7911111111111
51837	366.7259786476868	475.2355555555555
51865	154.98220640569394	648.5688888888889
51894	141.6370106761566	761.4577777777778
51928	330.2491103202847	671.6800000000001
51965	541.9928825622776	485.90222222222224
51994	82.02846975088967	645.0133333333333
52021	392.52669039145906	454.79111111111104
52070	129.1814946619217	735.68
52110	546.4412811387901	405.90222222222224
52139	283.98576512455514	659.2355555555556
52169	349.8220640569395	460.1244444444444
52200	106.04982206405693	660.1244444444444
52228	267.0818505338078	375.67999999999995
52264	221.7081850533808	565.9022222222222
52291	212.81138790035587	351.68
52331	232.38434163701066	596.1244444444444
52367	286.65480427046265	373.0133333333333
52393	218.14946619217082	703.68
52420	234.16370106761565	437.9022222222222
52447	131.85053380782918	573.0133333333333
52486	266.1921708185053	425.4577777777778
52537	97.15302491103202	593.4577777777778
52569	399.644128113879	286.7911111111111
52597	194.12811387900356	601.4577777777778
52628	365.83629893238435	463.68
52655	162.09964412811388	741.0133333333333
52682	494.8398576512456	402.3466666666667
52710	297.3309608540925	676.1244444444444
52738	491.28113879003564	390.7911111111111
52765	305.3380782918149	629.9022222222222
52793	425.44483985765123	378.34666666666664
52837	243.95017793594306	690.3466666666667
52868	499.28825622775804	434.34666666666664
52894	372.06405693950177	743.68
52921	544.6619217081851	415.67999999999995
52950	396.9750889679715	636.1244444444444
52980	396.085409252669	449.4577777777778
53012	362.2775800711744	588.1244444444444
53040	376.5124555160142	493.0133333333333
53069	469.03914590747337	469.01333333333326
53096	288.43416370106763	557.0133333333333
53123	281.31672597864764	524.1244444444444
53150	237.72241992882562	403.23555555555555
53181	152.31316725978647	521.4577777777778
53209	232.38434163701066	577.4577777777778
53238	247.50889679715303	671.6800000000001
53267	174.55516014234874	611.2355555555555
53294	255.5160142348754	437.9022222222222
53321	307.1174377224199	822.791111111111
53350	447.68683274021356	433.4577777777778
53374	227.93594306049823	827.2355555555555
53398	343.594306049822	712.5688888888889
53425	36.65480427046263	696.5688888888889
53452	391.6370106761566	661.9022222222222
53479	376.5124555160142	772.1244444444444
53515	338.2562277580071	585.4577777777777
53553	106.04982206405693	978.3466666666667
53589	487.7224199288257	696.5688888888889
53637	138.0782918149466	816.5688888888889
53674	590.9252669039147	526.7911111111111
53699	276.86832740213526	844.1244444444445
53729	570.4626334519573	636.1244444444444
53757	180.78291814946618	888.568888888889
53786	332.02846975088966	697.4577777777778
53810	17.08185053380782	866.3466666666667
53838	275.0889679715303	560.5688888888889
53867	36.65480427046263	829.0133333333333
53891	439.6797153024911	602.3466666666667
53919	93.59430604982205	615.68
53970	216.3701067615658	574.791111111111
53995	146.97508896797152	844.1244444444445
54023	283.0960854092527	661.0133333333333
54050	-40.7473309608541	811.2355555555556
54077	298.220640569395	533.9022222222222
54104	246.61921708185054	508.12444444444446
54130	317.7935943060498	461.90222222222224
54156	238.6120996441281	389.9022222222222
54184	74.91103202846975	598.7911111111111
54207	372.95373665480423	285.0133333333333
54233	243.06049822064054	496.56888888888886
54258	154.98220640569394	594.3466666666667
54282	201.2455516014235	507.23555555555555
54308	57.117437722419915	634.3466666666666
54332	430.7829181494662	405.0133333333333
54361	175.44483985765126	735.68
54388	282.20640569395016	454.79111111111104
54413	99.8220640569395	700.1244444444444
54439	314.2348754448399	693.9022222222222
54467	368.5053380782918	632.5688888888889
54494	270.6405693950178	369.4577777777778
54518	77.58007117437721	783.6800000000001
54544	353.38078291814946	595.2355555555555
54573	218.14946619217082	725.0133333333333
54596	233.27402135231316	709.0133333333333
54625	303.55871886120997	656.5688888888889
54653	139.85765124555158	443.23555555555555
54679	284.87544483985766	587.2355555555555
54707	250.17793594306048	421.0133333333333
54739	410.32028469750884	539.2355555555556
54771	221.7081850533808	540.1244444444444
54799	51.77935943060497	616.5688888888889
54829	111.38790035587188	584.5688888888889
54852	111.38790035587188	584.5688888888889
54876	226.15658362989322	706.3466666666667
54905	347.153024911032	835.2355555555555
54953	569.5729537366549	763.2355555555556
54983	385.4092526690391	706.3466666666667
55009	428.1138790035587	675.2355555555555
55038	485.9430604982207	716.1244444444445
55067	482.3843416370107	741.0133333333333
55097	628.2918149466192	783.6800000000001
55125	412.0996441281139	677.9022222222222
55160	731.4946619217083	893.0133333333334
55189	751.067615658363	837.0133333333333
55216	579.3594306049823	1053.0133333333333
55242	734.1637010676158	739.2355555555556
55268	782.2064056939502	811.2355555555556
55297	575.8007117437722	797.0133333333333
55326	361.38790035587186	687.6800000000001
55354	526.8683274021353	732.1244444444444
55381	526.8683274021353	732.1244444444444
55408	381.8505338078292	697.4577777777778
55436	477.04626334519577	783.6800000000001
55462	589.1459074733096	630.7911111111111
55486	589.1459074733096	630.7911111111111
55510	672.7758007117438	790.791111111111
55540	519.7508896797154	829.9022222222222
55566	380.0711743772242	952.568888888889
55596	667.4377224199288	681.4577777777778
55624	641.6370106761566	678.791111111111
55670	727.9359430604983	861.0133333333333
55707	553.55871886121	864.568888888889
55732	619.3950177935943	766.791111111111
55762	517.9715302491104	795.2355555555555
55811	541.9928825622776	901.9022222222222
55835	613.1672597864768	718.7911111111111
55861	630.0711743772242	750.7911111111111
55890	477.04626334519577	665.4577777777778
55937	544.6619217081851	627.2355555555555
55965	458.36298932384346	809.4577777777778
55995	572.2419928825623	733.0133333333333
56022	468.14946619217085	706.3466666666667
56049	248.3985765124555	682.3466666666667
56077	436.1209964412811	683.2355555555555
56104	533.9857651245552	362.34666666666664
56128	387.1886120996441	636.1244444444444
56153	345.373665480427	501.90222222222224
56182	429.8932384341637	590.791111111111
56209	492.1708185053381	470.7911111111111
56238	448.576512455516	656.5688888888889
56266	586.4768683274021	374.7911111111111
56293	568.6832740213523	574.791111111111
56317	470.81850533807835	525.0133333333333
56342	392.52669039145906	445.9022222222222
56369	574.9110320284698	389.9022222222222
56398	586.4768683274021	383.67999999999995
56426	509.96441281138794	502.7911111111111
56454	544.6619217081851	573.9022222222222
56482	541.1032028469751	475.2355555555555
56517	279.53736654804266	344.56888888888886
56546	568.6832740213523	342.7911111111111
56576	551.779359430605	333.0133333333333
56605	581.1387900355872	381.0133333333333
56633	593.5943060498221	245.0133333333333
56664	652.3131672597865	211.23555555555552
56692	586.4768683274021	374.7911111111111
56724	747.508896797153	285.9022222222222
56755	418.3274021352313	512.5688888888889
56785	419.2170818505338	482.34666666666664
56813	387.1886120996441	794.3466666666667
56840	421.8861209964413	763.2355555555556
56868	87.36654804270462	833.4577777777778
56895	261.7437722419929	882.3466666666667
56921	268.8612099644128	921.4577777777779
56946	266.1921708185053	972.1244444444446
56973	406.7615658362989	943.6800000000002
56999	283.0960854092527	800.5688888888889
57026	482.3843416370107	910.7911111111113
57055	318.6832740213523	958.7911111111111
57079	411.20996441281136	921.4577777777779
57109	267.0818505338078	769.4577777777778
57136	356.04982206405697	800.5688888888889
57164	348.932384341637	849.4577777777778
57199	322.2419928825623	864.568888888889
57254	495.7295373665481	751.68
57303	336.47686832740214	813.0133333333333
57333	417.43772241992883	881.4577777777778
57361	461.9217081850534	846.791111111111
57389	450.35587188612095	849.4577777777778
57437	571.3523131672599	782.791111111111
57466	390.7473309608541	928.568888888889
57498	524.1992882562278	810.3466666666666
57529	572.2419928825623	894.7911111111111
57555	381.8505338078292	872.568888888889
57584	367.61565836298934	1010.3466666666668
57627	512.6334519572954	941.0133333333334
57661	635.4092526690391	924.1244444444445
57693	714.5907473309609	1053.9022222222225
57722	598.9323843416371	894.7911111111111
57749	654.982206405694	1133.0133333333333
57779	697.6868327402136	1017.4577777777779
57805	599.8220640569396	1027.2355555555557
57832	474.3772241992883	955.2355555555556
57858	474.3772241992883	955.2355555555556
57884	181.67259786476868	925.9022222222222
57913	428.1138790035587	1023.6800000000001
57941	350.71174377224196	669.9022222222222
57965	174.55516014234874	865.4577777777778
57995	364.05693950177937	803.2355555555556
58027	545.5516014234876	879.68
58057	477.93594306049823	927.6800000000002
58091	331.13879003558714	924.1244444444445
58130	268.8612099644128	918.7911111111111
58164	511.743772241993	894.7911111111111
58190	221.7081850533808	797.0133333333333
58220	166.54804270462634	959.6800000000002
58247	166.54804270462634	959.6800000000002
58273	311.56583629893237	1045.9022222222225
58300	384.5195729537366	887.68
58331	438.7900355871886	690.3466666666667
58359	438.7900355871886	690.3466666666667
58384	311.56583629893237	746.3466666666666
58420	396.9750889679715	909.0133333333334
58446	401.423487544484	940.1244444444446
58474	462.8113879003559	729.4577777777778
58502	340.0355871886121	723.2355555555555
58530	202.13523131672596	740.1244444444444
58561	346.2633451957295	921.4577777777779
58589	459.252669039146	999.6800000000001
58617	440.56939501779357	696.5688888888889
58641	366.7259786476868	947.2355555555556
58667	314.2348754448399	784.5688888888889
58695	187.01067615658363	745.4577777777778
58721	699.4661921708185	530.3466666666666
58745	297.3309608540925	898.3466666666667
58776	395.19572953736656	803.2355555555556
58801	660.3202846975089	632.5688888888889
58826	617.6156583629894	789.0133333333333
58853	670.9964412811388	739.2355555555556
58878	735.0533807829181	957.0133333333334
58907	877.4021352313167	902.7911111111111
58933	680.7829181494662	1085.0133333333333
58958	608.7188612099644	937.4577777777779
58986	708.3629893238434	982.7911111111111
59012	708.3629893238434	982.7911111111111
59039	977.9359430604983	889.4577777777778
59065	899.6441281138791	979.2355555555556
59091	706.5836298932385	1030.7911111111111
59119	936.1209964412812	1150.7911111111111
59148	719.0391459074733	1044.1244444444444
59175	948.5765124555161	923.2355555555557
59203	985.9430604982207	967.6800000000001
59229	889.8576512455516	951.6800000000002
59259	895.1957295373666	854.791111111111
59287	937.9003558718862	695.6800000000001
59312	847.153024911032	685.0133333333333
59340	698.5765124555161	653.0133333333333
59366	741.2811387900357	659.2355555555556
59403	582.9181494661923	524.1244444444444
59436	598.9323843416371	431.67999999999995
59469	632.7402135231317	613.0133333333333
59497	713.7010676156584	573.0133333333333
59523	635.4092526690391	436.1244444444444
59549	786.6548042704626	693.9022222222222
59574	779.5373665480428	613.9022222222221
59601	783.0960854092527	521.4577777777778
59629	805.338078291815	472.56888888888886
59656	732.3843416370107	516.1244444444445
59682	638.9679715302492	501.90222222222224
59709	709.252669039146	626.3466666666667
59736	823.1316725978648	680.5688888888889
59770	904.982206405694	486.7911111111111
59803	861.3879003558719	467.2355555555556
59836	864.0569395017794	749.9022222222222
59870	814.2348754448399	773.9022222222222
59901	1008.185053380783	506.3466666666667
59936	928.1138790035588	585.4577777777777
59970	875.6227758007118	459.23555555555555
60003	875.6227758007118	459.23555555555555
60036	982.3843416370107	675.2355555555555
60063	880.0711743772242	553.4577777777778
60091	1024.1992882562279	541.9022222222222
60121	997.508896797153	515.2355555555555
60149	912.9893238434164	551.68
60176	954.8042704626336	540.1244444444444
60207	1098.0427046263346	503.67999999999995
60236	985.9430604982207	400.56888888888886
