time	x	y
1	219.0391459074733	489.4577777777777
31	527.7580071174378	411.23555555555555
70	223.48754448398574	60.12444444444445
99	256.4056939501779	351.68
129	400.53380782918146	274.34666666666664
164	211.92170818505338	229.01333333333332
194	442.34875444839855	316.1244444444444
230	522.4199288256228	132.12444444444444
280	442.34875444839855	116.12444444444444
306	426.3345195729537	287.68
353	364.94661921708183	91.23555555555556
403	199.4661921708185	109.9022222222222
436	454.80427046263344	269.90222222222224
471	130.07117437722417	37.01333333333333
511	269.75088967971527	191.67999999999998
557	371.17437722419925	146.34666666666664
587	160.3202846975089	93.01333333333334
620	146.97508896797152	-9.20888888888889
654	109.6085409252669	35.23555555555555
691	158.5409252669039	55.67999999999999
728	22.419928825622765	137.45777777777778
756	340.0355871886121	142.7911111111111
784	146.08540925266902	118.79111111111109
809	379.1814946619217	149.9022222222222
839	175.44483985765126	13.902222222222221
865	299.1103202846975	100.12444444444444
904	119.39501779359429	-79.43111111111111
943	159.4306049822064	98.34666666666666
970	161.2099644128114	154.34666666666666
997	227.93594306049823	54.791111111111114
1021	-33.62989323843418	52.12444444444444
1048	285.7651245551601	132.12444444444444
1075	359.6085409252669	142.7911111111111
1104	243.06049822064054	-31.43111111111111
1132	267.0818505338078	-83.87555555555556
1157	154.09252669039145	107.23555555555555
1184	362.2775800711744	181.01333333333332
1219	410.32028469750884	256.56888888888886
1252	372.06405693950177	478.7911111111111
1276	533.0960854092527	383.67999999999995
1306	882.7402135231317	685.9022222222222
1331	577.5800711743773	677.0133333333333
1359	323.13167259786474	371.23555555555555
1386	406.7615658362989	416.5688888888889
1414	273.30960854092524	221.90222222222224
1441	263.52313167259786	249.45777777777778
1469	438.7900355871886	135.67999999999998
1500	265.30249110320284	202.34666666666666
1529	387.1886120996441	201.45777777777778
1556	256.4056939501779	219.23555555555555
1582	285.7651245551601	123.23555555555555
1615	438.7900355871886	178.34666666666666
1639	224.37722419928824	59.23555555555555
1667	307.1174377224199	41.45777777777778
1697	249.28825622775798	44.12444444444444
1726	271.53024911032026	100.12444444444444
1754	210.1423487544484	46.791111111111114
1782	321.35231316725975	22.79111111111111
1810	182.56227758007114	134.7911111111111
1837	304.44839857651243	224.56888888888886
1865	253.73665480427044	135.67999999999998
1897	308.0071174377224	149.9022222222222
1925	262.6334519572954	237.90222222222218
1948	340.0355871886121	-76.76444444444445
1978	259.0747330960854	53.90222222222222
2008	249.28825622775798	-3.875555555555555
2036	374.7330960854092	159.67999999999998
2062	557.1174377224199	85.01333333333334
2086	219.9288256227758	-28.764444444444443
2113	344.48398576512454	3.235555555555556
2145	636.2989323843417	63.68000000000001
2178	246.61921708185054	44.12444444444444
2205	421.8861209964413	95.67999999999999
2233	334.69750889679716	64.56888888888889
2260	294.66192170818505	38.79111111111111
2287	421.8861209964413	22.79111111111111
2337	363.16725978647685	105.45777777777778
2370	416.5480427046263	169.45777777777778
2398	454.80427046263344	21.013333333333335
2428	448.576512455516	90.34666666666666
2455	358.71886120996436	125.9022222222222
2478	464.5907473309609	81.45777777777778
2507	459.252669039146	93.90222222222222
2535	319.57295373665477	114.34666666666666
2569	522.4199288256228	79.67999999999999
2598	227.93594306049823	69.90222222222222
2627	376.5124555160142	-45.653333333333336
2653	501.067615658363	-2.097777777777777
2686	688.7900355871886	-241.2088888888889
2736	407.65124555160145	-21.653333333333332
2765	419.2170818505338	125.9022222222222
2791	424.5551601423487	54.791111111111114
2826	490.3914590747331	-47.431111111111115
2857	590.9252669039147	57.45777777777777
2886	468.14946619217085	21.013333333333335
2911	760.8540925266905	103.67999999999999
2935	706.5836298932385	29.013333333333335
2963	827.5800711743773	177.45777777777775
3001	578.4697508896797	160.56888888888886
3035	734.1637010676158	70.79111111111112
3064	734.1637010676158	70.79111111111112
3092	582.9181494661923	119.67999999999999
3119	268.8612099644128	119.67999999999999
3148	521.5302491103203	117.90222222222222
3176	320.4626334519573	58.34666666666667
3205	419.2170818505338	149.9022222222222
3247	533.0960854092527	83.23555555555555
3276	235.05338078291814	189.9022222222222
3300	240.3914590747331	-46.54222222222222
3326	411.20996441281136	-97.2088888888889
3356	291.1032028469751	83.23555555555555
3384	291.1032028469751	83.23555555555555
3411	271.53024911032026	-18.097777777777775
3441	339.1459074733096	-46.54222222222222
3477	289.3238434163701	9.457777777777778
3509	360.4982206405694	-141.65333333333334
3536	416.5480427046263	-38.54222222222222
3587	471.7081850533808	-41.208888888888886
3630	367.61565836298934	-86.54222222222222
3658	367.61565836298934	32.56888888888889
3686	367.61565836298934	32.56888888888889
3713	228.8256227758007	102.79111111111112
3743	335.5871886120996	-2.9866666666666664
3776	256.4056939501779	53.013333333333335
3807	322.2419928825623	107.23555555555555
3831	300.8896797153025	110.7911111111111
3857	402.31316725978644	47.68
3884	485.0533807829182	90.34666666666666
3908	430.7829181494662	24.56888888888889
3937	486.8327402135232	149.01333333333332
3967	419.2170818505338	57.45777777777777
3999	420.9964412811388	65.45777777777778
4029	467.2597864768684	80.56888888888889
4059	575.8007117437722	62.79111111111111
4088	428.1138790035587	33.45777777777778
4116	469.92882562277583	75.23555555555555
4143	315.12455516014234	29.013333333333335
4175	284.87544483985766	18.346666666666668
4201	462.8113879003559	85.90222222222222
4227	450.35587188612095	148.12444444444444
4256	377.4021352313167	91.23555555555556
4284	405.87188612099646	155.23555555555555
4310	442.34875444839855	8.568888888888889
4348	385.4092526690391	61.90222222222223
4384	403.20284697508896	119.67999999999999
4415	377.4021352313167	-34.09777777777778
4443	419.2170818505338	59.23555555555555
4471	373.84341637010675	11.235555555555555
4496	172.77580071174376	60.12444444444445
4523	485.9430604982207	-102.54222222222222
4550	230.60498220640568	185.45777777777778
4575	195.01779359430606	91.23555555555556
4600	364.94661921708183	-81.20888888888888
4628	405.87188612099646	-65.20888888888888
4656	407.65124555160145	111.68
4679	640.7473309608541	551.68
4708	595.3736654804271	573.9022222222222
4736	624.7330960854093	704.5688888888889
4767	561.5658362989324	491.2355555555555
4796	412.0996441281139	422.7911111111111
4822	412.0996441281139	422.7911111111111
4849	520.6405693950178	443.23555555555555
4875	144.30604982206404	21.013333333333335
4913	365.83629893238435	-118.54222222222224
4957	412.0996441281139	50.346666666666664
4984	552.6690391459075	59.23555555555555
5012	424.5551601423487	157.01333333333332
5040	445.9074733096085	198.7911111111111
5065	461.9217081850534	192.56888888888886
5096	517.0818505338078	113.45777777777776
5133	211.92170818505338	126.79111111111109
5168	116.72597864768683	79.67999999999999
5201	271.53024911032026	119.67999999999999
5230	269.75088967971527	61.90222222222223
5258	222.59786476868325	159.67999999999998
5303	275.97864768683274	3.235555555555556
5337	125.62277580071174	213.9022222222222
5366	310.6761565836299	43.23555555555556
5393	207.47330960854092	79.67999999999999
5427	309.7864768683274	-53.65333333333333
5457	441.4590747330961	77.90222222222224
5485	257.29537366548044	-1.2088888888888882
5516	221.7081850533808	64.56888888888889
5541	256.4056939501779	70.79111111111112
5570	292.88256227758006	91.23555555555556
5595	432.56227758007117	-55.43111111111111
5622	433.4519572953737	-52.76444444444445
5646	421.8861209964413	-25.208888888888886
5676	469.92882562277583	107.23555555555555
5703	387.1886120996441	115.23555555555554
5731	434.34163701067615	88.56888888888889
5758	538.4341637010676	126.79111111111109
5803	538.4341637010676	126.79111111111109
5838	526.8683274021353	61.01333333333333
5866	526.8683274021353	61.01333333333333
5891	516.1921708185054	200.5688888888889
5921	595.3736654804271	150.7911111111111
5948	485.0533807829182	210.34666666666664
5973	458.36298932384346	85.01333333333334
6021	442.34875444839855	115.23555555555554
6056	435.2313167259787	213.9022222222222
6083	236.83274021352312	137.45777777777778
6110	275.0889679715303	94.79111111111112
6139	255.5160142348754	47.68
6165	277.7580071174377	-10.986666666666666
6190	277.7580071174377	-10.986666666666666
6215	388.9679715302491	50.346666666666664
6239	314.2348754448399	73.45777777777778
6289	219.9288256227758	178.34666666666666
6320	249.28825622775798	69.01333333333334
6352	332.02846975088966	149.9022222222222
6377	320.4626334519573	126.79111111111109
6406	326.69039145907476	124.12444444444444
6434	239.5017793594306	166.7911111111111
6457	239.5017793594306	166.7911111111111
6482	142.52669039145908	-5.653333333333333
6506	277.7580071174377	191.67999999999998
6553	308.8967971530249	92.12444444444444
6582	324.9110320284697	84.12444444444445
6612	205.69395017793593	-27.875555555555554
6639	253.73665480427044	61.01333333333333
6668	426.3345195729537	58.34666666666667
6697	362.2775800711744	99.23555555555555
6727	363.16725978647685	54.791111111111114
6761	154.09252669039145	197.9022222222222
6789	341.8149466192171	96.56888888888889
6837	371.17437722419925	205.01333333333332
6862	309.7864768683274	85.01333333333334
6891	419.2170818505338	279.67999999999995
6920	380.9608540925267	133.01333333333332
6947	317.7935943060498	218.34666666666664
6979	299.1103202846975	193.45777777777778
7007	411.20996441281136	44.12444444444444
7036	377.4021352313167	204.1244444444444
7070	543.7722419928826	94.79111111111112
7099	429.8932384341637	138.34666666666666
7127	508.185053380783	70.79111111111112
7155	345.373665480427	26.346666666666668
7183	363.16725978647685	228.12444444444444
7209	465.4804270462634	155.23555555555555
7239	383.62989323843414	96.56888888888889
7262	493.0604982206406	37.90222222222222
7293	311.56583629893237	100.12444444444444
7321	308.8967971530249	0.5688888888888894
7349	433.4519572953737	52.12444444444444
7374	418.3274021352313	77.01333333333334
7405	461.9217081850534	56.56888888888889
7436	595.3736654804271	125.01333333333334
7465	562.455516014235	106.34666666666668
7493	388.9679715302491	109.9022222222222
7517	168.32740213523132	85.90222222222222
7544	350.71174377224196	39.68
7569	518.8612099644129	85.01333333333334
7597	330.2491103202847	133.01333333333332
7628	307.1174377224199	109.9022222222222
7651	388.9679715302491	144.5688888888889
7675	368.5053380782918	24.56888888888889
7703	391.6370106761566	-40.32
7732	278.6476868327402	136.56888888888886
7759	278.6476868327402	136.56888888888886
7785	172.77580071174376	18.346666666666668
7809	114.94661921708183	-77.65333333333334
7838	240.3914590747331	143.67999999999998
7861	162.98932384341634	175.67999999999998
7889	91.81494661921707	164.12444444444444
7937	214.59074733096085	77.01333333333334
7989	195.01779359430606	149.01333333333332
8017	330.2491103202847	29.013333333333335
8043	265.30249110320284	21.013333333333335
8077	338.2562277580071	367.68
8108	288.43416370106763	671.6800000000001
8135	421.8861209964413	600.5688888888889
8161	438.7900355871886	619.2355555555555
8187	322.2419928825623	610.3466666666667
8215	303.55871886120997	562.3466666666667
8244	351.6014234875445	520.5688888888889
8270	82.02846975088967	166.7911111111111
8297	161.2099644128114	101.01333333333334
8324	124.73309608540924	103.67999999999999
8350	260.8540925266904	171.23555555555555
8375	158.5409252669039	149.9022222222222
8400	250.17793594306048	176.5688888888889
8427	363.16725978647685	338.34666666666664
8461	363.16725978647685	338.34666666666664
8494	352.491103202847	302.7911111111111
8526	417.43772241992883	180.12444444444444
8567	419.2170818505338	165.01333333333332
8603	375.62277580071174	189.9022222222222
8632	333.80782918149464	257.4577777777778
8660	304.44839857651243	184.56888888888886
8689	254.62633451957294	138.34666666666666
8716	306.2277580071174	179.23555555555555
8741	167.43772241992883	120.56888888888888
8767	192.34875444839858	44.12444444444444
8791	247.50889679715303	273.4577777777778
8836	392.52669039145906	371.23555555555555
8866	433.4519572953737	304.56888888888886
8894	563.3451957295374	344.56888888888886
8922	570.4626334519573	224.56888888888886
8946	442.34875444839855	174.7911111111111
8971	830.2491103202847	219.23555555555555
8999	830.2491103202847	219.23555555555555
9027	547.3309608540926	221.01333333333332
9055	461.03202846975097	97.45777777777778
9103	396.9750889679715	282.34666666666664
9131	687.0106761565836	350.7911111111111
9158	687.0106761565836	350.7911111111111
9186	574.0213523131673	272.56888888888886
9212	638.0782918149467	293.0133333333333
9237	455.69395017793596	189.01333333333332
9265	520.6405693950178	221.90222222222224
9290	622.0640569395018	9.457777777777778
9318	543.7722419928826	156.1244444444444
9370	418.3274021352313	190.7911111111111
9407	614.9466192170819	196.12444444444444
9453	450.35587188612095	256.56888888888886
9483	562.455516014235	224.56888888888886
9506	497.50889679715306	236.12444444444444
9532	351.6014234875445	212.12444444444444
9556	521.5302491103203	307.23555555555555
9582	646.9750889679716	165.01333333333332
9608	429.0035587188612	189.01333333333332
9634	555.338078291815	127.67999999999999
9660	477.04626334519577	125.01333333333334
9689	372.95373665480423	137.45777777777778
9712	524.1992882562278	98.34666666666666
9739	644.3060498220641	13.902222222222221
9787	428.1138790035587	-31.43111111111111
9837	475.2669039145908	118.79111111111109
9873	394.30604982206404	143.67999999999998
9900	245.72953736654804	195.23555555555555
9930	340.0355871886121	359.68
9960	262.6334519572954	125.01333333333334
9988	310.6761565836299	275.23555555555555
10016	371.17437722419925	130.34666666666666
10043	460.14234875444845	288.56888888888886
10076	417.43772241992883	153.45777777777775
10106	451.2455516014235	98.34666666666666
10135	433.4519572953737	186.34666666666666
10160	412.0996441281139	225.45777777777775
10188	445.9074733096085	158.7911111111111
10215	364.94661921708183	-36.76444444444444
10243	384.5195729537366	183.68
10274	386.29893238434164	212.12444444444444
10308	132.74021352313167	178.34666666666666
10341	152.31316725978647	253.9022222222222
10368	130.07117437722417	37.01333333333333
10420	253.73665480427044	216.56888888888886
10457	168.32740213523132	171.23555555555555
10484	218.14946619217082	243.23555555555555
10509	203.91459074733095	-73.2088888888889
10539	85.58718861209962	23.68
10566	34.87544483985764	24.56888888888889
10591	371.17437722419925	212.12444444444444
10623	373.84341637010675	122.34666666666665
10656	398.75444839857647	65.45777777777778
10686	511.743772241993	117.01333333333332
10713	290.2135231316726	-170.0977777777778
10741	380.0711743772242	104.56888888888889
10769	158.5409252669039	391.68
10800	687.0106761565836	392.56888888888886
10827	596.2633451957296	481.4577777777778
10857	514.4128113879004	539.2355555555556
10886	257.29537366548044	269.90222222222224
10916	312.4555160142349	168.5688888888889
10942	403.20284697508896	66.34666666666666
10972	197.6868327402135	196.12444444444444
10997	179.0035587188612	69.90222222222222
11027	200.35587188612098	-108.76444444444444
11059	321.35231316725975	68.12444444444445
11086	206.58362989323842	37.01333333333333
11110	158.5409252669039	-75.87555555555555
11138	184.34163701067615	23.68
11167	146.08540925266902	-80.32000000000001
11193	292.88256227758006	-22.54222222222222
11220	175.44483985765126	-72.32
11244	337.3665480427046	-68.76444444444444
11275	198.576512455516	-53.65333333333333
11320	219.9288256227758	7.680000000000001
11351	436.1209964412811	63.68000000000001
11392	221.7081850533808	-19.875555555555554
11418	483.27402135231324	-117.65333333333334
11445	167.43772241992883	82.34666666666666
11475	308.0071174377224	-35.87555555555556
11502	481.4946619217082	46.791111111111114
11553	708.3629893238434	30.791111111111114
11585	534.8754448398577	85.90222222222222
11612	476.15658362989325	61.90222222222223
11638	425.44483985765123	32.56888888888889
11671	586.4768683274021	-67.87555555555555
11700	505.51601423487546	-22.54222222222222
11726	391.6370106761566	-51.87555555555555
11750	604.270462633452	23.68
11780	805.338078291815	-11.875555555555554
11807	645.1957295373666	46.791111111111114
11835	654.982206405694	48.56888888888889
11867	638.9679715302492	-21.653333333333332
11894	570.4626334519573	-40.32
11921	697.6868327402136	-37.653333333333336
11950	497.50889679715306	-42.09777777777778
11977	571.3523131672599	11.235555555555555
11999	601.6014234875445	125.01333333333334
12029	507.2953736654805	-17.208888888888886
12057	507.2953736654805	-17.208888888888886
12086	597.153024911032	75.23555555555555
12111	419.2170818505338	21.90222222222222
12139	645.1957295373666	85.90222222222222
12166	645.1957295373666	85.90222222222222
12197	613.1672597864768	-54.54222222222222
12227	400.53380782918146	-125.65333333333335
12278	627.4021352313167	35.23555555555555
12306	582.0284697508897	-118.54222222222224
12331	632.7402135231317	63.68000000000001
12359	603.3807829181495	53.013333333333335
12384	800.8896797153026	58.34666666666667
12428	858.7188612099644	70.79111111111112
12456	730.6049822064057	74.34666666666668
12481	772.4199288256228	-14.542222222222223
12511	638.9679715302492	-20.764444444444443
12535	638.9679715302492	-20.764444444444443
12564	790.2135231316726	-2.9866666666666664
12592	684.3416370106762	99.23555555555555
12620	809.7864768683274	-52.76444444444445
12670	647.8647686832741	162.34666666666666
12699	727.0462633451957	69.90222222222222
12727	727.0462633451957	145.45777777777778
12753	668.3274021352313	43.23555555555556
12789	630.9608540925268	111.68
12814	769.7508896797154	57.45777777777777
12842	729.7153024911033	78.7911111111111
12871	734.1637010676158	58.34666666666667
12920	752.8469750889681	68.12444444444445
12970	702.135231316726	20.124444444444446
13005	739.5017793594307	-1.2088888888888882
13053	498.3985765124556	23.68
13090	561.5658362989324	61.90222222222223
13114	799.1103202846975	-55.43111111111111
13141	739.5017793594307	-81.20888888888888
13170	744.8398576512456	87.68
13198	735.0533807829181	60.12444444444445
13228	623.8434163701068	-123.87555555555556
13257	608.7188612099644	-128.32000000000002
13304	727.9359430604983	-72.32
13344	658.540925266904	-126.54222222222225
13371	397.864768683274	77.90222222222224
13400	501.9572953736655	31.680000000000003
13425	740.3914590747331	72.56888888888889
13450	783.9857651245552	-121.2088888888889
13478	569.5729537366549	22.79111111111111
13508	635.4092526690391	18.346666666666668
13533	623.8434163701068	-45.653333333333336
13562	651.423487544484	-40.32
13592	742.1708185053382	37.01333333333333
13624	643.4163701067615	115.23555555555554
13652	681.6725978647687	38.79111111111111
13682	609.608540925267	121.45777777777778
13710	545.5516014234876	43.23555555555556
13736	525.0889679715302	18.346666666666668
13766	522.4199288256228	61.90222222222223
13791	485.0533807829182	93.01333333333334
13837	582.0284697508897	129.45777777777775
13886	395.19572953736656	64.56888888888889
13916	541.1032028469751	87.68
13943	379.1814946619217	34.34666666666667
13971	332.02846975088966	14.79111111111111
13995	369.3950177935943	69.01333333333334
14025	369.3950177935943	69.01333333333334
14070	425.44483985765123	62.79111111111111
14097	309.7864768683274	166.7911111111111
14130	523.3096085409253	757.9022222222222
14161	630.0711743772242	836.1244444444445
14190	525.9786476868328	699.2355555555555
14218	558.0071174377225	622.7911111111111
14248	196.797153024911	550.7911111111111
14271	444.12811387900354	236.12444444444444
14299	364.05693950177937	173.01333333333332
14328	413.87900355871886	164.12444444444444
14354	342.70462633451956	31.680000000000003
14403	385.4092526690391	44.12444444444444
14435	106.04982206405693	77.01333333333334
14462	106.04982206405693	77.01333333333334
14497	235.05338078291814	-13.653333333333334
14533	267.0818505338078	-41.208888888888886
14560	483.27402135231324	50.346666666666664
14589	212.81138790035587	101.90222222222222
14618	349.8220640569395	118.79111111111109
14646	413.87900355871886	37.90222222222222
14675	393.4163701067616	146.34666666666664
14701	344.48398576512454	206.7911111111111
14729	457.473309608541	256.56888888888886
14753	357.8291814946619	199.67999999999998
14803	417.43772241992883	141.01333333333332
14831	450.35587188612095	128.56888888888886
14859	545.5516014234876	139.23555555555552
14891	357.8291814946619	87.68
14922	442.34875444839855	0.5688888888888894
14950	535.7651245551602	18.346666666666668
14977	574.0213523131673	2.346666666666667
15007	483.27402135231324	105.45777777777778
15053	529.5373665480428	95.67999999999999
15077	490.3914590747331	113.45777777777776
15106	427.2241992882562	160.56888888888886
15133	463.70106761565836	22.79111111111111
15161	370.2846975088968	66.34666666666666
15189	404.0925266903915	122.34666666666665
15216	461.03202846975097	181.9022222222222
15240	461.03202846975097	181.9022222222222
15266	601.6014234875445	125.01333333333334
15294	724.3772241992883	237.90222222222218
15321	478.82562277580075	130.34666666666666
15370	519.7508896797154	128.56888888888886
15408	783.9857651245552	68.12444444444445
15438	657.6512455516015	97.45777777777778
15466	695.017793594306	108.12444444444445
15494	594.4839857651247	177.45777777777775
15523	743.9501779359431	139.23555555555552
15551	762.6334519572954	150.7911111111111
15578	671.8861209964413	163.23555555555552
15607	751.067615658363	127.67999999999999
15632	751.067615658363	127.67999999999999
15658	759.9644128113879	231.67999999999998
15687	686.1209964412812	183.68
15712	780.4270462633452	193.45777777777778
15745	781.3167259786478	267.23555555555555
15778	702.135231316726	207.68
15808	740.3914590747331	248.5688888888889
15837	717.2597864768684	255.68
15861	717.2597864768684	255.68
15886	706.5836298932385	233.45777777777778
15920	700.355871886121	357.0133333333333
15950	669.2170818505339	178.34666666666666
15974	817.7935943060498	129.45777777777775
16002	727.9359430604983	280.56888888888886
16032	775.0889679715302	337.4577777777778
16059	796.4412811387901	269.0133333333333
16084	475.2669039145908	277.0133333333333
16113	783.9857651245552	201.45777777777778
16148	762.6334519572954	245.0133333333333
16177	561.5658362989324	183.68
16206	790.2135231316726	237.01333333333335
16232	775.9786476868328	233.45777777777778
16260	768.8612099644129	1.4577777777777783
16297	732.3843416370107	295.68
16326	715.4804270462633	254.7911111111111
16356	817.7935943060498	223.67999999999998
16384	687.0106761565836	100.12444444444444
16408	818.6832740213523	177.45777777777775
16437	818.6832740213523	177.45777777777775
16465	764.4128113879004	104.56888888888889
16492	655.8718861209965	257.4577777777778
16519	783.9857651245552	197.01333333333332
16547	810.6761565836299	213.9022222222222
16574	931.6725978647687	197.9022222222222
16602	858.7188612099644	167.67999999999998
16631	823.1316725978648	109.01333333333334
16659	821.3523131672599	143.67999999999998
16684	792.8825622775802	50.346666666666664
16713	900.5338078291816	16.56888888888889
16741	816.0142348754449	191.67999999999998
16771	897.8647686832741	169.45777777777778
16802	806.2277580071175	85.90222222222222
16827	806.2277580071175	85.90222222222222
16851	836.4768683274021	156.1244444444444
16879	767.9715302491104	14.79111111111111
16907	816.9039145907474	-57.208888888888886
16938	562.455516014235	86.7911111111111
16970	698.5765124555161	228.12444444444444
17003	871.1743772241994	245.0133333333333
17036	933.4519572953736	63.68000000000001
17070	945.9074733096086	78.7911111111111
17103	844.4839857651247	110.7911111111111
17136	882.7402135231317	197.9022222222222
17170	873.8434163701068	290.3466666666667
17203	935.2313167259787	378.34666666666664
17236	864.0569395017794	157.01333333333332
17270	940.5693950177937	133.01333333333332
17303	934.3416370106762	163.23555555555552
17338	810.6761565836299	74.34666666666668
17370	876.5124555160143	15.68
17407	876.5124555160143	15.68
17440	926.3345195729538	-5.653333333333333
17476	774.1992882562278	101.01333333333334
17509	890.7473309608541	41.45777777777778
17543	837.3665480427047	179.23555555555555
17569	686.1209964412812	88.56888888888889
17602	686.1209964412812	88.56888888888889
17636	794.6619217081851	129.45777777777775
17663	845.3736654804271	5.902222222222223
17689	788.4341637010676	76.12444444444445
17717	860.4982206405695	154.34666666666666
17741	817.7935943060498	98.34666666666666
17772	765.3024911032029	125.9022222222222
17801	765.3024911032029	125.9022222222222
17828	707.473309608541	73.45777777777778
17857	832.9181494661923	6.791111111111111
17885	685.2313167259787	258.34666666666664
17914	783.0960854092527	239.67999999999998
17950	731.4946619217083	248.5688888888889
17986	712.811387900356	260.1244444444444
18019	553.55871886121	491.2355555555555
18053	271.53024911032026	372.1244444444444
18081	477.04626334519577	360.5688888888889
18105	376.5124555160142	728.5688888888889
18129	693.2384341637011	715.2355555555555
18155	424.5551601423487	677.9022222222222
18184	291.99288256227754	408.56888888888886
18211	426.3345195729537	264.5688888888889
18238	444.12811387900354	245.0133333333333
18266	454.80427046263344	204.1244444444444
18296	441.4590747330961	208.5688888888889
18324	313.34519572953735	365.90222222222224
18355	453.9145907473309	268.1244444444444
18385	458.36298932384346	201.45777777777778
18414	380.0711743772242	173.9022222222222
18445	183.45195729537366	86.7911111111111
18512	228.8256227758007	222.79111111111112
18547	344.48398576512454	111.68
18586	216.3701067615658	132.12444444444444
18621	398.75444839857647	301.9022222222222
18653	282.20640569395016	178.34666666666666
18688	377.4021352313167	55.67999999999999
18719	314.2348754448399	259.23555555555555
18753	375.62277580071174	189.9022222222222
18787	162.98932384341634	102.79111111111112
18819	326.69039145907476	64.56888888888889
18853	304.44839857651243	78.7911111111111
18886	364.05693950177937	249.45777777777778
18914	420.1067615658363	246.7911111111111
18944	483.27402135231324	117.01333333333332
18974	526.8683274021353	128.56888888888886
19003	694.1281138790036	193.45777777777778
19030	694.1281138790036	193.45777777777778
19057	453.02491103202846	140.12444444444444
19089	605.1601423487544	78.7911111111111
19121	566.9039145907474	114.34666666666666
19152	485.0533807829182	159.67999999999998
19182	347.153024911032	213.9022222222222
19211	385.4092526690391	169.45777777777778
19242	557.1174377224199	195.23555555555555
19273	446.79715302491104	174.7911111111111
19305	420.9964412811388	157.9022222222222
19333	350.71174377224196	207.68
19366	332.02846975088966	282.34666666666664
19397	235.05338078291814	175.67999999999998
19428	340.0355871886121	116.12444444444444
19457	237.72241992882562	101.90222222222222
19488	170.99644128113877	118.79111111111109
19521	272.4199288256228	74.34666666666668
19553	290.2135231316726	22.79111111111111
19586	413.87900355871886	7.680000000000001
19620	346.2633451957295	69.01333333333334
19655	315.12455516014234	40.568888888888885
19683	394.30604982206404	311.68
19710	558.0071174377225	172.12444444444444
19742	484.1637010676157	69.01333333333334
19771	554.4483985765125	78.7911111111111
19803	462.8113879003559	131.23555555555555
19837	590.9252669039147	77.01333333333334
19867	404.98220640569394	195.23555555555555
19896	453.02491103202846	187.23555555555552
19922	520.6405693950178	207.68
19952	457.473309608541	246.7911111111111
19983	628.2918149466192	141.01333333333332
20013	520.6405693950178	272.56888888888886
20047	579.3594306049823	241.45777777777778
20076	565.1245551601423	375.67999999999995
20104	565.1245551601423	375.67999999999995
20136	510.85409252669047	245.0133333333333
20169	573.1316725978648	181.01333333333332
20203	468.14946619217085	389.9022222222222
20236	589.1459074733096	205.9022222222222
20270	452.13523131672594	266.34666666666664
20303	426.3345195729537	223.67999999999998
20330	426.3345195729537	223.67999999999998
20358	336.47686832740214	140.12444444444444
20391	358.71886120996436	172.12444444444444
20421	374.7330960854092	290.3466666666667
20451	260.8540925266904	180.12444444444444
20486	571.3523131672599	327.67999999999995
20523	375.62277580071174	208.5688888888889
20561	368.5053380782918	153.45777777777775
20595	287.5444839857651	216.56888888888886
20628	301.779359430605	265.4577777777777
20658	330.2491103202847	265.4577777777777
20688	422.7758007117437	184.56888888888886
20721	453.02491103202846	322.34666666666664
20752	447.68683274021356	251.23555555555552
20782	568.6832740213523	267.23555555555555
20811	631.8505338078292	345.4577777777778
20842	631.8505338078292	345.4577777777778
20872	442.34875444839855	249.45777777777778
20899	458.36298932384346	193.45777777777778
20930	338.2562277580071	195.23555555555555
20964	448.576512455516	298.3466666666667
21003	374.7330960854092	131.23555555555555
21038	397.864768683274	131.23555555555555
21071	413.87900355871886	181.9022222222222
21104	533.9857651245552	262.7911111111111
21134	479.7153024911032	247.67999999999998
21164	529.5373665480428	208.5688888888889
21197	592.7046263345196	142.7911111111111
21228	451.2455516014235	221.90222222222224
21265	494.8398576512456	237.90222222222218
21303	449.4661921708185	142.7911111111111
21336	443.2384341637011	213.9022222222222
21370	485.0533807829182	167.67999999999998
21405	508.185053380783	204.1244444444444
21440	446.79715302491104	327.67999999999995
21476	572.2419928825623	165.9022222222222
21515	590.9252669039147	149.01333333333332
21553	635.4092526690391	78.7911111111111
21588	284.87544483985766	131.23555555555555
21625	229.7153024911032	325.90222222222224
21655	332.02846975088966	77.01333333333334
21686	217.2597864768683	5.013333333333334
21720	308.0071174377224	145.45777777777778
21753	270.6405693950178	254.7911111111111
21786	269.75088967971527	60.12444444444445
21819	309.7864768683274	85.90222222222222
21853	435.2313167259787	135.67999999999998
21886	101.60142348754448	104.56888888888889
21919	292.88256227758006	166.7911111111111
21953	309.7864768683274	142.7911111111111
21986	98.93238434163699	210.34666666666664
22019	261.7437722419929	185.45777777777778
22053	405.87188612099646	75.23555555555555
22084	320.4626334519573	119.67999999999999
22116	266.1921708185053	557.0133333333333
22149	428.1138790035587	819.2355555555556
22180	649.6441281138791	724.1244444444444
22214	625.6227758007118	714.3466666666667
22253	369.3950177935943	633.4577777777778
22286	485.9430604982207	369.4577777777778
22320	349.8220640569395	381.90222222222224
22351	416.5480427046263	213.01333333333332
22379	374.7330960854092	316.1244444444444
22410	399.644128113879	233.45777777777778
22436	390.7473309608541	158.7911111111111
22464	572.2419928825623	294.7911111111111
22492	388.9679715302491	258.34666666666664
22523	291.1032028469751	345.4577777777778
22556	386.29893238434164	379.23555555555555
22586	508.185053380783	189.9022222222222
22619	341.8149466192171	102.79111111111112
22653	397.864768683274	375.67999999999995
22686	436.1209964412811	193.45777777777778
22715	410.32028469750884	267.23555555555555
22741	410.32028469750884	267.23555555555555
22771	376.5124555160142	306.34666666666664
22803	528.6476868327402	196.12444444444444
22836	626.5124555160143	240.56888888888886
22869	580.2491103202847	174.7911111111111
22903	569.5729537366549	117.01333333333332
22937	607.829181494662	135.67999999999998
22970	550.8896797153026	234.34666666666666
23003	543.7722419928826	190.7911111111111
23036	498.3985765124556	166.7911111111111
23070	677.2241992882563	207.68
23103	657.6512455516015	159.67999999999998
23136	811.5658362989324	253.9022222222222
23169	649.6441281138791	-69.65333333333334
23203	510.85409252669047	131.23555555555555
23236	569.5729537366549	235.23555555555555
23269	639.8576512455516	172.12444444444444
23296	584.6975088967972	106.34666666666668
23324	553.55871886121	122.34666666666665
23353	665.6583629893239	212.12444444444444
23380	618.5053380782919	151.68
23414	492.1708185053381	162.34666666666666
23444	599.8220640569396	189.01333333333332
23470	518.8612099644129	263.68
23498	518.8612099644129	263.68
23527	477.93594306049823	212.12444444444444
23557	389.8576512455516	275.23555555555555
23586	449.4661921708185	213.01333333333332
23619	558.0071174377225	317.0133333333333
23649	484.1637010676157	218.34666666666664
23677	573.1316725978648	203.23555555555552
23708	592.7046263345196	159.67999999999998
23740	420.9964412811388	176.5688888888889
23769	420.9964412811388	176.5688888888889
23801	471.7081850533808	172.12444444444444
23834	565.1245551601423	109.9022222222222
23870	494.8398576512456	181.9022222222222
23899	458.36298932384346	238.7911111111111
23926	637.1886120996442	225.45777777777775
23956	680.7829181494662	233.45777777777778
23990	537.5444839857652	200.5688888888889
24023	623.8434163701068	165.01333333333332
24051	550.0	209.45777777777778
24081	704.8042704626336	183.68
24107	595.3736654804271	262.7911111111111
24134	595.3736654804271	262.7911111111111
24161	692.3487544483986	167.67999999999998
24188	743.0604982206406	253.01333333333332
24221	509.96441281138794	300.1244444444444
24249	548.220640569395	172.12444444444444
24279	727.9359430604983	169.45777777777778
24309	625.6227758007118	149.9022222222222
24340	692.3487544483986	212.12444444444444
24371	566.9039145907474	95.67999999999999
24403	680.7829181494662	127.67999999999999
24436	485.0533807829182	207.68
24469	377.4021352313167	120.56888888888888
24503	235.94306049822063	182.7911111111111
24536	316.9039145907473	258.34666666666664
24570	250.17793594306048	173.9022222222222
24603	321.35231316725975	190.7911111111111
24636	291.1032028469751	121.45777777777778
24665	300.0	227.23555555555555
24720	230.60498220640568	184.56888888888886
24748	311.56583629893237	177.45777777777775
24773	311.56583629893237	177.45777777777775
24813	240.3914590747331	297.4577777777778
24859	219.0391459074733	418.3466666666667
24888	250.17793594306048	294.7911111111111
24914	195.90747330960852	195.23555555555555
24942	248.3985765124555	453.0133333333334
24972	427.2241992882562	338.34666666666664
25006	452.13523131672594	187.23555555555552
25040	301.779359430605	260.1244444444444
25072	324.9110320284697	385.4577777777778
25109	453.9145907473309	328.56888888888886
25137	366.7259786476868	291.23555555555555
25165	275.97864768683274	376.56888888888886
25203	240.3914590747331	510.7911111111111
25238	327.5800711743772	319.68
25270	205.69395017793593	348.1244444444444
25303	375.62277580071174	223.67999999999998
25336	168.32740213523132	214.79111111111112
25370	432.56227758007117	313.4577777777777
25403	359.6085409252669	146.34666666666664
25436	415.65836298932385	90.34666666666666
25470	339.1459074733096	172.12444444444444
25503	382.7402135231317	176.5688888888889
25532	224.37722419928824	154.34666666666666
25564	364.05693950177937	194.34666666666664
25595	445.9074733096085	334.7911111111111
25623	376.5124555160142	197.9022222222222
25655	425.44483985765123	323.23555555555555
25687	324.9110320284697	473.4577777777778
25721	225.26690391459073	791.6800000000001
25751	367.61565836298934	641.4577777777778
25780	441.4590747330961	798.7911111111111
25809	532.2064056939502	589.0133333333333
25840	464.5907473309609	558.791111111111
25869	385.4092526690391	486.7911111111111
25900	335.5871886120996	276.12444444444446
25929	353.38078291814946	282.34666666666664
25960	364.05693950177937	340.12444444444446
25991	636.2989323843417	587.2355555555555
26023	475.2669039145908	440.5688888888889
26056	550.8896797153026	289.4577777777778
26092	385.4092526690391	371.23555555555555
26122	260.8540925266904	277.0133333333333
26153	261.7437722419929	226.34666666666666
26186	422.7758007117437	286.7911111111111
26220	341.8149466192171	313.4577777777777
26253	504.62633451957294	369.4577777777778
26286	536.6548042704626	208.5688888888889
26320	549.1103202846975	204.1244444444444
26353	485.9430604982207	275.23555555555555
26382	657.6512455516015	189.01333333333332
26409	657.6512455516015	189.01333333333332
26436	680.7829181494662	223.67999999999998
26470	766.1921708185054	156.1244444444444
26503	754.626334519573	105.45777777777778
26536	703.914590747331	142.7911111111111
26570	710.1423487544484	220.12444444444444
26603	662.0996441281139	319.68
26636	572.2419928825623	167.67999999999998
26664	572.2419928825623	167.67999999999998
26691	582.9181494661923	179.23555555555555
26718	718.1494661921708	340.12444444444446
26744	718.1494661921708	340.12444444444446
26770	811.5658362989324	344.56888888888886
26803	692.3487544483986	393.4577777777778
26836	830.2491103202847	355.23555555555555
26870	879.1814946619218	356.1244444444444
26903	840.0355871886121	378.34666666666664
26936	720.8185053380784	357.90222222222224
26970	878.2918149466192	349.0133333333333
27003	743.0604982206406	263.68
27036	740.3914590747331	160.56888888888886
27070	740.3914590747331	160.56888888888886
27103	635.4092526690391	238.7911111111111
27133	567.7935943060498	389.0133333333333
27162	655.8718861209965	330.34666666666664
27189	656.7615658362989	272.56888888888886
27218	695.9074733096086	334.7911111111111
27253	708.3629893238434	204.1244444444444
27280	741.2811387900357	348.1244444444444
27308	699.4661921708185	325.0133333333333
27334	699.4661921708185	325.0133333333333
27361	803.55871886121	231.67999999999998
27387	738.6120996441281	272.56888888888886
27414	658.540925266904	302.7911111111111
27441	658.540925266904	302.7911111111111
27465	539.3238434163702	57.45777777777777
27491	530.4270462633452	216.56888888888886
27519	420.1067615658363	355.23555555555555
27548	450.35587188612095	167.67999999999998
27586	532.2064056939502	109.9022222222222
27616	567.7935943060498	245.9022222222222
27647	430.7829181494662	229.90222222222224
27674	286.65480427046265	236.12444444444444
27702	298.220640569395	255.68
27734	519.7508896797154	108.12444444444445
27764	509.96441281138794	60.12444444444445
27793	380.0711743772242	101.90222222222222
27822	560.6761565836299	213.01333333333332
27851	535.7651245551602	194.34666666666664
27879	514.4128113879004	187.23555555555552
27905	547.3309608540926	257.4577777777778
27936	638.0782918149467	268.1244444444444
27966	317.7935943060498	45.013333333333335
27995	417.43772241992883	43.23555555555556
28025	534.8754448398577	170.34666666666664
28056	207.47330960854092	183.68
28085	430.7829181494662	168.5688888888889
28119	436.1209964412811	72.56888888888889
28149	431.6725978647687	138.34666666666666
28178	324.02135231316726	115.23555555555554
28205	249.28825622775798	110.7911111111111
28236	235.05338078291814	155.23555555555555
28270	413.87900355871886	363.23555555555555
28299	310.6761565836299	111.68
28331	212.81138790035587	112.56888888888889
28361	304.44839857651243	67.23555555555556
28392	532.2064056939502	98.34666666666666
28421	393.4163701067616	154.34666666666666
28453	327.5800711743772	27.235555555555557
28484	370.2846975088968	108.12444444444445
28515	463.70106761565836	73.45777777777778
28543	395.19572953736656	40.568888888888885
28573	376.5124555160142	6.791111111111111
28604	365.83629893238435	85.90222222222222
28636	365.83629893238435	85.90222222222222
28664	352.491103202847	48.56888888888889
28693	477.04626334519577	-18.097777777777775
28725	360.4982206405694	20.124444444444446
28753	333.80782918149464	96.56888888888889
28782	401.423487544484	-34.09777777777778
28810	401.423487544484	-34.09777777777778
28840	560.6761565836299	211.23555555555552
28871	430.7829181494662	191.67999999999998
28903	537.5444839857652	235.23555555555555
28936	464.5907473309609	183.68
28965	336.47686832740214	41.45777777777778
28993	470.81850533807835	105.45777777777778
29020	538.4341637010676	31.680000000000003
29049	441.4590747330961	97.45777777777778
29075	360.4982206405694	-36.76444444444444
29103	561.5658362989324	235.23555555555555
29136	496.6192170818506	155.23555555555555
29170	369.3950177935943	112.56888888888889
29203	445.01779359430606	157.01333333333332
29236	460.14234875444845	157.01333333333332
29270	435.2313167259787	188.12444444444444
29296	423.66548042704625	-54.54222222222222
29325	311.56583629893237	194.34666666666664
29353	396.9750889679715	30.791111111111114
29380	350.71174377224196	122.34666666666665
29406	378.29181494661924	67.23555555555556
29436	340.9252669039146	138.34666666666666
29470	355.16014234875445	44.12444444444444
29503	211.92170818505338	162.34666666666666
29536	392.52669039145906	71.67999999999999
29563	510.85409252669047	90.34666666666666
29589	259.9644128113879	117.90222222222222
29616	485.0533807829182	145.45777777777778
29643	406.7615658362989	52.12444444444444
29671	541.9928825622776	89.45777777777778
29703	418.3274021352313	5.902222222222223
29730	486.8327402135232	109.9022222222222
29758	311.56583629893237	-55.43111111111111
29785	300.8896797153025	133.01333333333332
29813	315.12455516014234	45.90222222222222
29843	466.37010676156586	-20.764444444444443
29870	421.8861209964413	125.01333333333334
29897	420.1067615658363	184.56888888888886
29927	489.5017793594306	106.34666666666668
29954	499.28825622775804	137.45777777777778
29981	535.7651245551602	39.68
30008	498.3985765124556	29.902222222222225
30033	445.9074733096085	117.01333333333332
30070	406.7615658362989	58.34666666666667
30103	470.81850533807835	17.45777777777778
30136	464.5907473309609	91.23555555555556
30164	439.6797153024911	14.79111111111111
30191	415.65836298932385	19.235555555555557
30220	521.5302491103203	93.90222222222222
30246	506.405693950178	16.56888888888889
30272	360.4982206405694	140.12444444444444
30302	402.31316725978644	-69.65333333333334
30331	435.2313167259787	103.67999999999999
30360	266.1921708185053	209.45777777777778
30387	305.3380782918149	106.34666666666668
30415	216.3701067615658	184.56888888888886
30442	333.80782918149464	181.01333333333332
30470	493.0604982206406	228.12444444444444
30497	506.405693950178	229.01333333333332
30524	437.9003558718861	147.23555555555555
30553	461.03202846975097	114.34666666666666
30581	436.1209964412811	256.56888888888886
30607	446.79715302491104	299.2355555555555
30633	542.8825622775802	224.56888888888886
30696	388.9679715302491	177.45777777777775
30728	557.1174377224199	42.346666666666664
30755	477.04626334519577	98.34666666666666
30782	358.71886120996436	189.01333333333332
30809	614.9466192170819	226.34666666666666
30835	509.96441281138794	349.9022222222222
30863	509.96441281138794	724.1244444444444
30892	352.491103202847	783.6800000000001
30919	520.6405693950178	745.4577777777778
30948	624.7330960854093	625.4577777777778
30974	342.70462633451956	289.4577777777778
31002	342.70462633451956	289.4577777777778
31036	369.3950177935943	349.9022222222222
31066	240.3914590747331	285.0133333333333
31092	335.5871886120996	119.67999999999999
31118	367.61565836298934	89.45777777777778
31147	450.35587188612095	97.45777777777778
31174	372.95373665480423	141.9022222222222
31201	372.06405693950177	44.12444444444444
31228	303.55871886120997	186.34666666666666
31257	276.86832740213526	133.01333333333332
31286	441.4590747330961	53.90222222222222
31313	343.594306049822	79.67999999999999
31340	323.13167259786474	131.23555555555555
31367	410.32028469750884	125.9022222222222
31393	434.34163701067615	81.45777777777778
31422	559.7864768683274	5.013333333333334
31452	804.4483985765125	150.7911111111111
31478	804.4483985765125	150.7911111111111
31504	786.6548042704626	151.68
31532	762.6334519572954	175.67999999999998
31562	738.6120996441281	130.34666666666666
31589	840.0355871886121	132.12444444444444
31616	768.8612099644129	132.12444444444444
31644	756.405693950178	187.23555555555552
31671	832.0284697508897	39.68
31700	695.017793594306	108.12444444444445
31725	856.9395017793595	210.34666666666664
31753	689.6797153024912	129.45777777777775
31786	754.626334519573	104.56888888888889
31819	785.7651245551602	102.79111111111112
31848	785.7651245551602	102.79111111111112
31874	583.8078291814946	197.01333333333332
31902	695.017793594306	176.5688888888889
31936	378.29181494661924	128.56888888888886
31964	290.2135231316726	99.23555555555555
31990	391.6370106761566	189.01333333333332
32018	368.5053380782918	106.34666666666668
32046	453.02491103202846	-74.09777777777778
32074	416.5480427046263	19.235555555555557
32101	178.1138790035587	-130.98666666666668
32136	342.70462633451956	-42.09777777777778
32165	286.65480427046265	-140.76444444444445
32194	359.6085409252669	26.346666666666668
32221	485.0533807829182	157.9022222222222
32250	623.8434163701068	172.12444444444444
32275	572.2419928825623	179.23555555555555
32302	518.8612099644129	176.5688888888889
32328	503.73665480427053	187.23555555555552
32355	695.9074733096086	-18.986666666666665
32383	610.4982206405695	165.01333333333332
32409	610.4982206405695	165.01333333333332
32435	309.7864768683274	136.56888888888886
32463	373.84341637010675	131.23555555555555
32490	326.69039145907476	61.01333333333333
32517	291.1032028469751	99.23555555555555
32545	258.1850533807829	42.346666666666664
32571	338.2562277580071	124.12444444444444
32596	432.56227758007117	21.90222222222222
32622	369.3950177935943	6.791111111111111
32651	381.8505338078292	315.23555555555555
32678	437.9003558718861	277.90222222222224
32705	294.66192170818505	223.67999999999998
32732	313.34519572953735	250.34666666666666
32761	210.1423487544484	68.12444444444445
32787	267.9715302491103	187.23555555555552
32820	380.0711743772242	18.346666666666668
32848	167.43772241992883	24.56888888888889
32874	356.04982206405697	114.34666666666666
32901	333.80782918149464	-11.875555555555554
32927	277.7580071174377	55.67999999999999
32954	396.9750889679715	61.01333333333333
32981	247.50889679715303	217.45777777777775
33008	235.05338078291814	130.34666666666666
33035	502.846975088968	158.7911111111111
33063	275.0889679715303	163.23555555555552
33091	252.84697508896798	69.90222222222222
33121	350.71174377224196	268.1244444444444
33148	373.84341637010675	138.34666666666666
33174	417.43772241992883	143.67999999999998
33200	177.22419928825622	65.45777777777778
33227	260.8540925266904	229.90222222222224
33254	324.02135231316726	173.9022222222222
33282	228.8256227758007	22.79111111111111
33310	333.80782918149464	-50.09777777777777
33337	333.80782918149464	-50.09777777777777
33365	257.29537366548044	224.56888888888886
33391	195.01779359430606	139.23555555555552
33420	371.17437722419925	230.7911111111111
33447	371.17437722419925	230.7911111111111
33478	381.8505338078292	200.5688888888889
33505	239.5017793594306	177.45777777777775
33532	376.5124555160142	239.67999999999998
33562	154.09252669039145	581.0133333333333
33590	308.8967971530249	709.0133333333333
33620	451.2455516014235	618.3466666666667
33651	744.8398576512456	629.0133333333333
33678	542.8825622775802	483.2355555555555
33705	501.067615658363	545.4577777777778
33732	596.2633451957296	399.68
33764	505.51601423487546	323.23555555555555
33790	525.9786476868328	359.68
33818	525.9786476868328	359.68
33845	616.7259786476868	102.79111111111112
33876	499.28825622775804	168.5688888888889
33903	464.5907473309609	317.0133333333333
33936	417.43772241992883	317.90222222222224
33967	506.405693950178	349.9022222222222
33994	428.1138790035587	131.23555555555555
34022	615.8362989323844	160.56888888888886
34053	776.8683274021353	189.01333333333332
34081	678.1138790035588	161.45777777777778
34108	775.9786476868328	224.56888888888886
34142	751.9572953736655	252.1244444444444
34168	662.0996441281139	249.45777777777778
34195	665.6583629893239	336.56888888888886
34222	571.3523131672599	227.23555555555555
34249	571.3523131672599	227.23555555555555
34279	646.0854092526691	224.56888888888886
34307	622.0640569395018	122.34666666666665
34334	606.049822064057	237.01333333333335
34362	556.2277580071175	189.01333333333332
34390	560.6761565836299	323.23555555555555
34416	714.5907473309609	185.45777777777778
34446	668.3274021352313	172.12444444444444
34474	688.7900355871886	213.9022222222222
34502	701.2455516014236	157.01333333333332
34528	713.7010676156584	85.01333333333334
34557	682.5622775800713	84.12444444444445
34582	682.5622775800713	84.12444444444445
34607	755.5160142348755	132.12444444444444
34634	713.7010676156584	222.79111111111112
34663	613.1672597864768	129.45777777777775
34691	592.7046263345196	197.01333333333332
34717	743.9501779359431	98.34666666666666
34749	527.7580071174378	179.23555555555555
34777	638.9679715302492	215.68
34803	800.8896797153026	134.7911111111111
34831	831.1387900355872	45.90222222222222
34862	869.3950177935943	121.45777777777778
34889	815.1245551601423	81.45777777777778
34918	880.9608540925268	124.12444444444444
34945	880.9608540925268	124.12444444444444
34972	911.2099644128115	82.34666666666666
35003	842.7046263345196	51.23555555555556
35031	897.8647686832741	6.791111111111111
35059	843.5943060498221	48.56888888888889
35086	891.6370106761566	-32.32
35113	857.829181494662	101.90222222222222
35139	970.8185053380784	217.45777777777775
35168	984.1637010676158	125.9022222222222
35192	993.0604982206406	61.90222222222223
35218	1009.0747330960854	65.45777777777778
35246	885.4092526690391	34.34666666666667
35274	885.4092526690391	34.34666666666667
35302	1030.4270462633451	128.56888888888886
35327	929.8932384341637	132.12444444444444
35353	897.8647686832741	38.79111111111111
35380	824.0213523131673	125.01333333333334
35408	1025.9786476868328	157.01333333333332
35436	945.017793594306	231.67999999999998
35468	1049.1103202846975	-4.764444444444444
35493	969.9288256227758	266.34666666666664
35521	941.4590747330961	150.7911111111111
35553	923.6654804270463	79.67999999999999
35580	996.6192170818505	215.68
35608	996.6192170818505	215.68
35638	861.3879003558719	33.45777777777778
35665	1013.5231316725979	78.7911111111111
35691	1060.67615658363	181.01333333333332
35720	1089.1459074733095	137.45777777777778
35747	955.693950177936	56.56888888888889
35776	947.6868327402136	90.34666666666666
35802	983.2740213523132	84.12444444444445
35828	893.4163701067615	47.68
35855	920.1067615658363	155.23555555555555
35882	904.982206405694	125.9022222222222
35908	899.6441281138791	162.34666666666666
35934	906.7615658362989	120.56888888888888
35963	856.9395017793595	161.45777777777778
35988	889.8576512455516	184.56888888888886
36016	842.7046263345196	209.45777777777778
36044	847.153024911032	29.902222222222225
36072	833.8078291814946	30.791111111111114
36097	773.3096085409253	116.12444444444444
36126	815.1245551601423	69.90222222222222
36154	742.1708185053382	161.45777777777778
36182	742.1708185053382	161.45777777777778
36207	702.135231316726	182.7911111111111
36234	702.135231316726	93.01333333333334
36263	375.62277580071174	493.0133333333333
36295	552.6690391459075	471.68
36322	670.1067615658363	636.1244444444444
36350	662.9893238434164	550.7911111111111
36378	766.1921708185054	471.68
36404	673.6654804270463	306.34666666666664
36430	660.3202846975089	514.3466666666667
36461	801.779359430605	255.68
36489	733.2740213523132	102.79111111111112
36553	788.4341637010676	147.23555555555555
36590	880.0711743772242	82.34666666666666
36619	859.608540925267	49.45777777777778
36646	859.608540925267	49.45777777777778
36674	823.1316725978648	258.34666666666664
36701	587.3665480427047	120.56888888888888
36728	699.4661921708185	246.7911111111111
36756	767.0818505338078	247.67999999999998
36785	941.4590747330961	197.9022222222222
36812	725.2669039145908	260.1244444444444
36837	725.2669039145908	260.1244444444444
36865	913.8790035587189	166.7911111111111
36895	769.7508896797154	86.7911111111111
36923	948.5765124555161	150.7911111111111
36952	927.2241992882563	180.12444444444444
36976	1028.6476868327404	141.9022222222222
37007	852.4911032028471	303.68
37036	685.2313167259787	404.12444444444446
37070	780.4270462633452	235.23555555555555
37103	734.1637010676158	178.34666666666666
37136	829.3594306049823	228.12444444444444
37162	824.9110320284698	261.90222222222224
37188	837.3665480427047	260.1244444444444
37215	966.3701067615659	232.56888888888886
37242	711.0320284697509	294.7911111111111
37271	711.0320284697509	294.7911111111111
37301	725.2669039145908	335.67999999999995
37327	605.1601423487544	348.1244444444444
37354	214.59074733096085	240.56888888888886
37386	165.65836298932382	381.90222222222224
37420	245.72953736654804	407.67999999999995
37447	256.4056939501779	279.67999999999995
37475	224.37722419928824	289.4577777777778
37502	88.25622775800711	276.12444444444446
37536	250.17793594306048	319.68
37570	251.067615658363	297.4577777777778
37603	162.09964412811388	368.56888888888886
37636	193.23843416370107	39.68
37670	172.77580071174376	310.7911111111111
37703	149.644128113879	205.9022222222222
37736	294.66192170818505	201.45777777777778
37770	355.16014234875445	302.7911111111111
37803	252.84697508896798	306.34666666666664
37836	179.0035587188612	297.4577777777778
37869	310.6761565836299	369.4577777777778
37903	250.17793594306048	293.9022222222222
37936	291.99288256227754	222.79111111111112
37969	329.3594306049822	261.90222222222224
38003	205.69395017793593	246.7911111111111
38036	340.9252669039146	216.56888888888886
38070	316.01423487544486	165.9022222222222
38103	263.52313167259786	212.12444444444444
38136	519.7508896797154	259.23555555555555
38170	474.3772241992883	186.34666666666666
38203	310.6761565836299	393.4577777777778
38231	522.4199288256228	307.23555555555555
38259	391.6370106761566	212.12444444444444
38285	402.31316725978644	167.67999999999998
38311	530.4270462633452	212.12444444444444
38336	375.62277580071174	306.34666666666664
38370	294.66192170818505	213.9022222222222
38403	436.1209964412811	445.9022222222222
38436	409.4306049822064	308.1244444444444
38469	413.87900355871886	311.68
38503	290.2135231316726	288.56888888888886
38536	305.3380782918149	156.1244444444444
38564	237.72241992882562	412.12444444444446
38591	295.5516014234875	261.90222222222224
38618	328.46975088967974	188.12444444444444
38653	264.4128113879004	324.12444444444446
38686	364.94661921708183	316.1244444444444
38719	352.491103202847	333.9022222222222
38745	352.491103202847	333.9022222222222
38771	151.42348754448398	333.9022222222222
38802	263.52313167259786	223.67999999999998
38830	117.61565836298932	145.45777777777778
38857	223.48754448398574	349.0133333333333
38884	243.95017793594306	437.0133333333333
38910	64.23487544483984	457.4577777777778
38938	162.98932384341634	342.7911111111111
38965	270.6405693950178	228.12444444444444
38992	358.71886120996436	253.9022222222222
39021	275.0889679715303	282.34666666666664
39048	384.5195729537366	403.23555555555555
39075	391.6370106761566	446.79111111111115
39103	339.1459074733096	399.68
39130	255.5160142348754	436.1244444444444
39160	443.2384341637011	310.7911111111111
39188	394.30604982206404	372.1244444444444
39217	446.79715302491104	376.56888888888886
39253	446.79715302491104	376.56888888888886
39286	655.8718861209965	260.1244444444444
39320	1134.5195729537368	396.1244444444444
39353	1134.5195729537368	631.68
39404	1213.7010676156583	518.7911111111111
39436	1048.220640569395	654.791111111111
39469	1074.0213523131672	705.4577777777778
39503	1174.5551601423488	518.7911111111111
39536	1103.3807829181494	489.4577777777777
39564	1065.1245551601426	486.7911111111111
39588	960.1423487544484	669.9022222222222
39619	1126.5124555160141	570.3466666666667
39653	1093.594306049822	611.2355555555555
39686	1061.5658362989325	613.0133333333333
39720	1090.035587188612	527.68
39753	952.135231316726	434.34666666666664
39786	937.9003558718862	574.791111111111
39820	1160.320284697509	695.6800000000001
39853	985.9430604982207	626.3466666666667
39886	1156.761565836299	582.791111111111
39920	831.1387900355872	510.7911111111111
39953	1138.967971530249	407.67999999999995
39987	1154.9822064056941	596.1244444444444
40016	1193.238434163701	713.4577777777778
40041	1184.3416370106763	637.9022222222222
40087	1093.594306049822	605.9022222222222
40120	1013.5231316725979	670.791111111111
40148	1095.3736654804272	647.68
40176	1134.5195729537368	756.1244444444444
40207	1043.7722419928825	569.4577777777778
40232	1033.0960854092527	713.4577777777778
40261	1054.4483985765125	533.9022222222222
40286	1225.2669039145908	533.0133333333333
40315	1025.0889679715303	493.90222222222224
40343	1025.0889679715303	493.90222222222224
40376	1066.9039145907473	700.1244444444444
40404	1154.9822064056941	645.9022222222222
40437	1310.67615658363	637.0133333333333
40462	957.473309608541	661.9022222222222
40491	1025.0889679715303	514.3466666666667
40520	1025.0889679715303	514.3466666666667
40547	686.1209964412812	504.56888888888886
40577	1042.88256227758	538.3466666666666
40604	770.6405693950178	524.1244444444444
40628	589.1459074733096	455.68
40659	468.14946619217085	391.68
40693	675.4448398576512	266.34666666666664
40733	577.5800711743773	247.67999999999998
40763	601.6014234875445	396.1244444444444
40788	339.1459074733096	32.56888888888889
40819	622.9537366548044	233.45777777777778
40848	512.6334519572954	146.34666666666664
40873	484.1637010676157	196.12444444444444
40897	360.4982206405694	240.56888888888886
40926	415.65836298932385	326.79111111111115
40957	388.9679715302491	197.01333333333332
40986	428.1138790035587	323.23555555555555
41015	362.2775800711744	265.4577777777777
41041	610.4982206405695	262.7911111111111
41067	260.8540925266904	234.34666666666666
41091	598.0427046263346	253.01333333333332
41117	262.6334519572954	127.67999999999999
41142	210.1423487544484	72.56888888888889
41170	416.5480427046263	365.0133333333333
41199	401.423487544484	248.5688888888889
41227	373.84341637010675	257.4577777777778
41253	371.17437722419925	401.4577777777777
41281	367.61565836298934	450.34666666666664
41309	455.69395017793596	401.4577777777777
41334	488.61209964412814	181.01333333333332
41361	298.220640569395	316.1244444444444
41390	683.4519572953736	215.68
41416	456.5836298932385	235.23555555555555
41441	457.473309608541	525.9022222222222
41466	298.220640569395	350.7911111111111
41497	501.067615658363	374.7911111111111
41526	505.51601423487546	812.1244444444445
41553	277.7580071174377	679.6800000000001
41580	177.22419928825622	462.79111111111104
41607	314.2348754448399	489.4577777777777
41637	243.06049822064054	643.2355555555556
41662	648.7544483985765	538.3466666666666
41687	659.4306049822064	685.9022222222222
41714	582.9181494661923	572.1244444444444
41741	738.6120996441281	647.68
41766	467.2597864768684	720.5688888888889
41794	631.8505338078292	727.68
41823	630.9608540925268	677.9022222222222
41852	346.2633451957295	581.0133333333333
41878	492.1708185053381	631.68
41906	509.0747330960854	1069.9022222222225
41936	487.7224199288257	530.3466666666666
41966	367.61565836298934	509.9022222222222
41990	263.52313167259786	450.34666666666664
42016	324.02135231316726	733.9022222222222
42043	612.2775800711744	765.0133333333333
42070	372.95373665480423	666.3466666666667
42097	324.9110320284697	738.3466666666666
42138	383.62989323843414	744.5688888888889
42173	465.4804270462634	982.7911111111111
42203	348.932384341637	727.68
42232	139.85765124555158	721.4577777777778
42260	420.1067615658363	1140.1244444444446
42287	579.3594306049823	1132.1244444444446
42317	512.6334519572954	923.2355555555557
42343	623.8434163701068	928.568888888889
42375	386.29893238434164	1006.7911111111111
42402	566.0142348754449	936.568888888889
42436	385.4092526690391	1008.5688888888889
42467	377.4021352313167	1015.6800000000001
42494	386.29893238434164	885.9022222222222
42521	386.29893238434164	885.9022222222222
42553	461.03202846975097	1202.3466666666668
42583	290.2135231316726	1241.457777777778
42612	296.44128113879003	944.568888888889
42641	185.23131672597864	783.6800000000001
42668	150.53380782918148	757.9022222222222
42699	265.30249110320284	699.2355555555555
42730	203.02491103202846	958.7911111111111
42757	294.66192170818505	1029.9022222222225
42785	747.508896797153	792.5688888888889
42813	590.0355871886121	1202.3466666666668
42838	493.9501779359431	1053.0133333333333
42869	654.0925266903915	982.7911111111111
42920	654.982206405694	1037.0133333333333
42947	503.73665480427053	1051.2355555555557
42974	414.7686832740213	1051.2355555555557
43001	633.6298932384342	1078.7911111111111
43028	843.5943060498221	667.2355555555556
43056	233.27402135231316	813.9022222222221
43084	384.5195729537366	437.0133333333333
43117	409.4306049822064	383.67999999999995
43143	429.8932384341637	200.5688888888889
43170	654.982206405694	416.5688888888889
43198	469.92882562277583	381.0133333333333
43225	525.0889679715302	273.4577777777778
43253	540.2135231316726	282.34666666666664
43282	576.6903914590747	341.9022222222222
43312	491.28113879003564	267.23555555555555
43340	658.540925266904	357.90222222222224
43366	495.7295373665481	409.4577777777777
43391	402.31316725978644	325.0133333333333
43418	474.3772241992883	188.12444444444444
43443	398.75444839857647	295.68
43470	392.52669039145906	244.1244444444444
43497	591.814946619217	316.1244444444444
43530	545.5516014234876	290.3466666666667
43561	402.31316725978644	374.7911111111111
43590	552.6690391459075	297.4577777777778
43617	511.743772241993	391.68
43645	582.9181494661923	269.0133333333333
43671	398.75444839857647	259.23555555555555
43697	601.6014234875445	400.56888888888886
43726	530.4270462633452	340.12444444444446
43752	485.0533807829182	410.3466666666667
43777	726.1565836298934	427.23555555555555
43803	283.0960854092527	519.68
43831	562.455516014235	393.4577777777778
43862	474.3772241992883	396.1244444444444
43893	493.0604982206406	347.23555555555555
43921	414.7686832740213	259.23555555555555
43949	332.9181494661921	512.5688888888889
43977	332.9181494661921	512.5688888888889
44006	457.473309608541	411.23555555555555
44035	480.60498220640574	517.0133333333333
44062	349.8220640569395	373.90222222222224
44089	574.0213523131673	413.0133333333333
44115	526.8683274021353	285.9022222222222
44145	439.6797153024911	472.56888888888886
44171	623.8434163701068	373.0133333333333
44202	273.30960854092524	274.34666666666664
44230	405.87188612099646	420.1244444444444
44259	411.20996441281136	389.0133333333333
44285	417.43772241992883	380.12444444444446
44316	415.65836298932385	437.9022222222222
44344	438.7900355871886	341.9022222222222
44372	721.7081850533808	361.4577777777777
44403	524.1992882562278	494.7911111111111
44430	515.3024911032029	368.56888888888886
44457	527.7580071174378	641.4577777777778
44484	590.9252669039147	332.12444444444446
44511	485.0533807829182	631.68
44539	151.42348754448398	679.6800000000001
44567	372.06405693950177	733.9022222222222
44592	233.27402135231316	480.56888888888886
44619	396.085409252669	1045.0133333333333
44647	396.085409252669	1045.0133333333333
44672	383.62989323843414	994.3466666666668
44697	246.61921708185054	1018.3466666666668
44728	201.2455516014235	898.3466666666667
44755	170.99644128113877	786.3466666666667
44782	187.01067615658363	819.2355555555556
44808	214.59074733096085	954.3466666666667
44837	227.93594306049823	1101.9022222222222
44864	348.932384341637	833.4577777777778
44891	259.9644128113879	665.4577777777778
44920	405.87188612099646	1062.7911111111111
44953	350.71174377224196	688.5688888888889
44985	301.779359430605	1103.68
45016	307.1174377224199	1045.0133333333333
45045	719.9288256227758	1180.1244444444446
45072	842.7046263345196	901.9022222222222
45105	670.1067615658363	836.1244444444445
45150	674.5551601423489	1105.457777777778
45219	575.8007117437722	1271.68
45257	659.4306049822064	991.6800000000001
45301	297.3309608540925	883.2355555555555
45347	248.3985765124555	981.9022222222223
45388	289.3238434163701	1059.2355555555557
45427	319.57295373665477	733.9022222222222
45463	45.55160142348753	863.68
45493	126.51245551601423	575.6800000000001
45529	355.16014234875445	749.0133333333333
45557	355.16014234875445	749.0133333333333
45587	345.373665480427	836.1244444444445
45616	167.43772241992883	793.4577777777778
45651	324.02135231316726	901.0133333333334
45685	428.1138790035587	805.9022222222221
45715	318.6832740213523	674.3466666666667
45750	437.9003558718861	728.5688888888889
45784	164.76868327402133	572.1244444444444
45820	408.5409252669039	245.0133333333333
45850	303.55871886120997	354.3466666666667
45880	407.65124555160145	285.9022222222222
45913	258.1850533807829	205.9022222222222
45943	350.71174377224196	286.7911111111111
45977	372.95373665480423	227.23555555555555
46007	477.04626334519577	229.01333333333332
46036	655.8718861209965	412.12444444444446
46065	550.0	301.9022222222222
46092	474.3772241992883	355.23555555555555
46124	366.7259786476868	181.9022222222222
46154	366.7259786476868	181.9022222222222
46181	345.373665480427	129.45777777777775
46210	322.2419928825623	191.67999999999998
46239	514.4128113879004	85.01333333333334
46270	582.9181494661923	175.67999999999998
46299	439.6797153024911	202.34666666666666
46326	551.779359430605	157.9022222222222
46357	684.3416370106762	191.67999999999998
46385	261.7437722419929	357.90222222222224
46413	290.2135231316726	303.68
46442	343.594306049822	338.34666666666664
46474	445.01779359430606	212.12444444444444
46500	356.04982206405697	317.0133333333333
46528	370.2846975088968	319.68
46558	546.4412811387901	149.9022222222222
46588	269.75088967971527	668.1244444444444
46620	428.1138790035587	545.4577777777778
46647	490.3914590747331	543.68
46674	344.48398576512454	767.6800000000001
46701	291.1032028469751	552.5688888888889
46731	372.95373665480423	767.6800000000001
46757	372.95373665480423	767.6800000000001
46781	130.07117437722417	829.9022222222222
46810	343.594306049822	673.4577777777778
46837	539.3238434163702	683.2355555555555
46866	751.9572953736655	778.3466666666667
46894	477.04626334519577	732.1244444444444
46920	543.7722419928826	750.7911111111111
46946	642.5266903914592	604.1244444444444
46977	545.5516014234876	671.6800000000001
47005	535.7651245551602	826.3466666666666
47034	547.3309608540926	869.9022222222222
47086	619.3950177935943	773.0133333333333
47112	619.3950177935943	773.0133333333333
47138	636.2989323843417	966.7911111111111
47164	560.6761565836299	797.0133333333333
47192	655.8718861209965	933.0133333333334
47217	525.9786476868328	771.2355555555556
47242	548.220640569395	785.4577777777777
47275	596.2633451957296	1200.568888888889
47301	420.9964412811388	1019.2355555555556
47353	440.56939501779357	928.568888888889
47390	468.14946619217085	885.9022222222222
47420	338.2562277580071	718.7911111111111
47445	338.2562277580071	718.7911111111111
47474	421.8861209964413	593.4577777777778
47504	346.2633451957295	261.90222222222224
47529	386.29893238434164	242.34666666666666
47557	543.7722419928826	289.4577777777778
47583	366.7259786476868	340.12444444444446
47607	461.9217081850534	210.34666666666664
47636	367.61565836298934	315.23555555555555
47662	287.5444839857651	85.01333333333334
47686	362.2775800711744	217.45777777777775
47710	464.5907473309609	94.79111111111112
47739	482.3843416370107	309.90222222222224
47766	395.19572953736656	169.45777777777778
47792	365.83629893238435	223.67999999999998
47821	514.4128113879004	253.01333333333332
47848	469.03914590747337	345.4577777777778
47875	459.252669039146	226.34666666666666
47902	446.79715302491104	298.3466666666667
47927	394.30604982206404	235.23555555555555
47959	509.96441281138794	347.23555555555555
47989	394.30604982206404	189.01333333333332
48017	344.48398576512454	261.0133333333333
48046	476.15658362989325	740.1244444444444
48071	442.34875444839855	910.7911111111113
48117	777.7580071174378	1061.9022222222225
48143	302.6690391459075	970.3466666666667
48174	569.5729537366549	1083.2355555555557
48211	444.12811387900354	1211.2355555555557
48242	618.5053380782919	1029.0133333333333
48268	435.2313167259787	1106.3466666666666
48292	439.6797153024911	950.7911111111111
48327	495.7295373665481	1059.2355555555557
48351	590.9252669039147	1105.457777777778
48403	578.4697508896797	815.6800000000001
48431	439.6797153024911	1034.3466666666668
48459	397.864768683274	1024.568888888889
48489	397.864768683274	1024.568888888889
48515	259.0747330960854	1024.568888888889
48541	169.2170818505338	958.7911111111111
48571	342.70462633451956	1124.1244444444446
48598	195.01779359430606	982.7911111111111
48629	134.51957295373666	872.568888888889
48657	394.30604982206404	1130.3466666666668
48685	400.53380782918146	1157.0133333333335
48713	409.4306049822064	1036.1244444444444
48748	191.45907473309606	817.4577777777778
48777	403.20284697508896	943.6800000000002
48804	170.10676156583628	860.1244444444445
48853	312.4555160142349	1127.68
48880	546.4412811387901	983.6800000000001
48907	99.8220640569395	809.4577777777778
48953	163.87900355871884	591.6800000000001
48984	94.48398576512454	522.3466666666667
49018	283.0960854092527	374.7911111111111
49048	461.03202846975097	130.34666666666666
49073	391.6370106761566	77.90222222222224
49103	451.2455516014235	128.56888888888886
49130	372.95373665480423	255.68
49158	372.95373665480423	255.68
49185	289.3238434163701	229.90222222222224
49213	370.2846975088968	349.9022222222222
49247	425.44483985765123	85.90222222222222
49276	367.61565836298934	309.0133333333333
49305	435.2313167259787	381.90222222222224
49353	31.316725978647675	757.0133333333333
49386	102.49110320284696	1054.7911111111111
49413	198.576512455516	1026.3466666666668
49444	421.8861209964413	1158.7911111111111
49473	347.153024911032	1204.1244444444444
49501	275.97864768683274	1163.2355555555555
49526	317.7935943060498	977.4577777777779
49551	397.864768683274	1035.2355555555557
49603	276.86832740213526	1133.9022222222222
49630	336.47686832740214	770.3466666666667
49656	238.6120996441281	910.7911111111113
49685	293.7722419928825	1066.3466666666668
49713	181.67259786476868	1005.0133333333335
49748	304.44839857651243	1145.457777777778
49784	604.270462633452	1064.568888888889
49823	1038.4341637010677	847.68
49852	958.3629893238434	820.1244444444445
49882	958.3629893238434	820.1244444444445
49915	1190.5693950177936	776.5688888888889
49945	1004.626334519573	861.0133333333333
49974	920.1067615658363	833.4577777777778
50002	925.4448398576512	765.0133333333333
50029	1150.5338078291816	825.4577777777778
50057	1181.6725978647687	876.1244444444444
50103	1181.6725978647687	889.4577777777778
50133	1228.8256227758009	989.0133333333334
50157	1030.4270462633451	1061.9022222222225
50186	899.6441281138791	910.7911111111113
50216	909.4306049822064	1006.7911111111111
50240	1068.6832740213524	1043.2355555555557
50268	905.8718861209965	981.9022222222223
50297	1008.185053380783	979.2355555555556
50322	929.8932384341637	1052.1244444444444
50351	1100.711743772242	843.2355555555555
50385	1097.1530249110322	1087.68
50420	899.6441281138791	940.1244444444446
50447	1067.79359430605	1117.0133333333333
50471	1004.626334519573	962.3466666666667
50500	1052.6690391459074	1095.68
50529	1098.932384341637	1349.9022222222222
50554	1055.338078291815	1212.1244444444444
50581	1055.338078291815	1212.1244444444444
50608	1207.473309608541	911.6800000000002
50638	1404.9822064056941	1087.68
50663	1208.3629893238435	992.5688888888891
50692	1100.711743772242	1066.3466666666668
50724	994.8398576512456	1029.0133333333333
50753	1330.2491103202847	1149.9022222222222
50804	1326.6903914590748	909.0133333333334
50833	1403.202846975089	1156.1244444444446
50861	1225.2669039145908	1119.68
50891	1059.7864768683273	1114.3466666666666
50937	1138.967971530249	899.2355555555555
50983	1130.9608540925267	891.2355555555555
51010	1333.8078291814948	1111.68
51040	1517.081850533808	1085.9022222222222
51065	1544.6619217081852	1061.9022222222225
51089	1544.6619217081852	1061.9022222222225
51136	1198.5765124555162	985.4577777777779
51166	1329.3594306049822	959.6800000000002
51203	1219.9288256227758	901.9022222222222
51230	1334.6975088967972	850.3466666666666
51257	1147.8647686832742	952.568888888889
51286	1502.8469750889678	940.1244444444446
51320	1319.5729537366549	697.4577777777778
51357	1459.2526690391458	999.6800000000001
51403	1128.2918149466193	932.1244444444446
51439	1389.8576512455516	771.2355555555556
51487	1289.32384341637	972.1244444444446
51520	1316.9039145907473	965.9022222222223
51554	1429.8932384341638	917.9022222222222
51594	1305.338078291815	1103.68
51620	1305.338078291815	1103.68
51650	1478.8256227758009	1077.0133333333333
51679	1343.594306049822	899.2355555555555
51705	1042.88256227758	1028.1244444444444
51729	1025.0889679715303	933.9022222222222
51759	1234.1637010676156	794.3466666666667
51786	1364.946619217082	953.4577777777779
51814	1205.693950177936	923.2355555555557
51842	1259.964412811388	944.568888888889
51869	1301.7793594306052	880.568888888889
51903	1091.8149466192172	867.2355555555555
51937	1211.032028469751	1101.9022222222222
51974	1100.711743772242	913.4577777777779
52006	1269.7508896797153	951.6800000000002
52039	1293.7722419928825	1068.1244444444446
52070	1429.8932384341638	868.1244444444445
52103	1542.88256227758	1011.2355555555556
52136	1402.3131672597865	1066.3466666666668
52171	1368.505338078292	980.1244444444446
52212	1335.5871886120997	866.3466666666667
52237	1296.44128113879	770.3466666666667
52267	1310.67615658363	761.4577777777778
52294	1310.67615658363	761.4577777777778
52322	1550.0	796.1244444444444
52351	1553.55871886121	1120.568888888889
52380	1559.7864768683273	811.2355555555556
