time	x	y
1	764.2487046632125	334.0388768898488
80	1038.8601036269429	333.1749460043196
139	729.706390328152	297.75377969762417
201	835.924006908463	294.29805615550754
266	886.0103626943005	245.91792656587472
325	863.5578583765113	314.16846652267816
388	395.5094991364421	301.2095032397408
449	429.18825561312605	187.17062634989202
510	380.82901554404145	106.82505399568034
574	184.80138169257341	39.43844492440605
637	215.88946459412782	101.6414686825054
698	161.4853195164076	11.792656587473003
760	160.62176165803106	-10.669546436285097
822	330.7426597582038	45.48596112311015
885	359.2400690846287	43.75809935205183
947	322.9706390328152	31.663066954643625
1007	250.43177892918828	378.0993520518358
1069	1104.4905008635578	525.8315334773217
1131	759.0673575129534	484.3628509719222
1197	177.0293609671848	240.73434125269975
1256	360.9671848013817	530.1511879049676
1321	171.84801381692574	443.7580993520518
1383	42.314335060449054	443.7580993520518
1446	318.65284974093265	600.9935205183585
1508	122.6252158894646	556.9330453563714
1569	291.0189982728843	550.0215982721382
1631	310.880829015544	500.77753779697616
1695	126.07944732297064	416.97624190064795
1755	278.92918825561316	359.0928725701944
1817	239.2055267702936	362.548596112311
1876	403.28151986183076	360.82073434125266
1942	227.97927461139898	391.05831533477317
2002	254.7495682210708	358.2289416846652
2062	311.7443868739205	324.53563714902805
2127	316.0621761658031	328.85529157667384
2205	405.0086355785837	334.90280777537794
2265	471.5025906735751	355.6371490280777
2327	284.11053540587216	280.475161987041
2388	115.71675302245251	359.0928725701944
2451	258.20379965457687	314.16846652267816
2512	80.31088082901553	434.25485961123104
2575	127.80656303972366	288.25053995680344
2639	236.61485319516407	264.9244060475162
2699	183.93782383419688	86.09071274298057
2761	161.4853195164076	74.85961123110152
2821	224.52504317789294	83.49892008639308
2900	314.33506044905005	29.93520518358531
2961	450.77720207253884	23.88768898488121
3021	521.5889464594128	21.295896328293733
3084	238.3419689119171	64.49244060475162
3144	348.01381692573403	40.30237580993521
3221	455.95854922279796	56.717062634989205
3284	442.14162348877375	64.49244060475162
3345	365.2849740932643	152.6133909287257
3410	517.2711571675303	33.39092872570194
3471	515.5440414507773	155.2051835853132
3534	509.4991364421416	113.73650107991362
3595	588.0829015544041	51.53347732181426
3656	567.3575129533679	-8.077753779697625
3719	425.73402417962	-27.948164146868255
3781	544.9050086355786	-12.397408207343412
3887	418.82556131260793	130.1511879049676
3951	321.2435233160621	15.24838012958963
4014	506.9084628670121	107.6889848812095
4076	370.4663212435233	-4.622030237580993
4138	428.3246977547496	4.017278617710583
4200	569.9481865284974	-12.397408207343412
4288	417.9620034542315	27.34341252699784
4352	560.4490500863558	68.81209503239741
4416	544.9050086355786	131.01511879049676
4476	520.7253886010362	80.04319654427647
4538	581.174438687392	119.78401727861771
4599	431.77892918825563	116.32829373650108
4662	552.6770293609671	117.19222462203025
4720	651.1226252158895	23.02375809935205
4787	521.5889464594128	128.4233261339093
4850	457.6856649395509	151.74946004319656
4909	498.272884283247	181.98704103671705
4974	589.8100172711571	85.2267818574514
5036	370.4663212435233	110.28077753779696
5097	309.15371329879105	-0.30237580993520485
5161	202.07253886010363	120.64794816414688
5224	356.64939550949913	156.06911447084232
5284	479.2746113989637	129.28725701943844
5346	313.4715025906736	136.19870410367173
5411	481.00172711571673	142.2462203023758
5474	600.1727115716753	147.42980561555078
5537	424.00690846286705	95.5939524838013
5611	586.3557858376512	191.4902807775378
5672	566.4939550949913	99.91360691144709
5736	778.9291882556131	181.98704103671705
5800	532.8151986183074	150.8855291576674
5860	489.6373056994819	117.19222462203025
5920	391.19170984455957	114.60043196544277
5984	224.52504317789294	130.1511879049676
6044	221.07081174438687	168.16414686825055
6107	446.4594127806563	105.09719222462203
6170	468.9119170984456	35.98272138228942
6231	538.860103626943	125.83153347732181
6293	487.04663212435236	161.2526997840173
6355	333.3333333333333	73.13174946004321
6419	327.28842832469775	128.4233261339093
6479	468.0483592400691	118.92008639308855
6544	267.7029360967185	195.8099352051836
6604	222.7979274611399	184.57883369330455
6669	342.8324697754749	128.4233261339093
6729	341.10535405872196	187.17062634989202
6792	373.05699481865287	105.9611231101512
6856	289.29188255613127	194.94600431965443
6917	292.7461139896373	162.9805615550756
6974	270.293609671848	73.99568034557235
7038	291.8825561312608	137.06263498920086
7101	336.78756476683935	147.42980561555078
7162	337.6511226252159	130.1511879049676
7226	327.28842832469775	71.4038876889849
7290	327.28842832469775	139.65442764578836
7350	221.93436960276338	143.110151187905
7411	335.92400690846284	97.32181425485962
7472	379.10189982728843	102.50539956803458
7537	462.86701208981003	91.27429805615552
7599	387.73747841105353	38.57451403887689
7663	325.5613126079447	158.66090712742982
7725	272.88428324697753	9.200863930885529
7786	367.01208981001724	104.23326133909288
7860	534.5423143350605	44.62203023758099
7923	468.9119170984456	151.74946004319656
7987	562.1761658031088	183.7149028077754
8048	797.9274611398963	549.157667386609
8110	681.3471502590673	569.8920086393089
8174	442.14162348877375	336.63066954643625
8233	285.83765112262523	226.91144708423323
8296	252.15889464594127	177.6673866090713
8356	496.54576856649396	283.93088552915765
8419	467.1848013816925	294.29805615550754
8482	445.5958549222798	235.5507559395248
8542	360.9671848013817	234.68682505399565
8605	418.82556131260793	124.96760259179267
8668	468.9119170984456	105.9611231101512
8732	408.4628670120898	190.62634989200865
8793	441.27806563039724	158.66090712742982
8855	210.70811744386876	103.36933045356372
8918	275.4749568221071	39.43844492440605
8980	354.9222797927461	71.4038876889849
9042	350.60449050086356	131.87904967602591
9102	322.1070811744387	132.7429805615551
9165	168.39378238341968	95.5939524838013
9228	294.4732297063903	69.67602591792658
9290	176.1658031088083	120.64794816414688
9348	113.98963730569949	44.62203023758099
9456	324.6977547495682	110.28077753779696
9518	263.3851468048359	-33.99568034557235
9583	209.84455958549222	-22.764578833693307
9648	272.88428324697753	44.62203023758099
9710	215.88946459412782	175.07559395248379
9767	202.93609671848014	144.83801295896328
9833	382.5561312607945	133.60691144708423
9894	75.12953367875647	116.32829373650108
9954	47.49568221070812	131.87904967602591
10017	271.1571675302245	0.5615550755939528
10082	357.51295336787564	38.57451403887689
10141	113.12607944732298	156.06911447084232
10205	360.10362694300517	30.799136069114468
10270	63.90328151986183	4.881209503239741
10332	189.11917098445596	-15.853131749460045
10392	38.860103626943	-23.628509719222464
10452	118.30742659758204	62.76457883369331
10514	138.16925734024178	78.31533477321815
10576	164.07599309153713	-13.261339092872571
10638	187.39205526770294	110.28077753779696
10699	200.34542314335062	-59.04967602591792
10760	219.34369602763385	40.30237580993521
10823	310.01727115716756	42.03023758099352
10883	287.56476683937825	-46.954643628509714
10948	313.4715025906736	-52.13822894168466
11010	200.34542314335062	15.24838012958963
11071	167.5302245250432	82.63498920086394
11133	215.88946459412782	-40.04319654427646
11194	295.33678756476684	-38.31533477321815
11258	315.19861830742656	-15.853131749460045
11321	376.5112262521589	35.11879049676026
11382	367.01208981001724	148.2937365010799
11444	122.6252158894646	233.8228941684665
11507	257.34024179620036	178.53131749460042
11566	280.6563039723661	277.88336933045355
11631	184.80138169257341	115.46436285097192
11691	400.69084628670123	199.26565874730022
11753	149.39550949913644	225.18358531317492
11814	259.9309153713299	270.9719222462203
11879	232.29706390328153	265.78833693304534
11941	196.02763385146804	186.30669546436286
12002	178.75647668393782	188.89848812095033
12061	344.559585492228	170.755939524838
12126	435.23316062176167	193.21814254859612
12184	547.4956822107081	229.50323974082073
12247	413.6442141623489	232.0950323974082
12315	380.82901554404145	250.23758099352048
12376	341.96891191709847	210.49676025917927
12437	280.6563039723661	186.30669546436286
12500	550.0863557858377	172.48380129589634
12577	323.8341968911917	158.66090712742982
12639	239.2055267702936	285.65874730021596
12703	333.3333333333333	175.07559395248379
12762	293.6096718480138	238.1425485961123
12826	186.52849740932643	222.59179265658747
12884	278.06563039723665	161.2526997840173
12950	272.88428324697753	251.10151187904967
13014	124.35233160621762	257.14902807775377
13075	367.87564766839375	171.61987041036718
13135	416.2348877374784	220.8639308855292
13199	312.6079447322971	270.9719222462203
13261	354.0587219343696	166.43628509719224
13324	379.10189982728843	117.19222462203025
13388	343.6960276338515	120.64794816414688
13451	307.42659758203797	112.87257019438445
13511	330.7426597582038	104.23326133909288
13577	337.6511226252159	137.06263498920086
13638	285.83765112262523	53.261339092872575
13700	386.0103626943005	99.04967602591793
13761	384.2832469775475	116.32829373650108
13821	456.8221070811744	185.4427645788337
13885	500.86355785837657	175.93952483801297
13945	482.72884283246975	177.6673866090713
14010	318.65284974093265	143.97408207343415
14073	391.19170984455957	137.92656587473002
14133	293.6096718480138	113.73650107991362
14197	348.01381692573403	156.06911447084232
14261	408.4628670120898	187.17062634989202
14319	371.32987910189985	161.2526997840173
14382	345.4231433506045	193.21814254859612
14446	375.6476683937824	152.6133909287257
14521	428.3246977547496	3.153347732181426
14584	396.3730569948187	112.87257019438445
14646	387.73747841105353	61.900647948164156
14764	208.1174438687392	41.166306695464364
14830	269.4300518134715	44.62203023758099
14896	305.69948186528495	149.15766738660906
14958	384.2832469775475	75.72354211663067
15018	365.2849740932643	43.75809935205183
15079	155.440414507772	79.1792656587473
15145	305.69948186528495	157.79697624190067
15204	353.1951640759931	186.30669546436286
15268	462.86701208981003	154.34125269978404
15328	373.05699481865287	172.48380129589634
15389	581.174438687392	19.56803455723542
15452	447.3229706390328	231.23110151187905
15515	488.7737478411053	144.83801295896328
15578	520.7253886010362	168.16414686825055
15641	190.84628670120898	137.06263498920086
15704	506.0449050086355	180.25917926565876
15765	488.7737478411053	134.4708423326134
15830	140.75993091537134	372.0518358531317
15890	229.706390328152	315.0323974082073
15951	291.0189982728843	279.61123110151186
16012	262.5215889464594	175.07559395248379
16076	246.97754749568222	231.23110151187905
16139	223.6614853195164	272.6997840172786
16199	191.7098445595855	258.0129589632829
16263	217.61658031088083	179.3952483801296
16324	77.720207253886	183.7149028077754
16386	96.71848013816927	349.5896328293736
16448	336.78756476683935	241.5982721382289
16511	303.1088082901555	327.1274298056155
16573	145.07772020725386	309.8488120950324
16635	373.9205526770293	197.5377969762419
16698	317.7892918825561	73.99568034557235
16760	322.9706390328152	150.02159827213825
16821	334.1968911917099	44.62203023758099
16885	304.83592400690844	152.6133909287257
16947	309.15371329879105	258.0129589632829
17007	271.1571675302245	258.8768898488121
17072	183.0742659758204	335.7667386609071
17133	330.7426597582038	307.2570194384449
17195	267.7029360967185	231.23110151187905
17258	316.0621761658031	292.5701943844492
17320	394.6459412780656	260.6047516198704
17382	457.6856649395509	287.3866090712743
17445	350.60449050086356	261.46868250539956
17520	344.559585492228	263.19654427645787
17583	303.97236614853193	336.63066954643625
17640	487.9101899827288	429.93520518358525
17703	440.4145077720207	319.3520518358531
17768	523.3160621761658	378.96328293736497
17844	336.78756476683935	261.46868250539956
17905	371.32987910189985	324.53563714902805
17969	483.5924006908463	196.67386609071275
18031	198.6183074265976	269.244060475162
18093	846.286701208981	643.3261339092873
18166	407.5993091537133	416.11231101511873
18228	445.5958549222798	576.803455723542
18294	189.11917098445596	372.91576673866086
18367	246.11398963730568	410.0647948164147
18431	184.80138169257341	282.20302375809933
18493	281.5198618307427	328.85529157667384
18555	113.98963730569949	255.42116630669543
18617	130.3972366148532	321.0799136069114
18678	213.29879101899826	250.23758099352048
18741	12.953367875647668	347.8617710583153
18804	151.12262521588946	324.53563714902805
18880	279.7927461139896	278.7473002159827
18946	85.49222797927462	342.67818574514035
19004	263.3851468048359	343.5421166306695
19068	44.90500863557859	387.6025917926566
19129	127.80656303972366	399.69762419006474
19194	23.316062176165804	467.94816414686824
19257	62.17616580310881	349.5896328293736
19317	215.02590673575128	533.6069114470841
19380	273.74784110535404	427.34341252699784
19441	168.39378238341968	450.6695464362851
19503	240.93264248704662	549.157667386609
19564	-47.49568221070812	439.43844492440604
19625	90.67357512953369	437.71058315334767
19687	159.75820379965458	426.4794816414686
19750	162.3488773747841	404.8812095032397
19810	171.84801381692574	454.1252699784018
19873	327.28842832469775	463.6285097192224
19935	442.14162348877375	312.44060475161984
19998	434.36960276338516	448.9416846652268
20061	264.24870466321244	432.5269978401727
20122	360.10362694300517	347.8617710583153
20240	112.26252158894647	156.06911447084232
20307	50.94991364421416	19.56803455723542
20367	31.088082901554404	-16.7170626349892
20429	247.84110535405873	-34.85961123110151
20492	272.88428324697753	127.55939524838014
20553	490.5008635578584	99.04967602591793
20617	386.0103626943005	14.384449244060473
20677	344.559585492228	47.213822894168466
20741	311.7443868739205	118.92008639308855
20798	267.7029360967185	2.289416846652268
20864	399.8272884283247	123.23974082073434
20927	331.6062176165803	118.0561555075594
20989	373.05699481865287	89.5464362850972
21050	333.3333333333333	102.50539956803458
21114	405.0086355785837	512.8725701943845
21175	259.9309153713299	507.6889848812095
21237	400.69084628670123	420.4319654427645
21299	330.7426597582038	293.4341252699784
21361	249.56822107081175	396.24190064794817
21424	243.52331606217618	366.8682505399568
21485	330.7426597582038	438.5745140388769
21546	463.7305699481865	366.8682505399568
21609	585.4922279792746	428.20734341252694
21670	225.38860103626942	192.35421166306696
21733	228.84283246977546	6.609071274298056
21795	262.5215889464594	-23.628509719222464
21868	247.84110535405873	-19.308855291576677
21933	386.8739205526771	58.44492440604752
21996	243.52331606217618	26.479481641468684
22058	233.16062176165804	-47.81857451403888
22119	200.34542314335062	29.071274298056153
22183	201.20898100172712	41.166306695464364
22244	238.3419689119171	73.13174946004321
22305	112.26252158894647	86.95464362850971
22368	394.6459412780656	115.46436285097192
22432	127.80656303972366	32.52699784017278
22492	215.88946459412782	55.85313174946005
22552	125.21588946459414	10.928725701943845
22621	348.01381692573403	130.1511879049676
22684	311.7443868739205	157.79697624190067
22744	315.19861830742656	113.73650107991362
22807	98.44559585492229	13.520518358531316
22884	160.62176165803106	137.06263498920086
22945	178.75647668393782	57.58099352051836
23008	512.9533678756477	23.88768898488121
23071	258.20379965457687	98.18574514038878
23133	517.2711571675303	55.85313174946005
23195	309.15371329879105	100.77753779697625
23255	215.02590673575128	562.9805615550755
23317	359.2400690846287	480.04319654427644
23379	398.96373056994815	442.03023758099346
23442	336.78756476683935	554.341252699784
23502	515.5440414507773	495.5939524838013
23565	297.06390328151986	378.96328293736497
23628	531.0880829015545	418.7041036717062
23690	330.7426597582038	325.3995680345572
23751	266.83937823834196	361.6846652267818
23813	282.3834196891192	429.07127429805615
23875	274.61139896373055	338.35853131749457
23937	199.48186528497408	388.46652267818575
23997	213.29879101899826	546.5658747300216
24058	367.87564766839375	488.682505399568
24123	339.3782383419689	525.8315334773217
24197	359.2400690846287	334.90280777537794
24261	188.25561312607945	292.5701943844492
24323	73.40241796200345	-15.853131749460045
24383	329.8791018998273	-18.444924406047516
24446	399.8272884283247	-65.09719222462202
24510	364.4214162348877	64.49244060475162
24573	375.6476683937824	3.153347732181426
24633	319.51640759930916	-53.00215982721382
24696	222.7979274611399	-70.28077753779696
24758	162.3488773747841	47.213822894168466
24823	305.69948186528495	79.1792656587473
24885	386.8739205526771	336.63066954643625
24946	445.5958549222798	294.29805615550754
25008	240.06908462867014	364.2764578833693
25072	233.16062176165804	265.78833693304534
25135	137.30569948186528	264.9244060475162
25196	75.12953367875647	227.7753779697624
25259	265.97582037996546	275.2915766738661
25318	265.97582037996546	296.02591792656585
25383	348.87737478411054	302.9373650107991
25447	495.68221070811745	249.37365010799132
25510	295.33678756476684	374.64362850971924
25572	257.34024179620036	401.4254859611231
25634	92.40069084628671	401.4254859611231
25693	53.5405872193437	350.45356371490277
25756	200.34542314335062	354.77321814254856
25816	61.3126079447323	421.29589632829374
25879	86.35578583765113	366.8682505399568
25940	167.5302245250432	372.0518358531317
26003	316.92573402417963	303.80129589632827
26064	250.43177892918828	346.133909287257
26127	386.0103626943005	308.9848812095032
26231	246.11398963730568	241.5982721382289
26295	315.19861830742656	300.34557235421164
26363	267.7029360967185	406.609071274298
26424	364.4214162348877	353.9092872570194
26485	495.68221070811745	244.1900647948164
26545	390.3281519861831	394.5140388768898
26611	406.7357512953368	363.41252699784013
26673	457.6856649395509	443.7580993520518
26735	498.272884283247	286.5226781857451
26796	364.4214162348877	410.0647948164147
26859	297.92746113989637	376.3714902807775
26919	315.19861830742656	340.95032397408204
26984	271.1571675302245	372.91576673866086
27045	280.6563039723661	360.82073434125266
27105	348.87737478411054	324.53563714902805
27170	422.27979274611397	364.2764578833693
27232	371.32987910189985	343.5421166306695
27309	513.8169257340242	359.0928725701944
27387	594.9913644214162	483.4989200863931
27448	580.3108808290154	343.5421166306695
27512	568.2210708117443	334.90280777537794
27574	449.0500863557859	414.3844492440604
27635	378.2383419689119	430.79913606911447
27699	353.1951640759931	377.23542116630665
27761	425.73402417962	397.1058315334773
27822	313.4715025906736	465.3563714902807
27884	509.4991364421416	505.09719222462206
27949	458.5492227979275	567.3002159827214
28024	386.0103626943005	449.8056155507559
28087	436.0967184801381	61.900647948164156
28149	234.88773747841105	-27.084233261339097
28209	189.98272884283247	-27.084233261339097
28275	-8.635578583765112	308.12095032397406
28351	108.80829015544042	58.44492440604752
28412	317.7892918825561	118.0561555075594
28473	461.13989637305696	266.6522678185745
28538	113.98963730569949	229.50323974082073
28596	228.84283246977546	201.8574514038877
28674	323.8341968911917	115.46436285097192
28738	360.9671848013817	203.585313174946
28799	305.69948186528495	99.04967602591793
28861	398.10017271157164	122.37580993520518
28924	475.8203799654577	125.83153347732181
28987	379.96545768566494	85.2267818574514
29047	341.96891191709847	83.49892008639308
29107	304.83592400690844	179.3952483801296
29172	363.5578583765112	206.1771058315335
29234	574.2659758203799	85.2267818574514
29297	397.2366148531952	173.3477321814255
29359	468.0483592400691	119.78401727861771
29419	447.3229706390328	92.13822894168467
29482	275.4749568221071	36.84665226781858
29544	221.93436960276338	69.67602591792658
29608	240.06908462867014	15.24838012958963
29683	499.1364421416235	597.5377969762419
29748	411.05354058721935	660.6047516198704
29810	365.2849740932643	436.84665226781857
29873	328.15198618307426	485.22678185745144
29936	362.69430051813475	486.09071274298054
29995	313.4715025906736	519.7840172786176
30059	303.97236614853193	497.32181425485965
30117	259.9309153713299	514.6004319654428
30179	332.4697754749568	570.7559395248379
30242	549.2227979274611	666.6522678185745
30300	476.6839378238342	593.2181425485961
30366	557.8583765112263	544.8380129589633
30428	258.20379965457687	551.7494600431966
30491	542.314335060449	562.1166306695465
30554	497.40932642487047	620.8639308855292
30614	503.4542314335061	687.3866090712743
30678	607.9447322970639	481.77105831533476
30740	472.36614853195164	528.4233261339093
30804	360.10362694300517	414.3844492440604
30880	689.9827288428326	622.5917926565875
30938	170.98445595854923	324.53563714902805
31004	151.98618307426597	424.75161987041037
31066	234.02417962003454	438.5745140388769
31128	113.12607944732298	637.2786177105831
31190	103.62694300518135	368.5961123110151
31251	132.98791018998273	334.90280777537794
31311	168.39378238341968	306.39308855291574
31426	202.93609671848014	308.9848812095032
31496	303.1088082901555	369.46004319654423
31560	275.4749568221071	394.5140388768898
31624	151.98618307426597	387.6025917926566
31685	247.84110535405873	330.5831533477322
31748	322.1070811744387	293.4341252699784
31811	270.293609671848	264.06047516198703
31870	317.7892918825561	290.8423326133909
31934	289.29188255613127	313.304535637149
31996	466.32124352331607	249.37365010799132
32061	341.10535405872196	268.3801295896328
32125	352.3316062176166	258.0129589632829
32185	316.0621761658031	290.8423326133909
32248	412.78065630397236	281.3390928725702
32310	337.6511226252159	305.5291576673866
32372	344.559585492228	280.475161987041
32443	199.48186528497408	347.8617710583153
32512	241.79620034542316	329.719222462203
32574	301.3816925734024	327.9913606911447
32635	398.10017271157164	321.9438444924406
32699	289.29188255613127	323.6717062634989
32758	87.21934369602764	274.4276457883369
32824	237.47841105354058	255.42116630669543
32901	56.131260794473235	354.77321814254856
32962	105.35405872193438	243.32613390928722
33023	146.8048359240069	306.39308855291574
33084	-6.90846286701209	371.18790496760255
33160	215.88946459412782	247.645788336933
33225	284.11053540587216	299.4816414686825
33285	366.1485319516408	271.83585313174945
33351	392.91882556131264	331.4470842332613
33412	245.2504317789292	194.94600431965443
33474	13.81692573402418	2.289416846652268
33537	125.21588946459414	6.609071274298056
33596	134.71502590673575	-101.38228941684663
33660	152.84974093264248	-102.2462203023758
33722	60.44905008635579	11.792656587473003
33784	158.89464594127804	78.31533477321815
33848	96.71848013816927	10.064794816414688
33924	21.58894645941278	-48.682505399568036
33983	232.29706390328153	-36.587473002159825
34046	-9.499136442141623	0.5615550755939528
34107	113.12607944732298	-84.96760259179266
34168	38.860103626943	1.4254859611231103
34230	91.5371329879102	45.48596112311015
34293	86.35578583765113	-50.410367170626344
34356	61.3126079447323	-24.49244060475162
34418	122.6252158894646	82.63498920086394
34479	88.08290155440415	-58.18574514038877
34545	328.15198618307426	-39.179265658747305
34606	202.93609671848014	9.200863930885529
34667	183.0742659758204	57.58099352051836
34728	-132.12435233160622	-42.634989200863934
34792	-104.49050086355787	-75.46436285097192
34847	221.07081174438687	448.07775377969756
34916	266.83937823834196	448.07775377969756
34977	349.74093264248705	405.7451403887689
35036	253.02245250431776	284.7948164146868
35100	585.4922279792746	414.3844492440604
35160	360.9671848013817	383.2829373650108
35225	285.83765112262523	404.8812095032397
35303	435.23316062176167	442.8941684665227
35364	235.75129533678756	365.14038876889845
35427	61.3126079447323	399.69762419006474
35490	361.83074265975824	301.2095032397408
35566	126.94300518134716	336.63066954643625
35628	45.7685664939551	298.6177105831533
35685	9.499136442141623	378.0993520518358
35752	37.13298791018998	372.0518358531317
35817	270.293609671848	340.95032397408204
35877	308.2901554404145	408.3369330453563
35943	131.2607944732297	321.9438444924406
36017	212.43523316062178	360.82073434125266
36090	150.25906735751295	397.9697624190065
36153	104.49050086355787	393.65010799136064
36215	164.93955094991364	415.24838012958963
36276	312.6079447322971	280.475161987041
36338	307.42659758203797	372.91576673866086
36403	220.20725388601036	273.56371490280776
36520	555.2677029360967	397.1058315334773
36590	493.95509499136443	423.02375809935205
36650	443.00518134715026	445.48596112311014
36713	522.4525043177894	410.0647948164147
36774	545.7685664939551	375.5075593952484
36839	412.78065630397236	404.0172786177106
36909	509.4991364421416	422.15982721382284
36975	450.77720207253884	350.45356371490277
37036	716.7530224525043	334.0388768898488
37097	512.0898100172711	372.0518358531317
37157	493.95509499136443	504.23326133909285
37220	426.5975820379965	383.2829373650108
37285	424.00690846286705	427.34341252699784
37345	474.09326424870466	425.6155507559395
37409	269.4300518134715	379.8272138228941
37474	93.26424870466322	305.5291576673866
37533	79.44732297063902	378.0993520518358
37595	248.70466321243524	373.7796976241901
37657	102.76338514680484	429.07127429805615
37717	111.39896373056995	356.5010799136069
37779	301.3816925734024	425.6155507559395
37844	263.3851468048359	439.43844492440604
37906	379.96545768566494	311.5766738660907
37966	474.95682210708117	317.6241900647948
38029	303.97236614853193	345.2699784017279
38093	236.61485319516407	230.3671706263499
38154	354.9222797927461	333.1749460043196
38217	247.84110535405873	397.1058315334773
38292	439.5509499136442	245.05399568034557
38357	288.42832469775476	441.16630669546436
38419	301.3816925734024	341.8142548596112
38480	101.89982728842833	291.70626349892007
38541	153.71329879101899	378.96328293736497
38608	155.440414507772	383.2829373650108
38669	28.497409326424872	285.65874730021596
38732	103.62694300518135	459.3088552915766
38797	374.7841105354059	372.91576673866086
38858	405.8721934369603	268.3801295896328
38920	240.06908462867014	408.3369330453563
38978	274.61139896373055	404.0172786177106
39040	333.3333333333333	397.9697624190065
39104	231.43350604490502	358.2289416846652
39167	341.96891191709847	333.1749460043196
39226	274.61139896373055	435.11879049676025
39289	234.88773747841105	381.5550755939525
39352	317.7892918825561	432.5269978401727
39415	285.83765112262523	387.6025917926566
39474	335.0604490500864	333.1749460043196
39538	300.5181347150259	352.18142548596114
39598	287.56476683937825	279.61123110151186
39661	158.89464594127804	334.90280777537794
39723	138.16925734024178	363.41252699784013
39786	-2.5906735751295336	366.00431965442766
39844	276.33851468048357	354.77321814254856
39909	230.56994818652848	327.9913606911447
39967	225.38860103626942	431.6630669546436
40030	244.38687392055266	331.4470842332613
40092	309.15371329879105	352.18142548596114
40154	279.7927461139896	280.475161987041
40218	173.57512953367876	143.97408207343415
40276	267.7029360967185	73.99568034557235
40339	137.30569948186528	66.22030237580994
40401	402.41796200345425	16.112311015118788
40461	490.5008635578584	29.071274298056153
40524	239.2055267702936	64.49244060475162
40587	112.26252158894647	46.34989200863931
40653	-56.131260794473235	29.071274298056153
40714	76.85664939550949	93.00215982721383
40777	281.5198618307427	41.166306695464364
40841	12.089810017271159	48.07775377969762
40903	279.7927461139896	83.49892008639308
40980	706.3903281519862	574.2116630669547
41041	320.37996545768567	330.5831533477322
41108	448.1865284974093	211.36069114470843
41172	354.9222797927461	30.799136069114468
41234	158.89464594127804	97.32181425485962
41296	69.08462867012089	136.19870410367173
41358	193.43696027633854	79.1792656587473
41420	505.18134715025906	74.85961123110152
41484	351.4680483592401	152.6133909287257
41546	316.0621761658031	143.110151187905
41608	192.573402417962	180.25917926565876
41670	123.48877374784111	94.73002159827215
41777	317.7892918825561	50.669546436285096
41841	81.17443868739205	84.36285097192226
41916	158.89464594127804	131.87904967602591
41980	310.01727115716756	386.7386609071274
42041	311.7443868739205	402.2894168466523
42100	240.06908462867014	402.2894168466523
42165	177.89291882556134	357.36501079913603
42228	77.720207253886	402.2894168466523
42290	190.84628670120898	375.5075593952484
42352	215.88946459412782	248.50971922246217
42416	63.90328151986183	218.27213822894169
42475	110.53540587219344	99.91360691144709
42540	-12.953367875647668	240.73434125269975
42603	317.7892918825561	99.91360691144709
42666	191.7098445595855	-7.213822894168466
42725	234.88773747841105	-21.90064794816415
42788	102.76338514680484	30.799136069114468
42852	65.63039723661485	23.02375809935205
42914	221.07081174438687	136.19870410367173
42974	248.70466321243524	-78.05615550755938
43034	132.12435233160622	85.2267818574514
43100	165.80310880829015	-80.64794816414687
43160	88.08290155440415	-18.444924406047516
43224	240.93264248704662	-98.79049676025917
43286	50.086355785837654	115.46436285097192
43348	197.75474956822106	10.064794816414688
43410	100.17271157167531	160.3887688984881
43473	25.906735751295336	7.473002159827215
43535	221.07081174438687	74.85961123110152
43596	291.8825561312608	40.30237580993521
43657	286.7012089810017	-5.485961123110151
43721	252.15889464594127	9.200863930885529
43782	346.286701208981	49.80561555075594
43845	239.2055267702936	-49.546436285097194
43907	327.28842832469775	-73.7365010799136
43970	199.48186528497408	-9.805615550755938
44031	463.7305699481865	79.1792656587473
44094	741.7962003454231	5.745140388768899
44155	793.6096718480138	21.295896328293733
44220	471.5025906735751	16.97624190064795
44280	344.559585492228	-11.533477321814255
44342	384.2832469775475	-28.812095032397412
44402	262.5215889464594	48.94168466522678
44466	335.92400690846284	-14.989200863930888
44527	242.65975820379964	49.80561555075594
44589	244.38687392055266	25.615550755939527
44651	208.1174438687392	-78.92008639308855
44715	358.37651122625215	-16.7170626349892
44776	503.4542314335061	12.65658747300216
44839	358.37651122625215	29.93520518358531
44899	405.0086355785837	-5.485961123110151
44959	349.74093264248705	-75.46436285097192
45023	329.01554404145077	53.261339092872575
45084	349.74093264248705	-1.1663066954643626
45146	412.78065630397236	78.31533477321815
45209	82.90155440414507	299.4816414686825
45271	180.48359240069084	325.3995680345572
45331	122.6252158894646	252.82937365010798
45393	284.9740932642487	248.50971922246217
45456	90.67357512953369	304.6652267818574
45517	305.69948186528495	340.0863930885529
45580	390.3281519861831	281.3390928725702
45641	177.89291882556134	313.304535637149
45703	143.35060449050084	310.71274298056153
45767	210.70811744386876	299.4816414686825
45842	114.853195164076	270.10799136069113
45902	117.44386873920553	326.26349892008636
45965	83.7651122625216	245.05399568034557
46029	88.08290155440415	311.5766738660907
46089	64.76683937823833	391.05831533477317
46154	199.48186528497408	330.5831533477322
46217	293.6096718480138	296.02591792656585
46279	172.71157167530225	348.72570194384446
46342	148.53195164075993	346.99784017278614
46401	328.15198618307426	395.377969762419
46468	169.25734024179621	385.8747300215982
46528	301.3816925734024	286.5226781857451
46591	229.706390328152	319.3520518358531
46649	426.5975820379965	318.48812095032395
46714	456.8221070811744	351.3174946004319
46775	634.7150259067358	314.16846652267816
46838	736.6148531951641	374.64362850971924
46900	467.1848013816925	388.46652267818575
47008	404.14507772020727	226.91144708423323
47067	539.7236614853194	283.0669546436285
47126	623.488773747841	294.29805615550754
47196	178.75647668393782	330.5831533477322
47256	113.98963730569949	390.19438444924407
47316	143.35060449050084	423.02375809935205
47381	287.56476683937825	426.4794816414686
47444	179.62003454231436	431.6630669546436
47505	89.81001727115718	493.86609071274296
47568	101.89982728842833	456.7170626349892
47629	146.8048359240069	449.8056155507559
47692	240.06908462867014	386.7386609071274
47755	341.10535405872196	429.07127429805615
47818	281.5198618307427	391.05831533477317
47876	227.97927461139898	362.548596112311
47942	194.30051813471502	411.792656587473
48003	239.2055267702936	420.4319654427645
48063	101.03626943005182	425.6155507559395
48127	167.5302245250432	444.622030237581
48188	177.89291882556134	496.45788336933043
48251	132.98791018998273	468.8120950323974
48314	196.02763385146804	452.3974082073434
48378	70.81174438687391	610.4967602591793
48454	273.74784110535404	535.3347732181425
48515	218.48013816925734	493.00215982721375
48580	248.70466321243524	559.524838012959
48654	360.9671848013817	500.77753779697616
48713	310.880829015544	436.84665226781857
48783	271.1571675302245	500.77753779697616
48846	597.5820379965458	556.0691144708424
48921	388.60103626943004	460.1727861771058
48984	303.1088082901555	523.2397408207344
49048	256.47668393782385	543.9740820734341
49107	304.83592400690844	453.26133909287256
49171	202.93609671848014	511.1447084233261
49235	448.1865284974093	482.6349892008639
49295	352.3316062176166	482.6349892008639
49354	455.95854922279796	441.16630669546436
49421	531.0880829015545	556.9330453563714
49499	647.6683937823834	369.46004319654423
49562	392.91882556131264	514.6004319654428
49625	259.0673575129533	434.25485961123104
49685	628.6701208981001	460.1727861771058
49748	358.37651122625215	461.036717062635
49824	302.2452504317789	247.645788336933
49883	11.226252158894647	-65.09719222462202
49946	239.2055267702936	40.30237580993521
50009	21.58894645941278	-48.682505399568036
50068	138.16925734024178	-5.485961123110151
50132	113.98963730569949	-80.64794816414687
50194	136.44214162348877	103.36933045356372
50256	245.2504317789292	-3.7580993520518358
50315	247.84110535405873	-12.397408207343412
50380	87.21934369602764	-41.77105831533478
50440	120.89810017271158	73.99568034557235
50504	446.4594127806563	111.14470842332614
50566	317.7892918825561	51.53347732181426
50641	178.75647668393782	98.18574514038878
50704	191.7098445595855	86.95464362850971
50767	235.75129533678756	67.0842332613391
50830	308.2901554404145	-71.14470842332614
50893	289.29188255613127	-62.50539956803455
50954	306.5630397236615	13.520518358531316
51011	446.4594127806563	16.97624190064795
51076	268.566493955095	94.73002159827215
51139	334.1968911917099	25.615550755939527
51200	507.77202072538864	-2.894168466522678
51262	379.10189982728843	16.112311015118788
51327	335.0604490500864	97.32181425485962
51386	404.14507772020727	101.6414686825054
51450	431.77892918825563	61.900647948164156
51509	497.40932642487047	47.213822894168466
51572	390.3281519861831	72.26781857451404
51636	333.3333333333333	37.710583153347734
51697	291.0189982728843	75.72354211663067
51760	373.05699481865287	-8.077753779697625
51823	253.88601036269432	-16.7170626349892
51883	382.5561312607945	29.93520518358531
51945	525.0431778929188	54.98920086393089
52006	373.05699481865287	84.36285097192226
52066	392.0552677029361	-12.397408207343412
52131	233.16062176165804	-74.60043196544277
52189	222.7979274611399	-5.485961123110151
52256	122.6252158894646	-68.55291576673865
52315	198.6183074265976	-7.213822894168466
52379	246.97754749568222	28.207343412526996
52500	189.98272884283247	-46.090712742980564
52563	180.48359240069084	-75.46436285097192
52628	14.680483592400691	-34.85961123110151
52688	170.98445595854923	-26.220302375809933
52751	158.03108808290156	-60.77753779697623
52811	291.0189982728843	-39.179265658747305
52872	241.79620034542316	-0.30237580993520485
52935	302.2452504317789	-60.77753779697623
52996	24.179620034542317	-59.04967602591792
53059	317.7892918825561	-37.45140388768899
53120	222.7979274611399	-14.125269978401727
53184	216.75302245250433	-33.99568034557235
53246	-28.497409326424872	-59.91360691144708
53308	118.30742659758204	-45.22678185745141
53370	196.02763385146804	-28.812095032397412
53429	340.24179620034545	-84.1036717062635
53494	363.5578583765112	-45.22678185745141
53555	309.15371329879105	-106.56587473002159
53617	190.84628670120898	-55.59395248380129
53679	26.77029360967185	-2.894168466522678
53743	175.30224525043178	-33.131749460043196
53802	265.97582037996546	-35.72354211663067
53867	223.6614853195164	-78.92008639308855
53925	410.18998272884284	-90.1511879049676
53989	207.2538860103627	-101.38228941684663
54052	263.3851468048359	-59.04967602591792
54112	335.92400690846284	114.60043196544277
54176	172.71157167530225	242.46220302375806
54238	156.30397236614854	60.17278617710584
54301	166.66666666666666	22.159827213822894
54363	278.92918825561316	144.83801295896328
54426	99.3091537132988	138.79049676025917
54486	137.30569948186528	35.11879049676026
54550	188.25561312607945	87.81857451403889
54626	288.42832469775476	480.90712742980554
54690	326.42487046632124	496.45788336933043
54751	341.96891191709847	444.622030237581
54813	222.7979274611399	442.8941684665227
54878	256.47668393782385	408.3369330453563
54938	417.0984455958549	366.00431965442766
55000	509.4991364421416	404.0172786177106
55064	329.8791018998273	444.622030237581
55125	322.9706390328152	450.6695464362851
55189	381.69257340241796	347.8617710583153
55254	291.8825561312608	397.1058315334773
55313	297.06390328151986	369.46004319654423
55378	360.9671848013817	344.4060475161987
55437	172.71157167530225	346.133909287257
55499	398.10017271157164	320.21598272138226
55563	313.4715025906736	278.7473002159827
55639	490.5008635578584	397.1058315334773
55701	296.20034542314335	400.5615550755939
55764	532.8151986183074	410.0647948164147
55829	435.23316062176167	424.75161987041037
55888	431.77892918825563	319.3520518358531
55951	577.7202072538861	415.24838012958963
56014	552.6770293609671	381.5550755939525
56075	544.0414507772022	323.6717062634989
56136	571.6753022452505	323.6717062634989
56198	472.36614853195164	354.77321814254856
56262	453.36787564766837	418.7041036717062
56336	473.22970639032815	341.8142548596112
56399	429.18825561312605	345.2699784017279
56463	383.419689119171	366.8682505399568
56526	424.87046632124355	308.9848812095032
56589	339.3782383419689	346.99784017278614
56650	373.05699481865287	351.3174946004319
56714	450.77720207253884	348.72570194384446
56774	425.73402417962	262.3326133909287
56836	424.87046632124355	351.3174946004319
56897	581.174438687392	418.7041036717062
56959	449.0500863557859	270.10799136069113
57022	502.59067357512953	378.0993520518358
57085	614.8531951640759	278.7473002159827
57148	624.3523316062176	350.45356371490277
57209	796.2003454231433	347.8617710583153
57270	663.2124352331606	359.95680345572356
57328	405.8721934369603	311.5766738660907
57397	183.0742659758204	334.0388768898488
57457	295.33678756476684	398.8336933045356
57520	334.1968911917099	412.6565874730021
57584	322.1070811744387	338.35853131749457
57645	421.4162348877375	353.0453563714903
57707	234.02417962003454	326.26349892008636
57769	292.7461139896373	455.85313174946
57830	555.2677029360967	340.0863930885529
57892	626.0794473229706	376.3714902807775
57954	386.0103626943005	410.9287257019438
58016	305.69948186528495	418.7041036717062
58091	464.59412780656305	417.8401727861771
58152	537.9965457685665	544.8380129589633
58282	456.8221070811744	487.81857451403886
58350	392.0552677029361	465.3563714902807
58415	582.901554404145	480.04319654427644
58480	685.6649395509498	527.55939524838
58543	781.5198618307426	418.7041036717062
58607	1126.9430051813472	500.77753779697616
58670	965.4576856649395	493.86609071274296
58731	1115.7167530224526	501.6414686825054
58793	1027.6338514680483	486.09071274298054
58855	1005.1813471502591	480.04319654427644
58918	1050.0863557858377	539.6544276457882
58978	1018.9982728842832	560.3887688984881
59042	947.3229706390329	534.4708423326134
59104	1098.4455958549222	534.4708423326134
59169	1067.3575129533679	479.1792656587472
59231	1045.7685664939552	478.3153347732181
59294	1107.0811744386874	571.6198704103672
59369	1082.0379965457685	547.4298056155507
59431	1013.8169257340242	581.9870410367171
59488	1098.4455958549222	541.3822894168466
59554	1166.6666666666667	472.267818574514
59634	1097.5820379965458	536.1987041036717
59696	1175.3022452504317	531.0151187904968
59757	1147.6683937823834	429.07127429805615
59819	1189.9827288428323	468.8120950323974
59880	1120.8981001727116	390.19438444924407
59943	1246.977547495682	413.5205183585313
60004	1048.3592400690848	369.46004319654423
60069	1299.6545768566493	389.3304535637149
60129	1241.7962003454231	397.1058315334773
60193	873.0569948186528	409.20086393088553
60253	411.05354058721935	381.5550755939525
60313	442.14162348877375	459.3088552915766
60377	379.10189982728843	399.69762419006474
60439	235.75129533678756	461.9006479481642
60502	468.9119170984456	415.24838012958963
60562	193.43696027633854	386.7386609071274
60627	304.83592400690844	459.3088552915766
60688	259.9309153713299	428.20734341252694
60750	311.7443868739205	429.93520518358525
60813	411.05354058721935	390.19438444924407
60874	307.42659758203797	516.328293736501
60939	415.3713298791019	518.9200863930886
61000	284.11053540587216	507.6889848812095
61062	439.5509499136442	448.07775377969756
61124	348.01381692573403	463.6285097192224
61184	359.2400690846287	467.94816414686824
61247	282.3834196891192	373.7796976241901
61309	398.96373056994815	466.2203023758099
61371	366.1485319516408	437.71058315334767
61434	577.7202072538861	309.8488120950324
61491	477.5474956822107	461.036717062635
61562	525.0431778929188	359.95680345572356
61638	581.174438687392	454.1252699784018
61699	545.7685664939551	525.8315334773217
61763	637.3056994818653	499.91360691144706
61826	424.87046632124355	462.7645788336933
61885	169.25734024179621	373.7796976241901
61947	272.88428324697753	420.4319654427645
62008	734.0241796200345	706.3930885529157
62069	668.3937823834198	438.5745140388769
62133	821.2435233160622	762.548596112311
62195	516.4075993091537	600.1295896328293
62271	425.73402417962	600.9935205183585
62331	327.28842832469775	480.90712742980554
62394	315.19861830742656	531.8790496760258
62456	250.43177892918828	467.94816414686824
62518	256.47668393782385	484.3628509719222
62580	287.56476683937825	502.5053995680345
62641	348.01381692573403	458.4449244060475
62706	320.37996545768567	461.036717062635
62767	325.5613126079447	424.75161987041037
62828	403.28151986183076	466.2203023758099
62891	261.6580310880829	465.3563714902807
62952	359.2400690846287	424.75161987041037
63014	247.84110535405873	374.64362850971924
63075	173.57512953367876	433.39092872570194
63140	266.83937823834196	385.01079913606907
63200	266.83937823834196	471.4038876889848
63264	291.8825561312608	459.3088552915766
63325	322.9706390328152	542.2462203023758
63388	285.83765112262523	410.9287257019438
63449	188.25561312607945	495.5939524838013
63511	345.4231433506045	439.43844492440604
63630	364.4214162348877	491.27429805615554
63699	246.97754749568222	455.85313174946
63775	171.84801381692574	412.6565874730021
63835	130.3972366148532	366.8682505399568
63899	280.6563039723661	332.31101511879046
63961	465.45768566493956	381.5550755939525
64024	381.69257340241796	397.1058315334773
64085	304.83592400690844	357.36501079913603
64149	348.87737478411054	405.7451403887689
64209	379.96545768566494	383.2829373650108
64272	204.66321243523316	257.14902807775377
64335	223.6614853195164	248.50971922246217
64394	190.84628670120898	297.75377969762417
64458	237.47841105354058	289.97840172786175
64520	60.44905008635579	329.719222462203
64587	321.2435233160621	312.44060475161984
64644	365.2849740932643	420.4319654427645
64703	377.3747841105354	356.5010799136069
64770	362.69430051813475	276.15550755939523
64831	471.5025906735751	305.5291576673866
64896	390.3281519861831	302.9373650107991
64958	658.0310880829015	274.4276457883369
65018	508.6355785837651	266.6522678185745
65081	424.87046632124355	302.9373650107991
65142	575.1295336787565	347.8617710583153
65202	398.96373056994815	263.19654427645787
65264	380.82901554404145	283.93088552915765
65326	343.6960276338515	330.5831533477322
65388	334.1968911917099	566.4362850971922
65447	450.77720207253884	533.6069114470841
65511	272.88428324697753	416.97624190064795
65572	537.13298791019	439.43844492440604
65635	188.25561312607945	405.7451403887689
65710	353.1951640759931	357.36501079913603
65771	404.14507772020727	399.69762419006474
65834	182.21070811744386	447.21382289416846
65897	436.0967184801381	425.6155507559395
65958	374.7841105354059	488.682505399568
66019	380.82901554404145	382.41900647948165
66081	450.77720207253884	436.84665226781857
66142	100.17271157167531	493.00215982721375
66205	336.78756476683935	435.11879049676025
66268	402.41796200345425	529.2872570194385
66329	423.1433506044905	498.18574514038875
66388	565.630397236615	479.1792656587472
66452	523.3160621761658	409.20086393088553
66515	472.36614853195164	441.16630669546436
66575	406.7357512953368	460.1727861771058
66638	512.0898100172711	391.9222462203023
66699	416.2348877374784	475.7235421166307
66761	235.75129533678756	461.9006479481642
66828	481.86528497409324	588.8984881209503
66888	518.9982728842832	463.6285097192224
66950	509.4991364421416	502.5053995680345
67014	503.4542314335061	480.90712742980554
67073	566.4939550949913	461.036717062635
67137	468.0483592400691	516.328293736501
67199	457.6856649395509	506.8250539956804
67260	522.4525043177894	446.3498920086393
67323	317.7892918825561	404.0172786177106
67385	411.91709844559585	490.41036717062633
67446	221.93436960276338	397.9697624190065
67510	229.706390328152	453.26133909287256
67568	208.1174438687392	484.3628509719222
67632	243.52331606217618	374.64362850971924
67691	362.69430051813475	344.4060475161987
67752	180.48359240069084	298.6177105831533
67819	85.49222797927462	397.9697624190065
67881	140.75993091537134	398.8336933045356
67946	147.66839378238342	441.16630669546436
68007	90.67357512953369	336.63066954643625
68070	183.0742659758204	416.97624190064795
68135	238.3419689119171	353.9092872570194
68211	221.93436960276338	306.39308855291574
68276	151.12262521588946	366.8682505399568
68353	440.4145077720207	304.6652267818574
68414	316.92573402417963	327.9913606911447
68479	402.41796200345425	317.6241900647948
68541	340.24179620034545	360.82073434125266
68606	541.4507772020726	300.34557235421164
68724	417.0984455958549	393.65010799136064
68790	442.14162348877375	336.63066954643625
68855	540.587219343696	371.18790496760255
68923	430.9153713298791	391.9222462203023
68983	571.6753022452505	446.3498920086393
69045	426.5975820379965	412.6565874730021
69106	552.6770293609671	386.7386609071274
69170	535.405872193437	419.5680345572354
69228	416.2348877374784	424.75161987041037
69293	594.1278065630397	481.77105831533476
69357	324.6977547495682	346.99784017278614
69417	237.47841105354058	126.69546436285097
69480	41.45077720207254	179.3952483801296
69544	-18.998272884283246	74.85961123110152
69606	19.861830742659755	120.64794816414688
69671	88.08290155440415	7.473002159827215
69735	226.25215889464596	103.36933045356372
69796	246.11398963730568	91.27429805615552
69860	194.30051813471502	136.19870410367173
69923	251.29533678756476	121.51187904967604
69985	335.0604490500864	155.2051835853132
70048	340.24179620034545	139.65442764578836
70126	486.18307426597585	194.08207343412528
70189	446.4594127806563	90.41036717062636
70250	263.3851468048359	139.65442764578836
70313	335.92400690846284	149.15766738660906
70374	305.69948186528495	6.609071274298056
70439	287.56476683937825	114.60043196544277
70500	316.92573402417963	67.94816414686825
70560	373.05699481865287	-4.622030237580993
70622	375.6476683937824	-16.7170626349892
70686	493.0915371329879	80.90712742980563
70749	507.77202072538864	102.50539956803458
70805	459.412780656304	87.81857451403889
70870	410.18998272884284	89.5464362850972
70933	260.7944732297064	121.51187904967604
70994	146.8048359240069	105.9611231101512
71056	271.1571675302245	110.28077753779696
71133	365.2849740932643	35.11879049676026
71194	177.0293609671848	174.21166306695466
71256	208.1174438687392	75.72354211663067
71317	255.6131260794473	200.12958963282935
71380	82.03799654576856	166.43628509719224
71488	126.07944732297064	84.36285097192226
71551	396.3730569948187	54.98920086393089
71610	525.0431778929188	341.8142548596112
71671	540.587219343696	367.732181425486
71734	398.10017271157164	431.6630669546436
71798	476.6839378238342	479.1792656587472
71862	301.3816925734024	463.6285097192224
71926	311.7443868739205	486.95464362850964
71988	289.29188255613127	490.41036717062633
72047	451.64075993091535	393.65010799136064
72112	303.1088082901555	428.20734341252694
72174	366.1485319516408	481.77105831533476
72235	405.8721934369603	516.328293736501
72296	398.96373056994815	496.45788336933043
72360	563.9032815198618	452.3974082073434
72421	384.2832469775475	440.30237580993514
72498	354.0587219343696	430.79913606911447
72560	323.8341968911917	427.34341252699784
72618	317.7892918825561	401.4254859611231
72684	303.1088082901555	487.81857451403886
72749	341.96891191709847	574.2116630669547
72808	414.5077720207254	410.0647948164147
72871	550.0863557858377	435.98272138228936
72933	454.2314335060449	550.0215982721382
72996	226.25215889464596	392.7861771058315
73058	340.24179620034545	358.2289416846652
73117	279.7927461139896	463.6285097192224
73183	265.97582037996546	468.8120950323974
73243	189.11917098445596	432.5269978401727
73308	115.71675302245251	434.25485961123104
73365	569.9481865284974	445.48596112311014
73432	354.0587219343696	425.6155507559395
73508	449.0500863557859	398.8336933045356
73570	556.9948186528497	529.2872570194385
73643	555.2677029360967	469.6760259179266
73711	506.9084628670121	476.5874730021598
73774	385.146804835924	462.7645788336933
73836	269.4300518134715	513.7365010799135
73900	216.75302245250433	504.23326133909285
73962	179.62003454231436	506.8250539956804
74022	274.61139896373055	484.3628509719222
74084	377.3747841105354	526.695464362851
74147	1102.763385146805	585.4427645788337
74207	1093.2642487046633	603.585313174946
74270	1201.2089810017271	445.48596112311014
74333	1286.7012089810016	469.6760259179266
74396	1128.6701208981003	555.2051835853131
74460	1208.1174438687392	543.9740820734341
74522	1233.160621761658	504.23326133909285
74584	1236.6148531951642	548.2937365010799
74645	1221.070811744387	477.451403887689
74705	1207.2538860103627	182.85097192224623
74769	1032.8151986183075	42.89416846652267
74830	1104.4905008635578	25.615550755939527
74890	1255.6131260794475	343.5421166306695
74954	1247.8411053540588	543.1101511879049
75013	1251.2953367875648	511.1447084233261
75075	1230.5699481865283	568.1641468682506
75145	1250.4317789291883	493.00215982721375
75211	1240.0690846286702	544.8380129589633
75278	1265.9758203799654	504.23326133909285
75339	1272.8842832469775	497.32181425485965
75401	1284.9740932642485	486.09071274298054
75461	1273.747841105354	639.0064794816415
75529	1239.2055267702938	515.464362850972
75587	1249.5682210708117	613.9524838012958
75651	1240.0690846286702	572.4838012958963
75715	1186.5284974093265	575.939524838013
75793	1152.8497409326426	558.6609071274298
75855	1126.0794473229707	552.6133909287257
75917	1135.5785837651122	612.2246220302376
75977	1034.5423143350606	562.9805615550755
76040	1242.6597582037998	655.4211663066955
76100	1349.740932642487	593.2181425485961
76164	1071.6753022452506	573.3477321814255
76225	1049.222797927461	660.6047516198704
76286	1142.4870466321245	599.2656587473002
76345	1163.2124352331605	609.6328293736501
76406	1178.7564766839378	548.2937365010799
76469	1193.4369602763386	620.0
76531	1143.350604490501	613.9524838012958
76593	1259.0673575129533	707.2570194384449
76655	1099.3091537132989	643.3261339092873
76718	1209.8445595854923	714.1684665226782
76782	1208.1174438687392	575.939524838013
76841	1193.4369602763386	569.8920086393089
76904	1206.390328151986	527.55939524838
76965	534.5423143350605	354.77321814254856
77027	325.5613126079447	303.80129589632827
77089	432.6424870466321	353.9092872570194
77154	297.06390328151986	342.67818574514035
77215	300.5181347150259	374.64362850971924
77277	330.7426597582038	297.75377969762417
77341	220.20725388601036	87.81857451403889
77400	265.11226252158895	-1.1663066954643626
77463	156.30397236614854	-17.58099352051836
77526	208.1174438687392	-112.61339092872569
77588	1228.8428324697757	48.94168466522678
77649	1191.7098445595855	19.56803455723542
77711	1241.7962003454231	-27.948164146868255
77774	1361.8307426597582	14.384449244060473
77836	1321.2435233160622	-18.444924406047516
77900	1222.7979274611398	73.13174946004321
77960	1238.341968911917	445.48596112311014
78021	1200.3454231433507	496.45788336933043
78082	1215.0259067357515	486.09071274298054
78144	1210.7081174438688	491.27429805615554
78205	1253.8860103626944	518.9200863930886
78266	1157.167530224525	441.16630669546436
78326	1191.7098445595855	497.32181425485965
78392	1210.7081174438688	551.7494600431966
78455	1108.8082901554403	530.1511879049676
78514	1164.0759930915372	562.9805615550755
78579	1212.435233160622	548.2937365010799
78638	1197.754749568221	596.6738660907127
78717	1178.7564766839378	554.341252699784
78777	1254.7495682210708	550.0215982721382
78833	1164.9395509499136	538.7904967602592
78926	1239.2055267702938	547.4298056155507
78997	1162.348877374784	591.4902807775378
79107	1257.3402417962002	633.8228941684665
79168	1120.8981001727116	613.9524838012958
79244	1211.5716753022452	589.7624190064795
79309	1142.4870466321245	556.9330453563714
79374	956.8221070811744	825.6155507559395
79434	212.43523316062178	598.4017278617711
79495	34.542314335060446	419.5680345572354
79557	1079.4473229706389	646.7818574514039
79622	1045.7685664939552	652.829373650108
79683	1206.390328151986	668.3801295896328
79742	1075.993091537133	618.2721382289417
79806	1071.6753022452506	626.0475161987041
79871	1222.7979274611398	578.5313174946003
79930	1217.6165803108809	649.3736501079914
79994	1105.3540587219343	561.2526997840172
80053	1150.259067357513	580.2591792656588
80114	1036.2694300518133	549.157667386609
80180	1235.7512953367875	569.0280777537796
80243	1098.4455958549222	591.4902807775378
80306	697.7547495682211	626.0475161987041
80366	207.2538860103627	479.1792656587472
80443	282.3834196891192	462.7645788336933
80506	286.7012089810017	605.3131749460043
80569	418.82556131260793	423.02375809935205
80630	285.83765112262523	409.20086393088553
80693	384.2832469775475	464.4924406047516
80772	367.87564766839375	500.77753779697616
80831	279.7927461139896	480.04319654427644
80893	307.42659758203797	486.09071274298054
80956	407.5993091537133	382.41900647948165
81017	293.6096718480138	714.1684665226782
81079	705.5267702936096	902.5053995680347
81142	814.3350604490502	932.7429805615552
81205	606.217616580311	896.4578833693306
81265	601.0362694300518	846.3498920086392
81324	740.0690846286701	802.2894168466523
81386	826.4248704663213	873.9956803455723
81452	646.804835924007	945.7019438444926
81511	755.6131260794473	967.3002159827215
81576	848.0138169257341	954.341252699784
81635	708.1174438687392	816.976241900648
81701	803.1088082901554	891.2742980561555
81776	860.1036269430051	828.2073434125269
81837	818.6528497409327	965.5723542116631
81901	1051.8134715025906	613.9524838012958
81964	1158.0310880829015	685.658747300216
82025	1196.8911917098446	590.6263498920086
82088	1254.7495682210708	569.0280777537796
82148	1124.3523316062176	602.7213822894169
82213	1113.126079447323	568.1641468682506
82276	1185.66493955095	493.86609071274296
82339	1259.0673575129533	499.91360691144706
82400	1177.8929188255613	489.5464362850972
82462	1244.3868739205525	524.9676025917927
82524	839.3782383419689	476.5874730021598
82584	503.4542314335061	275.2915766738661
82648	337.6511226252159	377.23542116630665
82706	930.9153713298791	452.3974082073434
82774	1107.0811744386874	514.6004319654428
82833	1145.077720207254	448.9416846652268
82896	1248.7046632124352	478.3153347732181
82959	1075.1295336787566	449.8056155507559
83020	1217.6165803108809	395.377969762419
83083	1157.167530224525	472.267818574514
83141	1126.9430051813472	556.0691144708424
83201	1169.2573402417963	543.9740820734341
83264	1150.259067357513	582.8509719222462
83328	1216.7530224525042	529.2872570194385
83393	1124.3523316062176	518.9200863930886
83454	1185.66493955095	585.4427645788337
83521	1123.4887737478412	582.8509719222462
83578	1001.7271157167531	524.9676025917927
83643	1100.1727115716753	481.77105831533476
83705	1026.7702936096719	472.267818574514
83766	1095.8549222797926	634.6868250539957
83828	1121.761658031088	538.7904967602592
83892	1101.8998272884285	449.8056155507559
83955	1189.9827288428323	467.0842332613391
84060	358.37651122625215	702.07343412527
84125	436.9602763385147	599.2656587473002
84187	1068.2210708117443	782.4190064794816
84261	1141.6234887737478	621.7278617710582
84325	1115.7167530224526	635.5507559395248
84389	1226.252158894646	549.157667386609
84450	1174.4386873920553	594.9460043196544
84511	1101.0362694300518	554.341252699784
84572	997.4093264248704	544.8380129589633
84639	1154.5768566493955	553.4773218142548
84699	991.3644214162349	561.2526997840172
84761	1209.8445595854923	607.0410367170626
84824	1163.2124352331605	586.3066954643627
84884	1151.986183074266	571.6198704103672
84942	1250.4317789291883	610.4967602591793
85003	1145.9412780656303	574.2116630669547
85069	1153.713298791019	543.1101511879049
85129	1117.4438687392055	476.5874730021598
85194	1164.0759930915372	608.768898488121
85254	1165.80310880829	543.1101511879049
85319	1112.2625215889466	594.9460043196544
85379	1065.6303972366147	607.0410367170626
85444	1213.2987910189984	550.8855291576674
85505	1146.8048359240067	462.7645788336933
85569	1273.747841105354	570.7559395248379
85645	1129.5336787564768	464.4924406047516
85707	1146.8048359240067	588.8984881209503
85767	1032.8151986183075	633.8228941684665
85831	834.1968911917098	820.4319654427646
85890	740.0690846286701	902.5053995680347
85956	625.2158894645942	865.3563714902807
86012	667.5302245250432	846.3498920086392
86078	568.2210708117443	834.254859611231
86138	643.3506044905008	860.1727861771059
86200	453.36787564766837	654.5572354211663
86264	474.95682210708117	288.25053995680344
86325	521.5889464594128	275.2915766738661
86387	504.31778929188255	208.76889848812095
86450	303.97236614853193	270.10799136069113
86511	285.83765112262523	216.54427645788337
86574	574.2659758203799	318.48812095032395
86650	685.6649395509498	318.48812095032395
86712	748.7046632124352	280.475161987041
86777	821.2435233160622	277.0194384449244
86840	587.2193436960276	239.87041036717062
86903	676.1658031088083	262.3326133909287
86964	702.9360967184801	366.00431965442766
87027	632.1243523316062	260.6047516198704
87087	582.901554404145	317.6241900647948
87152	408.4628670120898	328.85529157667384
87214	292.7461139896373	296.889848812095
87276	435.23316062176167	397.1058315334773
87335	332.4697754749568	368.5961123110151
87397	410.18998272884284	388.46652267818575
87459	299.6545768566494	327.9913606911447
87520	400.69084628670123	322.8077753779698
87584	527.6338514680483	421.29589632829374
87647	366.1485319516408	302.9373650107991
87708	514.6804835924007	368.5961123110151
87769	221.93436960276338	315.0323974082073
87832	297.92746113989637	251.96544276457882
87894	267.7029360967185	175.93952483801297
87973	282.3834196891192	125.83153347732181
88032	221.07081174438687	16.97624190064795
88097	227.11571675302244	99.04967602591793
88158	325.5613126079447	48.94168466522678
88220	420.55267702936095	10.928725701943845
88294	478.4110535405872	-69.41684665226782
88359	831.6062176165802	187.17062634989202
88420	1167.5302245250432	454.1252699784018
88482	1158.0310880829015	409.20086393088553
88544	1181.3471502590673	375.5075593952484
88606	1236.6148531951642	390.19438444924407
88670	1153.713298791019	399.69762419006474
88732	1249.5682210708117	504.23326133909285
88795	1223.6614853195165	365.14038876889845
88858	1174.4386873920553	545.7019438444925
88919	1125.215889464594	452.3974082073434
88985	1098.4455958549222	435.11879049676025
89045	1276.3385146804835	526.695464362851
89106	1075.1295336787566	502.5053995680345
89168	1227.979274611399	580.2591792656588
89229	1120.8981001727116	473.99568034557234
89289	1204.6632124352332	566.4362850971922
89352	1132.9879101899826	507.6889848812095
89414	1046.6321243523316	568.1641468682506
89520	462.86701208981003	584.5788336933044
89588	224.52504317789294	489.5464362850972
89647	847.1502590673575	734.9028077753779
89711	1002.5906735751296	715.8963282937365
89774	1188.2556131260794	689.1144708423326
89838	1094.1278065630397	736.6306695464363
89895	1090.6735751295337	550.8855291576674
89961	1261.658031088083	633.8228941684665
90024	1113.9896373056995	534.4708423326134
90085	1148.5319516407599	518.0561555075593
90146	1128.6701208981003	623.4557235421166
90210	1181.3471502590673	578.5313174946003
90271	1227.979274611399	586.3066954643627
90334	1180.483592400691	545.7019438444925
90395	1189.1191709844559	577.6673866090713
90458	1170.9844559585492	500.77753779697616
90518	419.68911917098444	375.5075593952484
90581	372.19343696027636	335.7667386609071
90644	439.5509499136442	375.5075593952484
90708	408.4628670120898	461.9006479481642
90782	192.573402417962	353.0453563714903
90846	413.6442141623489	442.03023758099346
90908	501.727115716753	416.11231101511873
90972	423.1433506044905	343.5421166306695
91032	376.5112262521589	397.9697624190065
91094	433.50604490500865	436.84665226781857
91156	437.8238341968912	372.91576673866086
91218	525.9067357512953	387.6025917926566
91282	412.78065630397236	362.548596112311
91344	303.97236614853193	401.4254859611231
91406	181.34715025906738	391.9222462203023
91469	290.1554404145077	476.5874730021598
91531	287.56476683937825	364.2764578833693
91594	436.9602763385147	563.8444924406048
91655	710.7081174438688	524.9676025917927
91718	588.0829015544041	404.8812095032397
91780	622.6252158894646	538.7904967602592
91843	502.59067357512953	465.3563714902807
91905	1073.4024179620035	610.4967602591793
91967	1050.0863557858377	475.7235421166307
92030	1134.7150259067357	670.1079913606911
92092	1229.7063903281519	602.7213822894169
92153	1178.7564766839378	537.92656587473
92217	1146.8048359240067	670.9719222462203
92276	1088.0829015544043	537.92656587473
92341	1196.0276338514682	607.9049676025918
92403	1075.1295336787566	534.4708423326134
92463	1185.66493955095	594.9460043196544
92528	1013.8169257340242	497.32181425485965
92587	1148.5319516407599	555.2051835853131
92652	1102.763385146805	556.9330453563714
92713	1276.3385146804835	609.6328293736501
92776	1112.2625215889466	413.5205183585313
92836	1082.0379965457685	561.2526997840172
92902	988.7737478411054	514.6004319654428
92979	1126.0794473229707	637.2786177105831
93038	630.3972366148531	807.4730021598273
93104	627.8065630397238	810.0647948164146
93167	606.217616580311	933.6069114470844
93231	744.3868739205527	880.0431965442764
93307	703.7996545768567	875.7235421166307
93369	455.95854922279796	711.5766738660907
93434	217.61658031088083	502.5053995680345
93496	291.0189982728843	368.5961123110151
93558	272.0207253886011	494.73002159827206
93622	344.559585492228	444.622030237581
93681	261.6580310880829	409.20086393088553
93744	377.3747841105354	440.30237580993514
93808	571.6753022452505	313.304535637149
93869	506.9084628670121	521.511879049676
93930	396.3730569948187	323.6717062634989
93993	392.91882556131264	419.5680345572354
94055	530.2245250431779	439.43844492440604
94115	375.6476683937824	387.6025917926566
94177	272.0207253886011	478.3153347732181
94239	220.20725388601036	439.43844492440604
94302	353.1951640759931	359.95680345572356
94364	553.5405872193437	462.7645788336933
94440	971.5025906735751	473.1317494600431
94504	1170.1208981001728	510.28077753779695
94566	1129.5336787564768	444.622030237581
94644	1132.9879101899826	581.9870410367171
94706	1083.7651122625216	527.55939524838
94769	1060.4490500863558	549.157667386609
94846	1177.0293609671849	509.4168466522678
94910	1027.6338514680483	544.8380129589633
94987	1075.993091537133	554.341252699784
95101	1176.1658031088082	536.1987041036717
95169	1139.896373056995	597.5377969762419
95236	984.4559585492227	521.511879049676
95297	1042.3143350604491	524.1036717062634
95359	1014.6804835924006	586.3066954643627
95422	1011.2262521588946	550.0215982721382
95485	1178.7564766839378	538.7904967602592
95545	1005.1813471502591	568.1641468682506
95606	1037.9965457685664	513.7365010799135
95669	1033.678756476684	467.94816414686824
95733	1139.0328151986182	568.1641468682506
95792	1028.497409326425	516.328293736501
95857	1189.1191709844559	586.3066954643627
95918	1126.9430051813472	617.4082073434125
95978	992.2279792746114	613.9524838012958
96042	1013.8169257340242	516.328293736501
96104	1006.0449050086355	533.6069114470841
96167	1018.1347150259068	633.8228941684665
96229	1065.6303972366147	602.7213822894169
96290	1102.763385146805	612.2246220302376
96355	1213.2987910189984	543.9740820734341
96414	996.545768566494	550.0215982721382
96476	1145.077720207254	626.0475161987041
96537	1025.0431778929187	589.7624190064795
96603	1045.7685664939552	553.4773218142548
96665	1094.1278065630397	566.4362850971922
96728	1102.763385146805	653.6933045356371
96789	1153.713298791019	607.0410367170626
96854	1056.9948186528497	550.8855291576674
96917	920.5526770293609	605.3131749460043
96979	1042.3143350604491	548.2937365010799
97055	1245.2504317789292	613.9524838012958
