time	x	y
1	630.7002457002457	386.457757296467
77	533.6486486486485	270.94316436251916
140	955.0245700245699	425.78187403993854
208	1131.928746928747	476.1658986175116
269	1262.1498771498768	478.6236559139785
329	1224.0663390663392	498.28571428571433
392	907.1130221130221	484.76804915514595
450	515.2211302211302	344.67588325652844
506	393.5995085995086	291.8341013824885
570	400.970515970516	294.29185867895546
627	319.8894348894349	300.43625192012286
692	71.73218673218672	-87.88940092165898
763	170.012285012285	-28.90322580645161
826	53.30466830466829	66.94930875576037
892	64.36117936117934	90.29800307219664
959	64.36117936117934	98.90015360983104
1021	65.58968058968058	76.78033794162828
1091	32.42014742014741	34.99846390168971
1160	135.61425061425058	36.2273425499232
1225	162.6412776412776	89.06912442396315
1280	130.7002457002457	133.30875576036868
1341	178.61179361179362	101.357910906298
1409	28.73464373464372	144.36866359447004
1477	17.67813267813266	183.6927803379416
1542	85.24570024570023	85.38248847926268
1625	-21.63390663390665	166.4884792626728
1692	333.40294840294837	332.3870967741936
1758	554.5331695331696	450.35944700460834
1824	531.1916461916462	653.1244239631337
1892	216.69533169533167	489.6835637480799
1958	154.04176904176902	515.4900153609831
2019	184.75429975429975	462.6482334869432
2077	306.37592137592134	333.615975422427
2140	388.68550368550365	259.8832565284178
2209	313.74692874692875	280.7741935483871
2274	289.17690417690415	274.6298003072197
2333	322.3464373464373	301.6651305683564
2392	357.97297297297297	202.12596006144392
2445	322.3464373464373	203.35483870967738
2508	349.37346437346434	251.2811059907834
2576	357.97297297297297	235.30568356374806
2642	396.056511056511	188.60829493087556
2707	480.8230958230958	231.61904761904762
2774	424.3120393120393	218.10138248847926
2832	442.7395577395577	309.0384024577573
2885	442.7395577395577	270.94316436251916
2942	407.11302211302205	191.06605222734254
3008	462.3955773955774	193.52380952380952
3074	563.132678132678	275.8586789554531
3130	461.1670761670761	159.11520737327186
3192	348.1449631449631	200.89708141321046
3258	378.85749385749386	256.19662058371733
3318	571.7321867321867	261.1121351766513
3373	555.7616707616708	210.72811059907832
3429	496.7936117936118	138.22427035330261
3491	556.990171990172	178.77726574500767
3555	426.76904176904173	122.24884792626729
3625	627.014742014742	116.10445468509984
3692	525.0491400491401	145.59754224270353
3759	539.7911547911548	154.19969278033793
3825	537.3341523341522	157.8863287250384
3881	569.2751842751843	194.752688172043
3942	645.4422604422604	216.87250384024574
4008	699.4963144963144	175.0906298003072
4074	603.6732186732187	161.57296466973884
4142	663.8697788697788	183.6927803379416
4209	672.4692874692875	151.74193548387098
4274	913.2555282555282	133.30875576036868
4332	795.3194103194103	183.6927803379416
4392	652.8132678132678	178.77726574500767
4459	843.2309582309582	143.13978494623655
4526	650.3562653562653	220.55913978494624
4582	805.1474201474201	194.752688172043
4642	875.1719901719902	82.92473118279571
4707	774.4348894348894	102.58678955453149
4769	921.8550368550369	125.93548387096776
4842	855.5159705159705	209.49923195084486
4909	775.6633906633906	253.73886328725038
4975	859.2014742014742	167.7173579109063
5041	912.027027027027	345.9047619047619
5109	839.5454545454545	315.18279569892474
5192	787.948402948403	198.43932411674345
5259	888.6855036855037	124.70660522273427
5326	1005.3931203931204	150.51305683563749
5393	953.7960687960688	320.0983102918587
5459	915.7125307125307	258.6543778801843
5526	961.1670761670762	106.27342549923196
5593	642.9852579852579	170.17511520737324
5647	167.55528255528253	226.70353302611366
5709	16.449631449631433	186.15053763440858
5764	21.36363636363635	195.98156682027647
5815	43.47665847665846	306.5806451612903
5871	10.307125307125292	225.4746543778802
5928	-3.206388206388223	203.35483870967738
5994	26.277641277641262	134.53763440860214
6055	122.10073710073709	223.01689708141322
6110	48.39066339066338	166.4884792626728
6176	75.41769041769041	282.00307219662056
6243	216.69533169533167	274.6298003072197
6309	86.47420147420145	210.72811059907832
6376	86.47420147420145	237.76344086021504
6442	-13.034398034398052	343.44700460829495
6503	-85.51597051597052	338.531490015361
6575	21.36363636363635	231.61904761904762
6641	42.248157248157234	116.10445468509984
6710	71.73218673218672	300.43625192012286
6774	158.95577395577394	197.21044546850996
6838	166.32678132678132	170.17511520737324
6897	181.06879606879605	243.90783410138246
7021	50.84766584766583	279.54531490015364
7092	150.35626535626534	203.35483870967738
7149	140.5282555282555	127.16436251920122
7207	231.43734643734643	277.08755760368666
7276	195.81081081081078	199.66820276497694
7343	276.8918918918919	208.27035330261134
7406	82.78869778869777	240.22119815668202
7476	271.97788697788695	248.82334869431642
7541	165.0982800982801	248.82334869431642
7608	-0.7493857493857661	243.90783410138246
7675	91.38820638820637	289.3763440860215
7735	86.47420147420145	254.96774193548384
7791	141.75675675675674	293.062980030722
7852	184.75429975429975	288.147465437788
7917	32.42014742014741	229.16129032258064
7967	9.078624078624063	208.27035330261134
8019	36.105651105651084	189.83717357910905
8093	91.38820638820637	310.2672811059908
8153	155.27027027027026	203.35483870967738
8213	130.7002457002457	191.06605222734254
8278	97.5307125307125	332.3870967741936
8343	114.72972972972971	329.9293394777266
8409	156.49877149877148	337.30261136712755
8463	156.49877149877148	327.47158218125963
8526	45.93366093366092	268.4854070660522
8587	135.61425061425058	325.01382488479265
8646	380.0859950859951	309.0384024577573
8710	305.1474201474201	290.605222734255
8768	289.17690417690415	215.64362519201228
8822	274.43488943488944	127.16436251920122
8874	182.29729729729726	231.61904761904762
8943	197.03931203931202	343.44700460829495
9001	231.43734643734643	414.72196620583725
9061	91.38820638820637	316.4116743471582
9126	165.0982800982801	359.4224270353303
9190	-32.69041769041771	391.37327188940094
9243	283.034398034398	247.59447004608296
9310	130.7002457002457	209.49923195084486
9376	82.78869778869777	355.7357910906298
9443	353.05896805896805	221.7880184331797
9509	458.71007371007374	194.752688172043
9575	614.7297297297297	117.33333333333333
9642	385.0	311.49615975422427
9709	480.8230958230958	202.12596006144392
9777	321.1179361179361	215.64362519201228
9836	360.4299754299754	180.00614439324116
9910	308.8329238329238	227.93241167434712
9975	416.94103194103195	117.33333333333333
10024	317.4324324324324	211.95698924731184
10092	483.2800982800983	123.47772657450078
10160	335.85995085995086	199.66820276497694
10227	491.87960687960685	232.84792626728108
10293	587.7027027027026	183.6927803379416
10359	392.37100737100735	178.77726574500767
10419	330.94594594594594	176.3195084485407
10481	591.3882063882063	215.64362519201228
10536	484.5085995085995	117.33333333333333
10589	640.5282555282555	225.4746543778802
10647	657.7272727272727	207.04147465437788
10710	651.5847665847666	136.99539170506912
10777	526.2776412776412	109.96006144393242
10827	694.5823095823096	113.64669738863287
10893	695.8108108108107	125.93548387096776
10959	763.3783783783784	150.51305683563749
11025	801.4619164619164	111.18894009216591
11110	859.2014742014742	180.00614439324116
11175	715.4668304668305	154.19969278033793
11243	518.9066339066339	128.39324116743472
11306	564.3611793611793	151.74193548387098
11362	493.10810810810807	119.79109062980031
11426	547.1621621621622	205.81259600614436
11480	515.2211302211302	241.45007680491548
11542	478.36609336609337	182.4639016897081
11609	527.5061425061425	180.00614439324116
11676	642.9852579852579	160.34408602150535
11744	510.3071253071253	181.23502304147465
11809	737.5798525798526	79.23809523809524
11876	812.5184275184275	122.24884792626729
11943	827.2604422604422	141.91090629800306
12009	572.960687960688	197.21044546850996
12075	360.4299754299754	263.5698924731183
12143	360.4299754299754	243.90783410138246
12199	351.83046683046683	263.5698924731183
12259	448.88206388206385	225.4746543778802
12326	633.1572481572482	195.98156682027647
12393	865.3439803439803	203.35483870967738
12451	870.2579852579853	144.36866359447004
12513	823.5749385749385	129.6221198156682
12570	881.3144963144963	171.40399385560673
12623	807.6044226044226	176.3195084485407
12693	832.1744471744471	167.7173579109063
12754	904.6560196560196	194.752688172043
12812	1007.8501228501228	85.38248847926268
12875	900.9705159705159	180.00614439324116
12934	951.3390663390663	159.11520737327186
12987	940.2825552825552	197.21044546850996
13051	269.5208845208845	192.29493087557603
13126	184.75429975429975	231.61904761904762
13192	142.98525798525796	133.30875576036868
13259	90.15970515970514	229.16129032258064
13320	75.41769041769041	312.72503840245776
13385	56.99017199017197	204.5837173579109
13448	56.99017199017197	186.15053763440858
13511	150.35626535626534	216.87250384024574
13577	91.38820638820637	242.678955453149
13631	119.64373464373462	327.47158218125963
13688	189.66830466830464	257.4254992319508
13760	184.75429975429975	192.29493087557603
13826	149.1277641277641	250.05222734254994
13893	87.70270270270268	267.25652841781874
13959	127.014742014742	305.3517665130568
14026	119.64373464373462	325.01382488479265
14091	176.15479115479113	253.73886328725038
14160	129.47174447174444	211.95698924731184
14216	206.86732186732183	168.94623655913975
14275	265.8353808353808	180.00614439324116
14324	326.031941031941	262.3410138248848
14392	373.94348894348894	175.0906298003072
14459	205.63882063882065	286.9185867895545
14527	285.4914004914005	191.06605222734254
14588	318.6609336609336	165.2596006144393
14659	232.66584766584765	200.89708141321046
14711	107.35872235872235	101.357910906298
14776	388.68550368550365	84.15360983102919
14843	502.9361179361179	164.03072196620582
14908	458.71007371007374	128.39324116743472
14962	292.86240786240785	175.0906298003072
15021	210.55282555282554	261.1121351766513
15092	134.38574938574936	236.53456221198158
15160	303.9189189189189	187.37941628264207
15226	221.6093366093366	167.7173579109063
15293	84.017199017199	300.43625192012286
15359	189.66830466830464	193.52380952380952
15421	375.17199017199016	183.6927803379416
15485	354.28746928746926	146.82642089093702
15544	291.6339066339066	294.29185867895546
15610	215.46683046683046	151.74193548387098
15676	200.7248157248157	175.0906298003072
15742	135.61425061425058	295.5207373271889
15869	174.9262899262899	232.84792626728108
15936	71.73218673218672	311.49615975422427
15988	98.75921375921375	379.0844854070661
16048	209.3243243243243	189.83717357910905
16100	133.15724815724815	371.71121351766516
16159	34.87714987714986	391.37327188940094
16219	113.50122850122848	350.8202764976959
16277	49.6191646191646	352.0491551459294
16343	5.393120393120376	225.4746543778802
16411	21.36363636363635	285.68970814132103
16477	70.50368550368549	269.7142857142857
16543	61.904176904176886	390.14439324116745
16610	7.850122850122832	323.78494623655916
16675	-14.26289926289928	214.41474654377882
16742	108.58722358722358	301.6651305683564
16810	52.07616707616706	334.8448540706606
16881	146.67076167076166	304.1228878648234
16935	82.78869778869777	361.8801843317973
16987	18.90663390663389	294.29185867895546
17054	60.67567567567566	399.97542242703537
17126	-10.577395577395595	411.0353302611367
17193	-20.40540540540542	365.5668202764977
17259	50.84766584766583	499.5145929339478
17327	6.621621621621605	377.8556067588326
17390	31.191646191646175	234.0768049155146
17447	-29.00491400491402	328.70046082949307
17500	-27.77641277641279	305.3517665130568
17577	45.93366093366092	327.47158218125963
17643	28.73464373464372	392.60215053763443
17692	10.307125307125292	354.50691244239636
17747	32.42014742014741	264.79877112135176
17809	17.67813267813266	352.0491551459294
17857	-47.43243243243245	385.2288786482335
17921	236.35135135135133	220.55913978494624
17983	147.89926289926288	310.2672811059908
18043	99.98771498771497	339.76036866359453
18111	18.90663390663389	316.4116743471582
18164	166.32678132678132	146.82642089093702
18226	136.84275184275182	323.78494623655916
18293	34.87714987714986	267.25652841781874
18360	124.55773955773954	215.64362519201228
18444	271.97788697788695	307.8095238095238
18510	280.5773955773956	204.5837173579109
18577	147.89926289926288	149.284178187404
18629	72.96068796068795	111.18894009216591
18694	107.35872235872235	189.83717357910905
18756	215.46683046683046	274.6298003072197
18826	129.47174447174444	210.72811059907832
18888	221.6093366093366	172.63287250384022
18954	279.3488943488943	165.2596006144393
19014	364.1154791154791	150.51305683563749
19070	448.88206388206385	135.76651305683563
19122	566.8181818181818	251.2811059907834
19178	437.8255528255528	148.0552995391705
19243	560.6756756756756	138.22427035330261
19301	577.8746928746929	173.8617511520737
19352	434.1400491400491	221.7880184331797
19405	463.6240786240786	149.284178187404
19456	461.1670761670761	197.21044546850996
19522	463.6240786240786	143.13978494623655
19592	509.07862407862405	198.43932411674345
19650	537.3341523341522	258.6543778801843
19709	550.8476658476659	211.95698924731184
19776	587.7027027027026	262.3410138248848
19831	515.2211302211302	140.6820276497696
19894	529.9631449631449	159.11520737327186
19960	654.041769041769	160.34408602150535
20026	835.8599508599508	144.36866359447004
20092	636.8427518427519	171.40399385560673
20150	603.6732186732187	124.70660522273427
20209	740.0368550368551	188.60829493087556
20277	769.5208845208845	150.51305683563749
20343	877.6289926289926	195.98156682027647
20410	736.3513513513514	25.167434715821813
20476	649.1277641277641	175.0906298003072
20545	693.3538083538083	134.53763440860214
20605	502.9361179361179	143.13978494623655
20654	678.6117936117936	154.19969278033793
20709	679.8402948402949	78.00921658986175
20776	727.7518427518427	124.70660522273427
20843	789.1769041769041	111.18894009216591
20910	760.9213759213759	108.73118279569893
20977	710.5528255528255	114.87557603686636
21036	742.4938574938575	103.81566820276498
21110	735.1228501228501	125.93548387096776
21172	819.8894348894349	113.64669738863287
21226	662.6412776412777	210.72811059907832
21292	830.9459459459459	43.60061443932412
21357	790.4054054054054	116.10445468509984
21426	816.2039312039312	128.39324116743472
21484	774.4348894348894	129.6221198156682
21543	724.0663390663391	149.284178187404
21610	773.2063882063882	165.2596006144393
21670	801.4619164619164	135.76651305683563
21724	796.5479115479114	207.04147465437788
21794	709.3243243243244	164.03072196620582
21858	844.4594594594595	129.6221198156682
21918	867.8009828009829	122.24884792626729
21979	800.2334152334151	170.17511520737324
22043	719.1523341523341	258.6543778801843
22110	907.1130221130221	141.91090629800306
22163	924.3120393120394	189.83717357910905
22227	792.8624078624078	154.19969278033793
22293	886.2285012285012	133.30875576036868
22359	912.027027027027	205.81259600614436
22410	919.3980343980344	264.79877112135176
22465	717.9238329238328	172.63287250384022
22520	786.7199017199017	130.8509984639017
22572	448.88206388206385	236.53456221198158
22629	114.72972972972971	235.30568356374806
22685	154.04176904176902	237.76344086021504
22744	75.41769041769041	270.94316436251916
22810	97.5307125307125	224.24577572964668
22878	59.447174447174426	213.1858678955453
22934	90.15970515970514	164.03072196620582
22992	88.93120393120392	262.3410138248848
23058	119.64373464373462	151.74193548387098
23126	103.67321867321866	283.23195084485405
23193	127.014742014742	344.67588325652844
23260	128.24324324324323	331.15821812596005
23326	85.24570024570023	248.82334869431642
23378	184.75429975429975	180.00614439324116
23432	147.89926289926288	238.99231950844856
23488	134.38574938574936	221.7880184331797
23537	114.72972972972971	194.752688172043
23599	106.1302211302211	173.8617511520737
23660	246.17936117936114	261.1121351766513
23725	270.74938574938574	192.29493087557603
23787	111.04422604422602	197.21044546850996
23839	179.84029484029483	203.35483870967738
23900	221.6093366093366	234.0768049155146
23961	55.76167076167075	263.5698924731183
24027	146.67076167076166	313.95391705069125
24095	278.1203931203931	210.72811059907832
24150	213.00982800982797	220.55913978494624
24202	273.2063882063882	235.30568356374806
24323	206.86732186732183	151.74193548387098
24381	345.68796068796064	92.7557603686636
24444	440.2825552825553	135.76651305683563
24511	467.3095823095823	73.0937019969278
24571	342.00245700245694	181.23502304147465
24628	268.29238329238325	225.4746543778802
24692	403.4275184275184	202.12596006144392
24761	226.5233415233415	221.7880184331797
24817	254.77886977886976	173.8617511520737
24876	427.997542997543	152.97081413210444
24945	286.7199017199017	215.64362519201228
25003	278.1203931203931	214.41474654377882
25076	257.23587223587225	182.4639016897081
25136	253.55036855036855	187.37941628264207
25192	362.8869778869779	139.4531490015361
25253	313.74692874692875	180.00614439324116
25301	394.8280098280098	209.49923195084486
25360	385.0	197.21044546850996
25427	424.3120393120393	167.7173579109063
25494	290.40540540540536	205.81259600614436
25556	269.5208845208845	52.20276497695853
25628	299.004914004914	220.55913978494624
25693	343.2309582309582	197.21044546850996
25761	284.2628992628993	152.97081413210444
25826	236.35135135135133	186.15053763440858
25894	323.5749385749386	210.72811059907832
25960	484.5085995085995	118.56221198156682
26015	606.1302211302211	66.94930875576037
26072	427.997542997543	69.40706605222735
26131	397.2850122850123	146.82642089093702
26193	349.37346437346434	55.889400921658996
26260	365.3439803439803	170.17511520737324
26326	456.25307125307125	138.22427035330261
26393	369.02948402948397	85.38248847926268
26460	443.968058968059	134.53763440860214
26525	233.89434889434887	236.53456221198158
26596	456.25307125307125	116.10445468509984
26660	512.7641277641277	116.10445468509984
26728	592.6167076167076	96.44239631336407
26794	318.6609336609336	128.39324116743472
26860	369.02948402948397	232.84792626728108
26910	478.36609336609337	204.5837173579109
26977	278.1203931203931	234.0768049155146
27045	392.37100737100735	207.04147465437788
27110	441.5110565110565	138.22427035330261
27178	426.76904176904173	129.6221198156682
27244	475.9090909090909	92.7557603686636
27311	383.7714987714987	252.5099846390169
27378	351.83046683046683	143.13978494623655
27444	537.3341523341522	207.04147465437788
27510	469.76658476658474	181.23502304147465
27572	556.990171990172	182.4639016897081
27627	655.2702702702703	245.13671274961598
27693	651.5847665847666	301.6651305683564
27766	662.6412776412777	252.5099846390169
27827	684.7542997542997	302.89400921658984
27894	693.3538083538083	205.81259600614436
27960	635.6142506142506	180.00614439324116
28028	668.7837837837837	274.6298003072197
28095	695.8108108108107	141.91090629800306
28160	668.7837837837837	175.0906298003072
28227	757.2358722358722	264.79877112135176
28294	714.2383292383292	254.96774193548384
28360	781.8058968058967	295.5207373271889
28408	859.2014742014742	172.63287250384022
28478	769.5208845208845	208.27035330261134
28544	861.6584766584766	197.21044546850996
28610	844.4594594594595	246.36559139784944
28677	891.1425061425061	187.37941628264207
28744	727.7518427518427	221.7880184331797
28811	774.4348894348894	180.00614439324116
28876	781.8058968058967	180.00614439324116
28944	818.6609336609337	320.0983102918587
29011	795.3194103194103	162.80184331797233
29074	835.8599508599508	197.21044546850996
29132	807.6044226044226	157.8863287250384
29194	829.7174447174447	291.8341013824885
29261	805.1474201474201	235.30568356374806
29327	799.004914004914	275.8586789554531
29393	889.9140049140049	180.00614439324116
29447	812.5184275184275	241.45007680491548
29502	848.1449631449631	250.05222734254994
29565	840.7739557739558	279.54531490015364
29630	881.3144963144963	202.12596006144392
29690	880.085995085995	193.52380952380952
29739	819.8894348894349	268.4854070660522
29811	829.7174447174447	263.5698924731183
29870	855.5159705159705	332.3870967741936
29929	869.029484029484	328.70046082949307
29994	967.3095823095823	194.752688172043
30054	830.9459459459459	304.1228878648234
30105	429.2260442260442	363.1090629800307
30159	276.8918918918919	325.01382488479265
30228	90.15970515970514	320.0983102918587
30293	52.07616707616706	286.9185867895545
30343	27.50614250614249	272.1720430107527
30411	-35.14742014742016	258.6543778801843
30478	-16.71990171990174	270.94316436251916
30544	82.78869778869777	343.44700460829495
30610	29.963144963144945	359.4224270353303
30662	53.30466830466829	322.5560675883257
30728	18.90663390663389	353.2780337941628
30798	12.764127764127748	401.20430107526886
30861	203.18181818181816	306.5806451612903
30927	467.3095823095823	425.78187403993854
30977	317.4324324324324	409.8064516129033
31043	285.4914004914005	659.2688172043011
31111	119.64373464373462	532.6943164362519
31178	-91.65847665847667	398.7465437788019
31243	-80.60196560196562	402.4331797235023
31311	-11.805896805896824	310.2672811059908
31378	28.73464373464372	318.8694316436252
31444	-40.061425061425076	318.8694316436252
31509	4.164619164619148	422.09523809523813
31578	-49.8894348894349	404.89093701996933
31640	-127.2850122850123	414.72196620583725
31702	-90.42997542997544	460.19047619047615
31762	-80.60196560196562	445.4439324116744
31827	-10.577395577395595	393.8310291858679
31894	-42.518427518427536	381.5422427035331
31961	-20.40540540540542	342.21812596006146
32025	7.850122850122832	369.2534562211982
32094	-31.461916461916477	385.2288786482335
32161	-8.120393120393137	345.9047619047619
32227	25.049140049140032	352.0491551459294
32293	123.32923832923831	243.90783410138246
32361	278.1203931203931	234.0768049155146
32416	203.18181818181816	277.08755760368666
32469	203.18181818181816	313.95391705069125
32527	216.69533169533167	311.49615975422427
32594	155.27027027027026	390.14439324116745
32658	260.92137592137595	338.531490015361
32709	170.012285012285	338.531490015361
32768	301.4619164619165	336.073732718894
32828	306.37592137592134	334.8448540706606
32893	405.8845208845209	316.4116743471582
33028	227.75184275184273	343.44700460829495
33085	285.4914004914005	350.8202764976959
33137	339.54545454545456	353.2780337941628
33199	518.9066339066339	262.3410138248848
33260	521.3636363636364	200.89708141321046
33328	553.3046683046683	268.4854070660522
33398	542.2481572481572	311.49615975422427
33449	534.8771498771498	361.8801843317973
33503	488.19410319410315	300.43625192012286
33578	286.7199017199017	323.78494623655916
33644	387.45700245700243	307.8095238095238
33711	705.6388206388207	322.5560675883257
33777	689.6683046683047	288.147465437788
33845	577.8746928746929	325.01382488479265
33906	378.85749385749386	322.5560675883257
33970	419.3980343980344	366.7956989247312
34025	372.71498771498767	215.64362519201228
34096	415.7125307125307	198.43932411674345
34161	475.9090909090909	219.33026113671272
34229	627.014742014742	388.91551459293396
34294	451.33906633906633	280.7741935483871
34361	478.36609336609337	299.2073732718894
34424	446.4250614250614	238.99231950844856
34474	394.8280098280098	344.67588325652844
34537	274.43488943488944	397.5176651305684
34600	254.77886977886976	403.66205837173584
34661	150.35626535626534	297.9784946236559
34728	-117.45700245700247	397.5176651305684
34794	-126.05651105651108	458.96159754224277
34861	-80.60196560196562	419.6374807987711
34924	-96.57248157248159	449.13056835637485
34994	59.447174447174426	425.78187403993854
35053	-119.91400491400493	442.98617511520735
35106	-67.0884520884521	418.40860215053766
35162	2.9361179361179195	415.9508448540707
35228	-79.37346437346439	338.531490015361
35295	-49.8894348894349	369.2534562211982
35360	-5.66339066339068	372.94009216589865
35427	-4.434889434889452	344.67588325652844
35494	4.164619164619148	376.6267281105991
35553	96.30221130221128	385.2288786482335
35610	142.98525798525796	435.61290322580646
35673	25.049140049140032	402.4331797235023
35725	98.75921375921375	392.60215053763443
35795	163.86977886977886	462.6482334869432
35857	145.44226044226042	386.457757296467
35917	-44.97542997542999	452.81720430107526
35976	-5.66339066339068	462.6482334869432
36044	144.2137592137592	401.20430107526886
36113	82.78869778869777	391.37327188940094
36177	1.7076167076166908	313.95391705069125
36243	13.992628992628976	460.19047619047615
36304	109.81572481572479	316.4116743471582
36366	82.78869778869777	344.67588325652844
36418	102.44471744471744	317.6405529953917
36477	294.09090909090907	326.24270353302614
36544	281.8058968058968	307.8095238095238
36607	327.2604422604423	315.18279569892474
36678	194.58230958230956	262.3410138248848
36745	424.3120393120393	257.4254992319508
36828	291.6339066339066	246.36559139784944
36893	490.65110565110564	289.3763440860215
36946	532.4201474201474	304.1228878648234
37011	515.2211302211302	272.1720430107527
37075	373.94348894348894	300.43625192012286
37133	480.8230958230958	299.2073732718894
37195	425.5405405405405	343.44700460829495
37263	597.5307125307125	302.89400921658984
37328	413.25552825552825	403.66205837173584
37395	555.7616707616708	182.4639016897081
37462	650.3562653562653	257.4254992319508
37527	469.76658476658474	334.8448540706606
37595	654.041769041769	419.6374807987711
37661	644.2137592137592	310.2672811059908
37728	555.7616707616708	343.44700460829495
37791	563.132678132678	329.9293394777266
37840	592.6167076167076	210.72811059907832
37906	518.9066339066339	350.8202764976959
37960	550.8476658476659	363.1090629800307
38027	613.5012285012284	353.2780337941628
38091	673.6977886977887	344.67588325652844
38147	556.990171990172	213.1858678955453
38210	590.1597051597051	166.4884792626728
38270	558.2186732186732	242.678955453149
38327	563.132678132678	284.46082949308754
38395	658.955773955774	323.78494623655916
38461	630.7002457002457	331.15821812596005
38528	525.0491400491401	349.5913978494624
38584	543.4766584766585	256.19662058371733
38644	628.2432432432432	291.8341013824885
38711	523.8206388206388	304.1228878648234
38779	604.90171990172	252.5099846390169
38840	607.3587223587224	184.9216589861751
38896	667.5552825552825	300.43625192012286
38961	706.8673218673218	364.3379416282643
39028	470.995085995086	363.1090629800307
39087	195.81081081081078	462.6482334869432
39144	112.27272727272727	467.56374807987714
39211	39.791154791154774	331.15821812596005
39278	31.191646191646175	379.0844854070661
39345	21.36363636363635	503.2012288786483
39403	-32.69041769041771	375.3978494623656
39455	-70.77395577395579	401.20430107526886
39507	44.70515970515969	411.0353302611367
39563	71.73218673218672	359.4224270353303
39628	194.58230958230956	374.16897081413214
39691	85.24570024570023	380.31336405529953
39747	-17.948402948402965	381.5422427035331
39807	122.10073710073709	344.67588325652844
39864	140.5282555282555	451.5883256528418
39928	72.96068796068795	435.61290322580646
39994	198.26781326781327	396.2887864823349
40055	140.5282555282555	365.5668202764977
40106	123.32923832923831	396.2887864823349
40178	260.92137592137595	352.0491551459294
40245	296.54791154791155	422.09523809523813
40311	235.1228501228501	454.0460829493088
40379	226.5233415233415	420.8663594470046
40445	54.53316953316951	402.4331797235023
40511	123.32923832923831	396.2887864823349
40577	291.6339066339066	435.61290322580646
40645	176.15479115479113	392.60215053763443
40712	235.1228501228501	447.9016897081413
40775	167.55528255528253	415.9508448540707
40845	216.69533169533167	424.55299539170505
40911	144.2137592137592	386.457757296467
40971	286.7199017199017	425.78187403993854
41025	299.004914004914	363.1090629800307
41095	391.14250614250614	388.91551459293396
41149	221.6093366093366	345.9047619047619
41207	284.2628992628993	284.46082949308754
41278	287.94840294840293	363.1090629800307
41344	124.55773955773954	332.3870967741936
41412	177.38329238329237	284.46082949308754
41480	233.89434889434887	311.49615975422427
41550	227.75184275184273	327.47158218125963
41721	176.15479115479113	380.31336405529953
41816	171.24078624078624	477.39477726574506
41960	181.06879606879605	382.7711213517665
42034	205.63882063882065	369.2534562211982
42112	124.55773955773954	359.4224270353303
42200	87.70270270270268	396.2887864823349
42276	133.15724815724815	358.19354838709677
42357	114.72972972972971	397.5176651305684
42445	134.38574938574936	312.72503840245776
42511	215.46683046683046	387.68663594470047
42596	244.95085995085995	290.605222734255
42653	258.46437346437347	412.2642089093702
42728	205.63882063882065	355.7357910906298
42810	119.64373464373462	370.48233486943167
42896	215.46683046683046	429.468509984639
42958	171.24078624078624	377.8556067588326
43030	146.67076167076166	366.7956989247312
43120	287.94840294840293	381.5422427035331
43195	240.036855036855	372.94009216589865
43261	252.3218673218673	350.8202764976959
43335	85.24570024570023	386.457757296467
43411	97.5307125307125	398.7465437788019
43477	85.24570024570023	396.2887864823349
43545	135.61425061425058	438.07066052227344
43639	45.93366093366092	403.66205837173584
43706	114.72972972972971	342.21812596006146
43784	119.64373464373462	364.3379416282643
43856	192.12530712530713	393.8310291858679
43910	15.221130221130204	409.8064516129033
43978	203.18181818181816	466.33486943164365
44047	246.17936117936114	356.96466973886334
44106	219.15233415233413	414.72196620583725
44159	98.75921375921375	451.5883256528418
44228	184.75429975429975	420.8663594470046
44295	135.61425061425058	364.3379416282643
44361	326.031941031941	375.3978494623656
44418	365.3439803439803	374.16897081413214
44479	267.06388206388203	472.4792626728111
44545	299.004914004914	318.8694316436252
44612	307.6044226044226	349.5913978494624
44678	360.4299754299754	349.5913978494624
44745	375.17199017199016	328.70046082949307
44812	236.35135135135133	435.61290322580646
44872	348.1449631449631	343.44700460829495
44944	334.63144963144964	370.48233486943167
45004	314.97542997542996	328.70046082949307
45077	498.02211302211305	363.1090629800307
45145	507.8501228501229	380.31336405529953
45206	443.968058968059	360.65130568356375
45277	388.68550368550365	382.7711213517665
45345	415.7125307125307	413.4930875576037
45405	412.02702702702703	412.2642089093702
45460	365.3439803439803	462.6482334869432
45527	283.034398034398	470.02150537634407
45595	441.5110565110565	427.0107526881721
45661	322.3464373464373	313.95391705069125
45725	357.97297297297297	396.2887864823349
45794	283.034398034398	254.96774193548384
45861	385.0	311.49615975422427
45921	305.1474201474201	415.9508448540707
45982	425.5405405405405	458.96159754224277
46040	353.05896805896805	399.97542242703537
46111	382.5429975429975	435.61290322580646
46177	370.25798525798524	413.4930875576037
46244	459.9385749385749	414.72196620583725
46310	397.2850122850123	347.1336405529954
46378	587.7027027027026	349.5913978494624
46444	467.3095823095823	339.76036866359453
46511	504.1646191646192	419.6374807987711
46577	564.3611793611793	382.7711213517665
46645	479.5945945945946	388.91551459293396
46692	439.054054054054	395.0599078341014
46745	431.6830466830467	272.1720430107527
46810	419.3980343980344	510.5745007680492
46877	597.5307125307125	456.50384024577573
46945	649.1277641277641	606.4270353302612
47011	393.5995085995086	613.800307219662
47078	289.17690417690415	515.4900153609831
47146	339.54545454545456	605.1981566820276
47207	122.10073710073709	548.6697388632873
47278	149.1277641277641	535.1520737327189
47344	13.992628992628976	509.34562211981574
47412	4.164619164619148	509.34562211981574
47478	-13.034398034398052	558.5007680491552
47536	-37.60442260442262	547.4408602150538
47596	44.70515970515969	419.6374807987711
47662	22.592137592137576	447.9016897081413
47728	87.70270270270268	358.19354838709677
47795	198.26781326781327	391.37327188940094
47861	233.89434889434887	412.2642089093702
47929	230.2088452088452	424.55299539170505
47995	213.00982800982797	499.5145929339478
48055	233.89434889434887	431.92626728110605
48123	162.6412776412776	415.9508448540707
48195	102.44471744471744	458.96159754224277
48261	-49.8894348894349	485.99692780337944
48328	-42.518427518427536	465.1059907834101
48395	79.10319410319408	425.78187403993854
48461	61.904176904176886	470.02150537634407
48528	262.14987714987717	436.84178187404
48596	345.68796068796064	430.6973886328725
48656	329.71744471744466	457.7327188940092
48733	292.86240786240785	474.937019969278
48852	329.71744471744466	350.8202764976959
48964	285.4914004914005	384.00000000000006
49038	268.29238329238325	460.19047619047615
49153	260.92137592137595	427.0107526881721
49272	324.8034398034398	463.87711213517673
49364	334.63144963144964	431.92626728110605
49428	316.2039312039312	434.384024577573
49494	431.6830466830467	442.98617511520735
49551	317.4324324324324	462.6482334869432
49612	190.8968058968059	449.13056835637485
49678	243.7223587223587	428.2396313364056
49735	323.5749385749386	428.2396313364056
49812	357.97297297297297	336.073732718894
49878	214.23832923832921	417.17972350230417
49945	203.18181818181816	417.17972350230417
50011	256.007371007371	408.57757296466974
50079	231.43734643734643	404.89093701996933
50146	274.43488943488944	398.7465437788019
50212	346.9164619164619	423.3241167434716
50278	313.74692874692875	513.0322580645162
50345	305.1474201474201	478.6236559139785
50412	332.17444717444715	484.76804915514595
50468	443.968058968059	418.40860215053766
50544	505.39312039312034	429.468509984639
50622	317.4324324324324	386.457757296467
50682	233.89434889434887	452.81720430107526
50745	307.6044226044226	472.4792626728111
50812	377.62899262899265	381.5422427035331
50879	366.5724815724816	285.68970814132103
50946	328.48894348894345	312.72503840245776
51011	392.37100737100735	447.9016897081413
51077	306.37592137592134	409.8064516129033
51145	376.4004914004914	478.6236559139785
51201	364.1154791154791	391.37327188940094
51277	590.1597051597051	449.13056835637485
51330	549.6191646191646	427.0107526881721
51395	586.4742014742014	417.17972350230417
51563	708.0958230958231	417.17972350230417
51629	672.4692874692875	403.66205837173584
51686	654.041769041769	342.21812596006146
51761	591.3882063882063	409.8064516129033
51822	690.8968058968059	379.0844854070661
51884	698.2678132678133	403.66205837173584
51948	656.4987714987715	408.57757296466974
52001	668.7837837837837	466.33486943164365
52080	740.0368550368551	369.2534562211982
52145	335.85995085995086	488.4546850998464
52212	15.221130221130204	514.2611367127496
52268	87.70270270270268	476.1658986175116
52328	-42.518427518427536	549.8986175115207
52396	-19.176904176904195	508.1167434715822
52462	93.84520884520883	537.6098310291859
52520	86.47420147420145	407.34869431643625
52596	15.221130221130204	498.28571428571433
52662	77.87469287469285	509.34562211981574
52728	60.67567567567566	492.1413210445468
52790	171.24078624078624	538.8387096774194
52854	339.54545454545456	493.3701996927804
52912	375.17199017199016	519.1766513056835
52978	294.09090909090907	606.4270353302612
53044	-21.63390663390665	583.0783410138249
53113	120.87223587223586	551.1274961597542
53179	107.35872235872235	473.70814132104454
53244	181.06879606879605	422.09523809523813
53311	183.5257985257985	368.0245775729647
53380	311.2899262899263	444.2150537634409
53438	322.3464373464373	483.53917050691246
53512	179.84029484029483	435.61290322580646
53577	168.78378378378378	435.61290322580646
53633	407.11302211302205	422.09523809523813
53695	370.25798525798524	449.13056835637485
53748	321.1179361179361	425.78187403993854
53802	436.5970515970516	377.8556067588326
53859	366.5724815724816	349.5913978494624
53928	456.25307125307125	429.468509984639
53984	403.4275184275184	422.09523809523813
54034	275.6633906633906	381.5422427035331
54095	243.7223587223587	417.17972350230417
54162	243.7223587223587	401.20430107526886
54219	252.3218673218673	396.2887864823349
54270	378.85749385749386	356.96466973886334
54330	375.17199017199016	349.5913978494624
54395	339.54545454545456	463.87711213517673
54462	405.8845208845209	495.82795698924735
54525	283.034398034398	422.09523809523813
54594	396.056511056511	349.5913978494624
54661	372.71498771498767	355.7357910906298
54727	373.94348894348894	430.6973886328725
54784	457.48157248157247	418.40860215053766
54834	407.11302211302205	449.13056835637485
54894	370.25798525798524	403.66205837173584
54959	370.25798525798524	382.7711213517665
55027	392.37100737100735	387.68663594470047
55088	531.1916461916462	409.8064516129033
55150	598.7592137592137	498.28571428571433
55212	695.8108108108107	535.1520737327189
55278	674.9262899262899	525.321044546851
55330	688.4398034398034	503.2012288786483
55390	642.9852579852579	413.4930875576037
55451	595.07371007371	436.84178187404
55505	748.6363636363636	450.35944700460834
55578	714.2383292383292	454.0460829493088
55645	725.2948402948402	350.8202764976959
55712	764.6068796068796	386.457757296467
55769	625.7862407862408	458.96159754224277
55828	663.8697788697788	509.34562211981574
55895	657.7272727272727	439.29953917050693
55966	590.1597051597051	350.8202764976959
56030	652.8132678132678	415.9508448540707
56094	636.8427518427519	447.9016897081413
56163	728.980343980344	463.87711213517673
56216	819.8894348894349	517.9477726574502
56275	683.5257985257986	429.468509984639
56331	738.8083538083538	342.21812596006146
56395	679.8402948402949	379.0844854070661
56462	720.3808353808354	411.0353302611367
56525	715.4668304668305	434.384024577573
56594	649.1277641277641	457.7327188940092
56649	635.6142506142506	354.50691244239636
56712	735.1228501228501	412.2642089093702
56770	795.3194103194103	359.4224270353303
56829	753.5503685503685	519.1766513056835
56888	731.4373464373464	482.310291858679
56941	743.7223587223586	408.57757296466974
56999	694.5823095823096	408.57757296466974
57079	730.2088452088452	456.50384024577573
57145	834.6314496314496	488.4546850998464
57211	726.5233415233415	441.75729646697397
57278	720.3808353808354	420.8663594470046
57329	806.3759213759214	454.0460829493088
57395	757.2358722358722	509.34562211981574
57462	602.4447174447174	450.35944700460834
57529	808.8329238329238	365.5668202764977
57596	816.2039312039312	376.6267281105991
57658	699.4963144963144	377.8556067588326
57728	737.5798525798526	483.53917050691246
57782	822.3464373464373	430.6973886328725
57835	803.9189189189188	388.91551459293396
57892	876.4004914004913	385.2288786482335
57962	801.4619164619164	401.20430107526886
58030	830.9459459459459	455.2749615975423
58096	861.6584766584766	390.14439324116745
58154	727.7518427518427	411.0353302611367
58208	743.7223587223586	391.37327188940094
58279	738.8083538083538	342.21812596006146
58334	726.5233415233415	392.60215053763443
58396	391.14250614250614	476.1658986175116
58480	283.034398034398	472.4792626728111
58546	70.50368550368549	471.2503840245776
58613	117.18673218673217	509.34562211981574
58671	41.019656019656	506.8878648233487
58733	11.53562653562652	447.9016897081413
58788	130.7002457002457	429.468509984639
58852	41.019656019656	490.9124423963134
58913	26.277641277641262	497.0568356374808
58979	27.50614250614249	413.4930875576037
59046	80.33169533169531	391.37327188940094
59112	93.84520884520883	354.50691244239636
59180	76.64619164619162	513.0322580645162
59234	162.6412776412776	456.50384024577573
59296	187.21130221130218	525.321044546851
59362	144.2137592137592	519.1766513056835
59429	192.12530712530713	408.57757296466974
59488	120.87223587223586	456.50384024577573
59548	157.72727272727272	462.6482334869432
59609	144.2137592137592	524.0921658986175
59680	7.850122850122832	504.4301075268818
59746	263.37837837837833	456.50384024577573
59814	385.0	420.8663594470046
59871	326.031941031941	479.852534562212
59933	333.40294840294837	476.1658986175116
59995	287.94840294840293	420.8663594470046
60081	310.06142506142504	397.5176651305684
60147	330.94594594594594	397.5176651305684
60212	279.3488943488943	451.5883256528418
60271	367.80098280098275	382.7711213517665
60413	280.5773955773956	435.61290322580646
60504	193.35380835380832	433.1551459293395
60580	165.0982800982801	478.6236559139785
60645	268.29238329238325	440.5284178187404
60705	227.75184275184273	402.4331797235023
60779	260.92137592137595	485.99692780337944
60846	249.86486486486484	460.19047619047615
60911	517.6781326781327	439.29953917050693
60979	543.4766584766585	495.82795698924735
61046	431.6830466830467	435.61290322580646
61128	307.6044226044226	526.5499231950845
61188	257.23587223587225	427.0107526881721
61243	97.5307125307125	352.0491551459294
61312	158.95577395577394	462.6482334869432
61373	123.32923832923831	435.61290322580646
61438	225.2948402948403	413.4930875576037
61496	258.46437346437347	413.4930875576037
61579	248.63636363636363	470.02150537634407
61645	360.4299754299754	495.82795698924735
61713	539.7911547911548	446.6728110599078
61779	634.3857493857494	477.39477726574506
61841	646.6707616707616	452.81720430107526
61903	592.6167076167076	456.50384024577573
61969	513.992628992629	358.19354838709677
62032	641.7567567567567	368.0245775729647
62095	634.3857493857494	386.457757296467
62153	529.9631449631449	406.11981566820276
62213	667.5552825552825	457.7327188940092
62279	642.9852579852579	454.0460829493088
62338	596.3022113022113	326.24270353302614
62397	699.4963144963144	436.84178187404
62472	606.1302211302211	371.71121351766516
62537	676.1547911547912	454.0460829493088
62596	747.4078624078624	375.3978494623656
62662	765.8353808353809	449.13056835637485
62729	812.5184275184275	423.3241167434716
62795	638.071253071253	451.5883256528418
62862	837.0884520884521	543.7542242703533
62929	849.3734643734643	629.7757296466974
62996	758.4643734643735	646.9800307219663
63061	713.0098280098281	651.8955453149002
63129	756.007371007371	677.7019969278034
63191	662.6412776412777	702.2795698924732
63245	681.068796068796	556.0430107526881
63312	871.4864864864866	602.7403993855607
63379	731.4373464373464	513.0322580645162
63440	834.6314496314496	583.0783410138249
63499	753.5503685503685	487.22580645161287
63580	735.1228501228501	541.2964669738864
63646	598.7592137592137	557.2718894009217
63712	157.72727272727272	605.1981566820276
63780	101.2162162162162	403.66205837173584
63846	-40.061425061425076	479.852534562212
63912	-13.034398034398052	574.4761904761905
63979	112.27272727272727	510.5745007680492
64047	93.84520884520883	531.4654377880184
64111	55.76167076167075	511.80337941628267
64169	-69.54545454545456	424.55299539170505
64233	45.93366093366092	422.09523809523813
64295	-35.14742014742016	434.384024577573
64347	25.049140049140032	449.13056835637485
64412	142.98525798525796	472.4792626728111
64479	177.38329238329237	483.53917050691246
64534	32.42014742014741	583.0783410138249
64593	-80.60196560196562	484.76804915514595
64656	-20.40540540540542	565.874039938556
64710	-30.233415233415247	527.778801843318
64779	-10.577395577395595	510.5745007680492
64846	122.10073710073709	493.3701996927804
64912	66.8181818181818	466.33486943164365
64980	-91.65847665847667	576.9339477726575
65035	-29.00491400491402	515.4900153609831
65101	47.16216216216215	600.2826420890937
65166	-47.43243243243245	497.0568356374808
65220	125.78624078624075	431.92626728110605
65277	112.27272727272727	515.4900153609831
65347	65.58968058968058	519.1766513056835
65412	-16.71990171990174	495.82795698924735
65479	125.78624078624075	489.6835637480799
65546	9.078624078624063	503.2012288786483
65612	-56.03194103194105	508.1167434715822
65679	176.15479115479113	544.9831029185868
65737	49.6191646191646	291.8341013824885
65797	44.70515970515969	360.65130568356375
65863	399.7420147420147	353.2780337941628
65926	427.997542997543	409.8064516129033
65977	386.2285012285012	505.6589861751152
66046	420.6265356265356	564.6451612903226
66112	215.46683046683046	667.8709677419355
66179	206.86732186732183	646.9800307219663
66246	326.031941031941	600.2826420890937
66313	165.0982800982801	575.705069124424
66370	190.8968058968059	511.80337941628267
66433	201.95331695331694	504.4301075268818
66496	141.75675675675674	568.331797235023
66559	97.5307125307125	547.4408602150538
66629	167.55528255528253	449.13056835637485
66695	124.55773955773954	487.22580645161287
66762	95.07371007371006	424.55299539170505
66815	140.5282555282555	477.39477726574506
66880	254.77886977886976	484.76804915514595
66946	324.8034398034398	377.8556067588326
67012	389.9140049140049	504.4301075268818
67078	618.4152334152334	487.22580645161287
67147	730.2088452088452	470.02150537634407
67212	743.7223587223586	524.0921658986175
67279	744.9508599508599	517.9477726574502
67331	725.2948402948402	449.13056835637485
67395	656.4987714987715	538.8387096774194
67462	555.7616707616708	515.4900153609831
67529	134.38574938574936	562.1874039938557
67596	119.64373464373462	548.6697388632873
67663	181.06879606879605	470.02150537634407
67731	134.38574938574936	617.4869431643625
67796	214.23832923832921	608.8847926267281
67861	-10.577395577395595	581.8494623655914
67928	113.50122850122848	520.405529953917
67996	112.27272727272727	524.0921658986175
68081	183.5257985257985	629.7757296466974
68147	155.27027027027026	446.6728110599078
68201	224.06633906633905	462.6482334869432
68264	199.49631449631448	622.4024577572965
68329	227.75184275184273	494.59907834101386
68397	217.92383292383292	556.0430107526881
68456	247.40786240786238	454.0460829493088
68514	187.21130221130218	482.310291858679
68583	201.95331695331694	510.5745007680492
68646	136.84275184275182	500.74347158218126
68703	102.44471744471744	603.9692780337941
68762	226.5233415233415	633.4623655913979
68817	209.3243243243243	573.247311827957
68876	241.26535626535625	624.8602150537635
68937	251.0933660933661	585.5360983102919
68996	219.15233415233413	574.4761904761905
69063	142.98525798525796	562.1874039938557
69115	290.40540540540536	551.1274961597542
69253	232.66584766584765	595.3671274961597
69312	166.32678132678132	725.6282642089094
69379	268.29238329238325	667.8709677419355
69446	247.40786240786238	705.9662058371737
69507	270.74938574938574	654.3533026113671
69579	165.0982800982801	774.7834101382489
69647	254.77886977886976	718.2549923195085
69704	254.77886977886976	741.6036866359448
69782	350.6019656019656	665.4132104454685
69840	283.034398034398	660.4976958525345
69906	156.49877149877148	730.5437788018434
69971	231.43734643734643	823.9385560675883
70028	204.4103194103194	761.2657450076805
70087	181.06879606879605	633.4623655913979
70143	340.7739557739558	686.3041474654378
70212	321.1179361179361	693.6774193548388
70279	158.95577395577394	680.1597542242704
70347	339.54545454545456	696.1351766513058
70413	82.78869778869777	753.8924731182796
70480	216.69533169533167	787.0721966205838
70545	156.49877149877148	764.952380952381
70649	142.98525798525796	729.3149001536099
70745	289.17690417690415	674.0153609831029
70819	213.00982800982797	615.0291858678955
70879	284.2628992628993	574.4761904761905
70940	287.94840294840293	585.5360983102919
71006	354.28746928746926	612.5714285714287
71080	386.2285012285012	669.099846390169
71147	439.054054054054	629.7757296466974
71213	348.1449631449631	744.0614439324116
71279	370.25798525798524	739.1459293394777
71347	364.1154791154791	827.6251920122888
71414	330.94594594594594	730.5437788018434
71479	425.5405405405405	713.3394777265745
71547	529.9631449631449	730.5437788018434
71607	392.37100737100735	702.2795698924732
71679	407.11302211302205	685.0752688172042
71741	483.2800982800983	665.4132104454685
71803	584.017199017199	726.8571428571429
71863	561.9041769041769	675.2442396313364
71931	564.3611793611793	664.184331797235
71997	536.1056511056511	688.7619047619048
72056	464.8525798525798	685.0752688172042
72113	318.6609336609336	713.3394777265745
72175	425.5405405405405	761.2657450076805
72232	403.4275184275184	715.7972350230415
72283	284.2628992628993	777.2411674347159
72339	292.86240786240785	654.3533026113671
72407	307.6044226044226	735.4592933947773
72469	232.66584766584765	574.4761904761905
72520	242.4938574938575	589.2227342549924
72579	318.6609336609336	658.0399385560676
72646	317.4324324324324	696.1351766513058
72708	425.5405405405405	753.8924731182796
72767	450.11056511056506	753.8924731182796
72817	351.83046683046683	701.0506912442397
72879	383.7714987714987	696.1351766513058
72955	468.5380835380835	779.6989247311828
73013	457.48157248157247	709.652841781874
73079	452.56756756756755	702.2795698924732
73143	372.71498771498767	687.5330261136713
73196	430.45454545454544	709.652841781874
73263	458.71007371007374	768.6390168970814
73348	472.22358722358723	791.9877112135177
73431	407.11302211302205	789.5299539170506
73497	568.046683046683	798.1321044546851
73558	553.3046683046683	683.8463901689709
73629	522.5921375921376	692.4485407066053
73683	427.997542997543	676.4731182795699
73747	528.7346437346438	751.4347158218127
73816	584.017199017199	774.7834101382489
73880	539.7911547911548	780.9278033794163
73943	521.3636363636364	751.4347158218127
74008	494.33660933660934	776.0122887864824
74080	220.38083538083535	569.5606758832565
74149	270.74938574938574	483.53917050691246
74213	192.12530712530713	589.2227342549924
74281	187.21130221130218	538.8387096774194
74341	160.18427518427518	562.1874039938557
74398	82.78869778869777	506.8878648233487
74463	268.29238329238325	579.3917050691244
74530	215.46683046683046	608.8847926267281
74597	210.55282555282554	637.1490015360984
74663	225.2948402948403	558.5007680491552
74731	210.55282555282554	581.8494623655914
74786	226.5233415233415	457.7327188940092
74846	323.5749385749386	529.0076804915515
74912	251.0933660933661	522.8632872503841
74977	421.8550368550368	407.34869431643625
75048	319.8894348894349	490.9124423963134
75113	285.4914004914005	499.5145929339478
75178	236.35135135135133	572.0184331797236
75248	197.03931203931202	499.5145929339478
75313	84.017199017199	578.162826420891
75379	170.012285012285	590.4516129032257
75442	252.3218673218673	642.0645161290323
75506	177.38329238329237	662.9554531490015
75579	155.27027027027026	565.874039938556
75638	254.77886977886976	474.937019969278
75702	188.43980343980343	570.78955453149
75763	221.6093366093366	495.82795698924735
75819	365.3439803439803	503.2012288786483
75880	334.63144963144964	585.5360983102919
75938	382.5429975429975	527.778801843318
75997	286.7199017199017	570.78955453149
76064	214.23832923832921	537.6098310291859
76130	319.8894348894349	504.4301075268818
76197	297.77641277641277	624.8602150537635
76256	244.95085995085995	585.5360983102919
76313	296.54791154791155	653.1244239631337
76383	381.3144963144963	542.5253456221199
76446	387.45700245700243	473.70814132104454
76517	349.37346437346434	542.5253456221199
76598	631.9287469287469	576.9339477726575
76664	584.017199017199	525.321044546851
76724	506.6216216216216	594.1382488479263
76796	468.5380835380835	578.162826420891
76863	523.8206388206388	526.5499231950845
76920	475.9090909090909	500.74347158218126
76979	608.5872235872237	547.4408602150538
77045	529.9631449631449	580.6205837173579
77118	548.3906633906633	556.0430107526881
77179	652.8132678132678	575.705069124424
77236	639.2997542997542	470.02150537634407
77297	560.6756756756756	574.4761904761905
77364	681.068796068796	546.2119815668202
77431	650.3562653562653	466.33486943164365
77497	683.5257985257986	489.6835637480799
77564	748.6363636363636	557.2718894009217
77631	634.3857493857494	516.7188940092166
77683	727.7518427518427	549.8986175115207
77747	709.3243243243244	536.3809523809524
77814	725.2948402948402	489.6835637480799
77879	722.8378378378378	529.0076804915515
77946	840.7739557739558	530.236559139785
78023	748.6363636363636	546.2119815668202
78182	759.6928746928747	544.9831029185868
78246	716.6953316953317	564.6451612903226
78312	650.3562653562653	510.5745007680492
78380	440.2825552825553	538.8387096774194
78447	323.5749385749386	556.0430107526881
78513	165.0982800982801	535.1520737327189
78580	240.036855036855	554.8141321044546
78647	172.46928746928745	538.8387096774194
78715	278.1203931203931	557.2718894009217
78770	248.63636363636363	603.9692780337941
78821	377.62899262899265	626.089093701997
78881	375.17199017199016	553.5852534562213
78947	329.71744471744466	488.4546850998464
79001	338.3169533169533	549.8986175115207
79062	317.4324324324324	508.1167434715822
79130	377.62899262899265	498.28571428571433
79197	375.17199017199016	540.0675883256529
79251	394.8280098280098	551.1274961597542
79314	436.5970515970516	567.1029185867897
79382	437.8255528255528	505.6589861751152
79447	478.36609336609337	510.5745007680492
79513	544.7051597051596	557.2718894009217
79581	541.0196560196559	581.8494623655914
79647	645.4422604422604	579.3917050691244
79701	539.7911547911548	537.6098310291859
79765	582.7886977886978	615.0291858678955
79830	622.1007371007371	508.1167434715822
79883	452.56756756756755	521.6344086021505
79942	432.9115479115479	465.1059907834101
79995	568.046683046683	494.59907834101386
80048	523.8206388206388	639.6067588325653
80114	575.4176904176904	569.5606758832565
80176	662.6412776412777	567.1029185867897
80234	681.068796068796	585.5360983102919
80297	590.1597051597051	564.6451612903226
80364	630.7002457002457	579.3917050691244
80431	722.8378378378378	508.1167434715822
80497	684.7542997542997	565.874039938556
80564	607.3587223587224	538.8387096774194
80631	672.4692874692875	519.1766513056835
80696	647.8992628992629	487.22580645161287
80764	786.7199017199017	514.2611367127496
80827	722.8378378378378	520.405529953917
80890	674.9262899262899	544.9831029185868
80949	740.0368550368551	553.5852534562213
81014	542.2481572481572	543.7542242703533
81081	570.5036855036855	526.5499231950845
81147	677.3832923832923	645.7511520737328
81214	869.029484029484	603.9692780337941
81280	839.5454545454545	500.74347158218126
81347	897.2850122850123	499.5145929339478
81413	559.4471744471743	558.5007680491552
81481	475.9090909090909	616.258064516129
81542	329.71744471744466	572.0184331797236
81614	343.2309582309582	666.6420890937021
81681	71.73218673218672	603.9692780337941
81747	135.61425061425058	672.7864823348694
81822	308.8329238329238	616.258064516129
81882	273.2063882063882	537.6098310291859
81947	125.78624078624075	648.2089093701998
82014	403.4275184275184	536.3809523809524
82080	340.7739557739558	660.4976958525345
82148	263.37837837837833	616.258064516129
82208	329.71744471744466	638.3778801843318
82261	290.40540540540536	682.6175115207374
82331	531.1916461916462	578.162826420891
82390	624.5577395577395	658.0399385560676
82453	484.5085995085995	567.1029185867897
82522	544.7051597051596	664.184331797235
82597	705.6388206388207	613.800307219662
82664	627.014742014742	601.5115207373273
82731	504.1646191646192	622.4024577572965
82789	394.8280098280098	654.3533026113671
82847	410.79852579852576	595.3671274961597
82914	289.17690417690415	692.4485407066053
82969	222.8378378378378	742.8325652841783
83030	253.55036855036855	621.173579109063
83096	366.5724815724816	564.6451612903226
83164	275.6633906633906	591.6804915514593
83224	171.24078624078624	596.5960061443933
83283	274.43488943488944	530.236559139785
83336	391.14250614250614	628.5468509984639
83397	443.968058968059	635.9201228878649
83464	421.8550368550368	547.4408602150538
83524	435.36855036855036	611.3425499231951
83598	323.5749385749386	612.5714285714287
83659	324.8034398034398	595.3671274961597
83712	353.05896805896805	737.9170506912443
83770	324.8034398034398	634.6912442396314
83826	467.3095823095823	629.7757296466974
83879	488.19410319410315	556.0430107526881
83947	506.6216216216216	548.6697388632873
84012	425.5405405405405	439.29953917050693
84080	268.29238329238325	391.37327188940094
84148	311.2899262899263	333.615975422427
84213	381.3144963144963	273.40092165898614
84281	414.48402948402946	177.54838709677418
84348	372.71498771498767	194.752688172043
84414	505.39312039312034	178.77726574500767
84470	515.2211302211302	188.60829493087556
84529	450.11056511056506	224.24577572964668
84598	387.45700245700243	268.4854070660522
84664	279.3488943488943	311.49615975422427
84731	144.2137592137592	328.70046082949307
84797	500.4791154791155	385.2288786482335
84864	539.7911547911548	599.0537634408603
84931	525.0491400491401	580.6205837173579
84997	599.987714987715	560.9585253456221
85063	552.076167076167	580.6205837173579
85131	731.4373464373464	621.173579109063
85197	1104.9017199017198	701.0506912442397
85265	1106.1302211302211	606.4270353302612
85336	1125.7862407862406	574.4761904761905
85427	1154.041769041769	570.78955453149
85497	1036.105651105651	615.0291858678955
85568	1029.963144963145	587.9938556067589
85635	1092.6167076167078	701.0506912442397
85714	1081.5601965601966	686.3041474654378
85792	985.7371007371007	729.3149001536099
85864	543.4766584766585	583.0783410138249
85931	625.7862407862408	578.162826420891
85996	658.955773955774	595.3671274961597
86063	652.8132678132678	429.468509984639
86129	620.8722358722358	666.6420890937021
86197	607.3587223587224	558.5007680491552
86264	584.017199017199	438.07066052227344
86331	703.1818181818181	581.8494623655914
86394	694.5823095823096	616.258064516129
86456	684.7542997542997	670.3287250384025
86532	683.5257985257986	659.2688172043011
86597	672.4692874692875	476.1658986175116
86660	685.982800982801	506.8878648233487
86731	715.4668304668305	527.778801843318
86806	591.3882063882063	419.6374807987711
86866	678.6117936117936	556.0430107526881
86947	645.4422604422604	513.0322580645162
87052	613.5012285012284	429.468509984639
87162	921.8550368550369	810.42089093702
87229	1152.8132678132679	726.8571428571429
87297	1117.1867321867321	605.1981566820276
87363	1060.6756756756756	601.5115207373273
87427	1104.9017199017198	649.4377880184331
87497	1044.7051597051598	626.089093701997
87563	1161.4127764127763	651.8955453149002
87632	978.3660933660934	674.0153609831029
87697	354.28746928746926	375.3978494623656
87763	641.7567567567567	569.5606758832565
87828	427.997542997543	558.5007680491552
87888	588.9312039312039	718.2549923195085
87946	623.3292383292384	536.3809523809524
88013	746.1793611793611	375.3978494623656
88076	638.071253071253	320.0983102918587
88148	885.0	701.0506912442397
88217	1068.046683046683	667.8709677419355
88317	1031.1916461916462	729.3149001536099
88384	1007.8501228501228	664.184331797235
88465	1155.2702702702702	692.4485407066053
88541	1130.7002457002457	745.2903225806451
88627	1041.0196560196562	661.7265745007682
88691	1117.1867321867321	777.2411674347159
88765	1119.6437346437347	712.110599078341
88832	1088.931203931204	638.3778801843318
88915	1059.4471744471746	766.1812596006145
