time	x	y
1	371.48648648648646	419.6374807987711
81	441.5110565110565	370.48233486943167
148	620.8722358722358	313.95391705069125
215	945.1965601965602	509.34562211981574
281	1081.5601965601966	361.8801843317973
349	974.6805896805897	399.97542242703537
406	623.3292383292384	397.5176651305684
466	496.7936117936118	323.78494623655916
531	488.19410319410315	191.06605222734254
598	339.54545454545456	176.3195084485407
663	226.5233415233415	278.3164362519201
717	193.35380835380832	-76.8294930875576
768	233.89434889434887	-8.012288786482333
831	307.6044226044226	109.96006144393242
906	278.1203931203931	59.57603686635945
973	182.29729729729726	193.52380952380952
1042	400.970515970516	445.4439324116744
1113	404.6560196560197	694.9062980030722
1179	330.94594594594594	404.89093701996933
1248	306.37592137592134	293.062980030722
1308	405.8845208845209	269.7142857142857
1365	359.2014742014742	504.4301075268818
1426	339.54545454545456	470.02150537634407
1488	430.45454545454544	393.8310291858679
1547	372.71498771498767	472.4792626728111
1614	385.0	318.8694316436252
1681	447.65356265356263	513.0322580645162
1748	381.3144963144963	481.08141321044553
1814	365.3439803439803	501.97235023041475
1871	295.3194103194103	520.405529953917
1931	463.6240786240786	564.6451612903226
1998	568.046683046683	369.2534562211982
2057	531.1916461916462	359.4224270353303
2114	421.8550368550368	433.1551459293395
2167	370.25798525798524	574.4761904761905
2231	516.4496314496314	563.4162826420891
2299	501.70761670761664	422.09523809523813
2361	529.9631449631449	549.8986175115207
2414	493.10810810810807	637.1490015360984
2481	464.8525798525798	473.70814132104454
2535	533.6486486486485	580.6205837173579
2598	482.05159705159707	685.0752688172042
2659	529.9631449631449	605.1981566820276
2715	580.3316953316953	677.7019969278034
2781	693.3538083538083	739.1459293394777
2848	601.2162162162163	661.7265745007682
2915	470.995085995086	733.0015360983103
2981	466.08108108108104	623.63133640553
3048	615.958230958231	514.2611367127496
3116	472.22358722358723	698.5929339477726
3182	478.36609336609337	666.6420890937021
3248	464.8525798525798	678.9308755760369
3315	510.3071253071253	686.3041474654378
3366	478.36609336609337	688.7619047619048
3430	528.7346437346438	699.8218125960061
3499	515.2211302211302	637.1490015360984
3582	418.16953316953317	618.715821812596
3646	397.2850122850123	568.331797235023
3715	430.45454545454544	621.173579109063
3782	271.97788697788695	667.8709677419355
3849	426.76904176904173	584.3072196620584
3916	479.5945945945946	503.2012288786483
3982	375.17199017199016	628.5468509984639
4049	335.85995085995086	615.0291858678955
4126	265.8353808353808	460.19047619047615
4204	388.68550368550365	471.2503840245776
4268	240.036855036855	446.6728110599078
4340	187.21130221130218	594.1382488479263
4397	319.8894348894349	477.39477726574506
4473	130.7002457002457	575.705069124424
4532	301.4619164619165	546.2119815668202
4598	338.3169533169533	540.0675883256529
4657	237.57985257985257	567.1029185867897
4709	342.00245700245694	429.468509984639
4759	346.9164619164619	457.7327188940092
4807	303.9189189189189	465.1059907834101
4864	292.86240786240785	465.1059907834101
4955	149.1277641277641	488.4546850998464
5059	294.09090909090907	457.7327188940092
5110	291.6339066339066	411.0353302611367
5183	420.6265356265356	439.29953917050693
5243	450.11056511056506	562.1874039938557
5297	478.36609336609337	503.2012288786483
5365	602.4447174447174	527.778801843318
5425	658.955773955774	483.53917050691246
5499	592.6167076167076	511.80337941628267
5583	582.7886977886978	551.1274961597542
5648	522.5921375921376	611.3425499231951
5715	722.8378378378378	449.13056835637485
5782	646.6707616707616	621.173579109063
5848	654.041769041769	606.4270353302612
5916	515.2211302211302	454.0460829493088
5983	512.7641277641277	311.49615975422427
6051	463.6240786240786	224.24577572964668
6120	458.71007371007374	401.20430107526886
6182	213.00982800982797	574.4761904761905
6240	400.970515970516	514.2611367127496
6295	290.40540540540536	558.5007680491552
6344	463.6240786240786	483.53917050691246
6415	189.66830466830464	558.5007680491552
6483	252.3218673218673	624.8602150537635
6549	217.92383292383292	519.1766513056835
6615	182.29729729729726	431.92626728110605
6682	243.7223587223587	403.66205837173584
6750	150.35626535626534	404.89093701996933
6816	209.3243243243243	413.4930875576037
6883	344.4594594594594	417.17972350230417
6947	450.11056511056506	573.247311827957
7016	280.5773955773956	696.1351766513058
7084	165.0982800982801	568.331797235023
7139	295.3194103194103	450.35944700460834
7200	303.9189189189189	455.2749615975423
7265	322.3464373464373	431.92626728110605
7333	276.8918918918919	343.44700460829495
7402	210.55282555282554	461.4193548387097
7466	238.80835380835381	423.3241167434716
7532	258.46437346437347	395.0599078341014
7600	344.4594594594594	356.96466973886334
7665	155.27027027027026	542.5253456221199
7722	281.8058968058968	337.30261136712755
7783	386.2285012285012	569.5606758832565
7845	426.76904176904173	570.78955453149
7904	505.39312039312034	589.2227342549924
7965	574.1891891891892	583.0783410138249
8014	646.6707616707616	628.5468509984639
8081	542.2481572481572	538.8387096774194
8143	513.992628992629	595.3671274961597
8206	552.076167076167	524.0921658986175
8270	541.0196560196559	567.1029185867897
8336	536.1056511056511	524.0921658986175
8399	533.6486486486485	559.7296466973886
8468	462.3955773955774	532.6943164362519
8534	523.8206388206388	488.4546850998464
8607	577.8746928746929	532.6943164362519
8673	483.2800982800983	553.5852534562213
8739	459.9385749385749	586.7649769585254
8816	542.2481572481572	634.6912442396314
8877	537.3341523341522	615.0291858678955
8944	515.2211302211302	782.1566820276498
9007	542.2481572481572	747.7480798771121
9074	544.7051597051596	689.9907834101382
9134	502.9361179361179	638.3778801843318
9196	448.88206388206385	678.9308755760369
9260	586.4742014742014	698.5929339477726
9332	537.3341523341522	715.7972350230415
9396	488.19410319410315	796.9032258064517
9459	602.4447174447174	670.3287250384025
9522	531.1916461916462	691.2196620583718
9588	477.1375921375921	733.0015360983103
9674	651.5847665847666	627.3179723502304
9740	646.6707616707616	729.3149001536099
9813	620.8722358722358	768.6390168970814
9883	663.8697788697788	619.9447004608295
9938	597.5307125307125	697.3640552995392
9998	738.8083538083538	632.2334869431644
10050	582.7886977886978	656.8110599078342
10116	584.017199017199	638.3778801843318
10183	531.1916461916462	650.6666666666666
10249	513.992628992629	725.6282642089094
10315	517.6781326781327	634.6912442396314
10383	563.132678132678	642.0645161290323
10449	528.7346437346438	640.8356374807988
10516	558.2186732186732	602.7403993855607
10580	560.6756756756756	591.6804915514593
10636	479.5945945945946	629.7757296466974
10699	496.7936117936118	678.9308755760369
10768	571.7321867321867	624.8602150537635
10831	520.1351351351351	675.2442396313364
10878	404.6560196560197	581.8494623655914
10933	521.3636363636364	567.1029185867897
10984	547.1621621621622	569.5606758832565
11049	572.960687960688	602.7403993855607
11114	453.79606879606877	621.173579109063
11182	525.0491400491401	612.5714285714287
11249	575.4176904176904	611.3425499231951
11316	536.1056511056511	635.9201228878649
11383	665.09828009828	655.5821812596006
11449	644.2137592137592	562.1874039938557
11507	661.4127764127765	670.3287250384025
11572	644.2137592137592	709.652841781874
11631	736.3513513513514	660.4976958525345
11685	694.5823095823096	603.9692780337941
11750	867.8009828009829	733.0015360983103
11816	1021.3636363636363	548.6697388632873
11883	1220.3808353808354	531.4654377880184
11949	988.1941031941031	600.2826420890937
12016	1103.6732186732186	659.2688172043011
12076	1088.931203931204	696.1351766513058
12137	1198.2678132678134	621.173579109063
12200	1144.2137592137592	541.2964669738864
12264	1231.4373464373464	429.468509984639
12319	998.022113022113	579.3917050691244
12372	869.029484029484	758.8079877112135
12431	774.4348894348894	572.0184331797236
12499	538.5626535626535	622.4024577572965
12554	619.6437346437347	589.2227342549924
12616	538.5626535626535	607.6559139784947
12683	475.9090909090909	621.173579109063
12739	489.42260442260437	619.9447004608295
12799	545.9336609336609	540.0675883256529
12851	469.76658476658474	618.715821812596
12916	558.2186732186732	580.6205837173579
12977	531.1916461916462	662.9554531490015
13038	419.3980343980344	734.2304147465437
13098	431.6830466830467	655.5821812596006
13166	435.36855036855036	632.2334869431644
13228	577.8746928746929	658.0399385560676
13299	542.2481572481572	689.9907834101382
13366	469.76658476658474	752.6635944700461
13429	457.48157248157247	678.9308755760369
13478	455.02457002457004	659.2688172043011
13537	302.69041769041763	574.4761904761905
13600	119.64373464373462	590.4516129032257
13666	226.5233415233415	369.2534562211982
13720	283.034398034398	413.4930875576037
13782	322.3464373464373	305.3517665130568
13849	307.6044226044226	375.3978494623656
13908	314.97542997542996	333.615975422427
13965	281.8058968058968	391.37327188940094
14032	297.77641277641277	326.24270353302614
14098	434.1400491400491	257.4254992319508
14166	340.7739557739558	273.40092165898614
14231	319.8894348894349	139.4531490015361
14299	333.40294840294837	188.60829493087556
14362	409.57002457002454	200.89708141321046
14412	321.1179361179361	204.5837173579109
14469	258.46437346437347	197.21044546850996
14533	335.85995085995086	208.27035330261134
14593	388.68550368550365	215.64362519201228
14647	413.25552825552825	89.06912442396315
14716	332.17444717444715	122.24884792626729
14783	350.6019656019656	93.98463901689709
14849	520.1351351351351	114.87557603686636
14915	467.3095823095823	107.50230414746544
14978	292.86240786240785	214.41474654377882
15049	312.51842751842753	266.02764976958525
15117	409.57002457002454	315.18279569892474
15183	461.1670761670761	232.84792626728108
15249	326.031941031941	262.3410138248848
15333	236.35135135135133	293.062980030722
15403	269.5208845208845	302.89400921658984
15469	199.49631449631448	204.5837173579109
15524	283.034398034398	207.04147465437788
15600	213.00982800982797	316.4116743471582
15657	397.2850122850123	251.2811059907834
15733	322.3464373464373	263.5698924731183
15799	391.14250614250614	149.284178187404
15867	323.5749385749386	269.7142857142857
15925	316.2039312039312	259.8832565284178
16001	275.6633906633906	344.67588325652844
16062	314.97542997542996	252.5099846390169
16112	480.8230958230958	204.5837173579109
16176	289.17690417690415	322.5560675883257
16233	306.37592137592134	213.1858678955453
16299	455.02457002457004	211.95698924731184
16366	342.00245700245694	350.8202764976959
16415	292.86240786240785	479.852534562212
16475	322.3464373464373	504.4301075268818
16549	342.00245700245694	438.07066052227344
16617	413.25552825552825	499.5145929339478
16682	432.9115479115479	458.96159754224277
16740	435.36855036855036	488.4546850998464
16845	440.2825552825553	444.2150537634409
16972	338.3169533169533	519.1766513056835
17032	392.37100737100735	568.331797235023
17099	378.85749385749386	547.4408602150538
17165	498.02211302211305	435.61290322580646
17234	515.2211302211302	385.2288786482335
17303	528.7346437346438	467.56374807987714
17366	528.7346437346438	355.7357910906298
17435	388.68550368550365	399.97542242703537
17500	436.5970515970516	461.4193548387097
17560	458.71007371007374	377.8556067588326
17633	392.37100737100735	471.2503840245776
17699	439.054054054054	542.5253456221199
17752	115.95823095823094	583.0783410138249
17817	206.86732186732183	573.247311827957
17900	91.38820638820637	489.6835637480799
17967	139.29975429975428	484.76804915514595
18049	238.80835380835381	524.0921658986175
18124	208.09582309582308	466.33486943164365
18259	268.29238329238325	108.73118279569893
18324	252.3218673218673	111.18894009216591
18415	306.37592137592134	145.59754224270353
18483	314.97542997542996	103.81566820276498
18550	436.5970515970516	209.49923195084486
18610	257.23587223587225	264.79877112135176
18672	314.97542997542996	273.40092165898614
18737	413.25552825552825	282.00307219662056
18814	357.97297297297297	218.10138248847926
18899	197.03931203931202	234.0768049155146
18966	201.95331695331694	456.50384024577573
19032	300.23341523341526	339.76036866359453
19100	203.18181818181816	408.57757296466974
19155	329.71744471744466	279.54531490015364
19215	354.28746928746926	411.0353302611367
19273	378.85749385749386	315.18279569892474
19333	321.1179361179361	322.5560675883257
19401	308.8329238329238	345.9047619047619
19475	405.8845208845209	334.8448540706606
19546	322.3464373464373	347.1336405529954
19619	485.7371007371007	294.29185867895546
19682	467.3095823095823	387.68663594470047
19753	373.94348894348894	293.062980030722
19822	299.004914004914	353.2780337941628
19887	185.98280098280097	397.5176651305684
19941	278.1203931203931	379.0844854070661
20002	359.2014742014742	380.31336405529953
20083	511.5356265356266	334.8448540706606
20150	412.02702702702703	321.3271889400922
20210	254.77886977886976	419.6374807987711
20261	349.37346437346434	251.2811059907834
20333	472.22358722358723	342.21812596006146
20390	425.5405405405405	320.0983102918587
20448	392.37100737100735	428.2396313364056
20503	291.6339066339066	441.75729646697397
20556	297.77641277641277	370.48233486943167
20616	340.7739557739558	344.67588325652844
20674	392.37100737100735	274.6298003072197
20732	349.37346437346434	345.9047619047619
20800	369.02948402948397	370.48233486943167
20866	330.94594594594594	328.70046082949307
20933	403.4275184275184	317.6405529953917
20999	346.9164619164619	371.71121351766516
21056	385.0	337.30261136712755
21116	350.6019656019656	285.68970814132103
21183	372.71498771498767	291.8341013824885
21250	208.09582309582308	487.22580645161287
21310	606.1302211302211	275.8586789554531
21373	342.00245700245694	289.3763440860215
21423	405.8845208845209	310.2672811059908
21474	303.9189189189189	317.6405529953917
21539	269.5208845208845	450.35944700460834
21617	323.5749385749386	359.4224270353303
21684	270.74938574938574	430.6973886328725
21756	355.5159705159705	503.2012288786483
21821	386.2285012285012	485.99692780337944
21885	414.48402948402946	291.8341013824885
21955	602.4447174447174	236.53456221198158
22033	491.87960687960685	485.99692780337944
22100	639.2997542997542	449.13056835637485
22167	531.1916461916462	476.1658986175116
22233	448.88206388206385	488.4546850998464
22300	473.4520884520884	438.07066052227344
22368	526.2776412776412	365.5668202764977
22435	475.9090909090909	506.8878648233487
22495	586.4742014742014	423.3241167434716
22562	625.7862407862408	399.97542242703537
22625	568.046683046683	396.2887864823349
22691	542.2481572481572	408.57757296466974
22753	392.37100737100735	327.47158218125963
22817	483.2800982800983	278.3164362519201
22881	381.3144963144963	368.0245775729647
22942	356.7444717444717	315.18279569892474
23006	342.00245700245694	342.21812596006146
23083	296.54791154791155	347.1336405529954
23156	330.94594594594594	332.3870967741936
23236	443.968058968059	445.4439324116744
23302	407.11302211302205	279.54531490015364
23366	501.70761670761664	368.0245775729647
23433	604.90171990172	207.04147465437788
23500	452.56756756756755	283.23195084485405
23557	466.08108108108104	337.30261136712755
23617	431.6830466830467	306.5806451612903
23683	608.5872235872237	195.98156682027647
23750	482.05159705159707	261.1121351766513
23817	425.5405405405405	317.6405529953917
23883	413.25552825552825	309.0384024577573
23949	416.94103194103195	318.8694316436252
24003	431.6830466830467	268.4854070660522
24059	376.4004914004914	277.08755760368666
24116	291.6339066339066	226.70353302611366
24174	274.43488943488944	272.1720430107527
24233	287.94840294840293	306.5806451612903
24301	295.3194103194103	369.2534562211982
24356	355.5159705159705	246.36559139784944
24417	359.2014742014742	139.4531490015361
24482	385.0	43.60061443932412
24550	330.94594594594594	173.8617511520737
24633	280.5773955773956	164.03072196620582
24698	394.8280098280098	288.147465437788
24766	415.7125307125307	262.3410138248848
24828	271.97788697788695	259.8832565284178
24880	488.19410319410315	210.72811059907832
24931	602.4447174447174	225.4746543778802
24986	507.8501228501229	278.3164362519201
25049	477.1375921375921	376.6267281105991
25116	528.7346437346438	204.5837173579109
25184	486.96560196560193	263.5698924731183
25250	365.3439803439803	294.29185867895546
25379	290.40540540540536	412.2642089093702
25442	242.4938574938575	387.68663594470047
25493	208.09582309582308	348.3625192012289
25550	226.5233415233415	392.60215053763443
25617	216.69533169533167	457.7327188940092
25684	157.72727272727272	433.1551459293395
25743	97.5307125307125	311.49615975422427
25793	142.98525798525796	361.8801843317973
25846	103.67321867321866	458.96159754224277
25896	119.64373464373462	418.40860215053766
25967	115.95823095823094	485.99692780337944
26034	187.21130221130218	396.2887864823349
26093	220.38083538083535	450.35944700460834
26167	188.43980343980343	415.9508448540707
26233	221.6093366093366	420.8663594470046
26301	317.4324324324324	413.4930875576037
26358	222.8378378378378	399.97542242703537
26421	366.5724815724816	78.00921658986175
26483	310.06142506142504	192.29493087557603
26551	321.1179361179361	157.8863287250384
26619	373.94348894348894	232.84792626728108
26682	343.2309582309582	259.8832565284178
26746	269.5208845208845	219.33026113671272
26800	247.40786240786238	282.00307219662056
26867	316.2039312039312	289.3763440860215
26931	311.2899262899263	277.08755760368666
27000	297.77641277641277	301.6651305683564
27084	361.6584766584767	291.8341013824885
27153	188.43980343980343	312.72503840245776
27217	339.54545454545456	252.5099846390169
27284	321.1179361179361	309.0384024577573
27358	376.4004914004914	237.76344086021504
27428	265.8353808353808	302.89400921658984
27489	199.49631449631448	377.8556067588326
27568	291.6339066339066	372.94009216589865
27631	439.054054054054	264.79877112135176
27701	437.8255528255528	247.59447004608296
27768	389.9140049140049	361.8801843317973
27833	408.3415233415233	180.00614439324116
27900	475.9090909090909	210.72811059907832
27967	416.94103194103195	325.01382488479265
28033	435.36855036855036	305.3517665130568
28100	351.83046683046683	272.1720430107527
28184	350.6019656019656	263.5698924731183
28260	353.05896805896805	332.3870967741936
28334	407.11302211302205	316.4116743471582
28400	388.68550368550365	311.49615975422427
28466	517.6781326781327	307.8095238095238
28552	493.10810810810807	226.70353302611366
28640	550.8476658476659	156.6574500768049
28701	596.3022113022113	141.91090629800306
28767	609.8157248157248	211.95698924731184
28828	590.1597051597051	204.5837173579109
28888	563.132678132678	91.52688172043011
28950	495.56511056511056	477.39477726574506
29017	429.2260442260442	525.321044546851
29080	442.7395577395577	659.2688172043011
29132	324.8034398034398	651.8955453149002
29182	256.007371007371	596.5960061443933
29251	381.3144963144963	473.70814132104454
29319	410.79852579852576	503.2012288786483
29382	414.48402948402946	543.7542242703533
29451	356.7444717444717	552.3563748079878
29524	416.94103194103195	499.5145929339478
29593	431.6830466830467	473.70814132104454
29661	351.83046683046683	510.5745007680492
29730	452.56756756756755	563.4162826420891
29800	402.1990171990172	530.236559139785
29867	361.6584766584767	553.5852534562213
29937	295.3194103194103	558.5007680491552
30000	310.06142506142504	511.80337941628267
30068	313.74692874692875	482.310291858679
30131	343.2309582309582	516.7188940092166
30198	319.8894348894349	547.4408602150538
30267	256.007371007371	516.7188940092166
30329	303.9189189189189	522.8632872503841
30389	342.00245700245694	646.9800307219663
30457	190.8968058968059	607.6559139784947
30518	289.17690417690415	602.7403993855607
30583	340.7739557739558	489.6835637480799
30649	419.3980343980344	488.4546850998464
30710	470.995085995086	478.6236559139785
30762	479.5945945945946	503.2012288786483
30824	474.68058968058966	476.1658986175116
30883	434.1400491400491	558.5007680491552
30950	414.48402948402946	538.8387096774194
31016	451.33906633906633	531.4654377880184
31066	351.83046683046683	484.76804915514595
31125	393.5995085995086	470.02150537634407
31185	297.77641277641277	474.937019969278
31249	377.62899262899265	433.1551459293395
31309	359.2014742014742	568.331797235023
31364	413.25552825552825	554.8141321044546
31419	405.8845208845209	560.9585253456221
31483	419.3980343980344	623.63133640553
31533	414.48402948402946	468.7926267281107
31600	386.2285012285012	576.9339477726575
31667	455.02457002457004	541.2964669738864
31729	488.19410319410315	439.29953917050693
31785	443.968058968059	554.8141321044546
31833	442.7395577395577	568.331797235023
31900	474.68058968058966	424.55299539170505
31961	447.65356265356263	517.9477726574502
32026	484.5085995085995	587.9938556067589
32100	364.1154791154791	573.247311827957
32167	470.995085995086	456.50384024577573
32227	482.05159705159707	596.5960061443933
32290	442.7395577395577	483.53917050691246
32350	448.88206388206385	472.4792626728111
32417	342.00245700245694	506.8878648233487
32479	278.1203931203931	500.74347158218126
32527	409.57002457002454	424.55299539170505
32600	326.031941031941	505.6589861751152
32658	408.3415233415233	479.852534562212
32719	464.8525798525798	535.1520737327189
32784	350.6019656019656	458.96159754224277
32839	361.6584766584767	463.87711213517673
32897	333.40294840294837	493.3701996927804
32967	408.3415233415233	482.310291858679
33033	466.08108108108104	554.8141321044546
33099	396.056511056511	519.1766513056835
33167	475.9090909090909	557.2718894009217
33232	574.1891891891892	583.0783410138249
33287	412.02702702702703	602.7403993855607
33351	470.995085995086	552.3563748079878
33417	397.2850122850123	505.6589861751152
33522	472.22358722358723	511.80337941628267
33651	366.5724815724816	557.2718894009217
33718	436.5970515970516	478.6236559139785
33773	478.36609336609337	450.35944700460834
33831	512.7641277641277	509.34562211981574
33901	500.4791154791155	529.0076804915515
33989	488.19410319410315	412.2642089093702
34060	333.40294840294837	581.8494623655914
34134	545.9336609336609	514.2611367127496
34217	536.1056511056511	579.3917050691244
34275	518.9066339066339	526.5499231950845
34331	566.8181818181818	579.3917050691244
34401	596.3022113022113	498.28571428571433
34467	612.2727272727273	661.7265745007682
34533	541.0196560196559	596.5960061443933
34601	499.2506142506142	526.5499231950845
34663	305.1474201474201	605.1981566820276
34723	303.9189189189189	591.6804915514593
34784	414.48402948402946	662.9554531490015
34850	357.97297297297297	548.6697388632873
34904	461.1670761670761	501.97235023041475
34967	404.6560196560197	585.5360983102919
35030	511.5356265356266	544.9831029185868
35099	575.4176904176904	547.4408602150538
35161	595.07371007371	536.3809523809524
35218	561.9041769041769	509.34562211981574
35273	548.3906633906633	501.97235023041475
35333	418.16953316953317	574.4761904761905
35394	385.0	413.4930875576037
35455	392.37100737100735	447.9016897081413
35517	393.5995085995086	385.2288786482335
35583	418.16953316953317	527.778801843318
35652	424.3120393120393	548.6697388632873
35717	420.6265356265356	478.6236559139785
35784	400.970515970516	595.3671274961597
35851	383.7714987714987	414.72196620583725
35911	311.2899262899263	462.6482334869432
35962	375.17199017199016	591.6804915514593
36022	443.968058968059	552.3563748079878
36081	285.4914004914005	579.3917050691244
36132	267.06388206388203	462.6482334869432
36200	283.034398034398	471.2503840245776
36266	230.2088452088452	552.3563748079878
36341	308.8329238329238	594.1382488479263
36406	377.62899262899265	565.874039938556
36472	408.3415233415233	531.4654377880184
36537	330.94594594594594	520.405529953917
36610	249.86486486486484	559.7296466973886
36679	408.3415233415233	470.02150537634407
36740	372.71498771498767	417.17972350230417
36805	333.40294840294837	445.4439324116744
36862	393.5995085995086	470.02150537634407
36920	373.94348894348894	538.8387096774194
36984	348.1449631449631	540.0675883256529
37043	477.1375921375921	506.8878648233487
37118	416.94103194103195	505.6589861751152
37183	405.8845208845209	446.6728110599078
37252	425.5405405405405	493.3701996927804
37310	545.9336609336609	377.8556067588326
37363	273.2063882063882	548.6697388632873
37417	289.17690417690415	466.33486943164365
37484	319.8894348894349	134.53763440860214
37543	357.97297297297297	55.889400921658996
37597	431.6830466830467	96.44239631336407
37659	440.2825552825553	86.61136712749617
37717	323.5749385749386	117.33333333333333
37770	346.9164619164619	91.52688172043011
37828	308.8329238329238	132.0798771121352
37887	377.62899262899265	59.57603686635945
37950	307.6044226044226	114.87557603686636
38006	233.89434889434887	186.15053763440858
38083	162.6412776412776	441.75729646697397
38151	340.7739557739558	436.84178187404
38218	285.4914004914005	498.28571428571433
38284	404.6560196560197	526.5499231950845
38351	405.8845208845209	444.2150537634409
38418	367.80098280098275	500.74347158218126
38484	391.14250614250614	505.6589861751152
38540	324.8034398034398	519.1766513056835
38600	306.37592137592134	520.405529953917
38667	409.57002457002454	484.76804915514595
38731	334.63144963144964	442.98617511520735
38802	378.85749385749386	488.4546850998464
38868	413.25552825552825	376.6267281105991
38933	452.56756756756755	348.3625192012289
38999	403.4275184275184	404.89093701996933
39068	381.3144963144963	552.3563748079878
39133	409.57002457002454	411.0353302611367
39190	644.2137592137592	306.5806451612903
39251	586.4742014742014	412.2642089093702
39318	662.6412776412777	514.2611367127496
39374	617.1867321867321	741.6036866359448
39435	386.2285012285012	666.6420890937021
39500	436.5970515970516	585.5360983102919
39569	361.6584766584767	617.4869431643625
39634	415.7125307125307	626.089093701997
39700	436.5970515970516	519.1766513056835
39768	531.1916461916462	559.7296466973886
39829	486.96560196560193	355.7357910906298
39901	538.5626535626535	166.4884792626728
39971	688.4398034398034	565.874039938556
40029	510.3071253071253	893.9846390168971
40101	459.9385749385749	887.8402457757296
40166	398.5135135135135	725.6282642089094
40224	521.3636363636364	650.6666666666666
40285	453.79606879606877	666.6420890937021
40342	561.9041769041769	667.8709677419355
40400	442.7395577395577	511.80337941628267
40459	413.25552825552825	619.9447004608295
40508	453.79606879606877	558.5007680491552
40567	537.3341523341522	477.39477726574506
40635	480.8230958230958	466.33486943164365
40699	437.8255528255528	417.17972350230417
40767	316.2039312039312	479.852534562212
40833	334.63144963144964	418.40860215053766
40890	334.63144963144964	413.4930875576037
40952	342.00245700245694	232.84792626728108
41009	452.56756756756755	192.29493087557603
41086	364.1154791154791	116.10445468509984
41151	378.85749385749386	240.22119815668202
41219	346.9164619164619	247.59447004608296
41285	206.86732186732183	279.54531490015364
41353	82.78869778869777	527.778801843318
41419	224.06633906633905	506.8878648233487
41486	326.031941031941	449.13056835637485
41542	345.68796068796064	446.6728110599078
41599	285.4914004914005	546.2119815668202
41698	236.35135135135133	476.1658986175116
41802	327.2604422604423	476.1658986175116
41863	345.68796068796064	478.6236559139785
41934	462.3955773955774	403.66205837173584
41999	529.9631449631449	391.37327188940094
42077	518.9066339066339	513.0322580645162
42145	405.8845208845209	499.5145929339478
42217	485.7371007371007	484.76804915514595
42293	459.9385749385749	470.02150537634407
42368	502.9361179361179	431.92626728110605
42452	526.2776412776412	428.2396313364056
42518	501.70761670761664	567.1029185867897
42579	470.995085995086	503.2012288786483
42642	443.968058968059	485.99692780337944
42705	267.06388206388203	559.7296466973886
42769	402.1990171990172	511.80337941628267
42852	472.22358722358723	540.0675883256529
42911	521.3636363636364	595.3671274961597
42985	522.5921375921376	522.8632872503841
43052	421.8550368550368	619.9447004608295
43119	448.88206388206385	526.5499231950845
43199	421.8550368550368	515.4900153609831
43263	375.17199017199016	456.50384024577573
43325	452.56756756756755	522.8632872503841
43382	321.1179361179361	414.72196620583725
43441	382.5429975429975	307.8095238095238
43502	375.17199017199016	280.7741935483871
43562	371.48648648648646	300.43625192012286
43619	274.43488943488944	310.2672811059908
43685	246.17936117936114	388.91551459293396
43752	441.5110565110565	258.6543778801843
43817	324.8034398034398	272.1720430107527
43880	474.68058968058966	240.22119815668202
43947	523.8206388206388	194.752688172043
44011	522.5921375921376	205.81259600614436
44085	500.4791154791155	203.35483870967738
44152	423.08353808353803	177.54838709677418
44212	392.37100737100735	168.94623655913975
44281	525.0491400491401	65.72043010752688
44352	523.8206388206388	85.38248847926268
44413	364.1154791154791	44.82949308755761
44485	365.3439803439803	-35.04761904761905
44545	419.3980343980344	63.262672811059915
44617	416.94103194103195	114.87557603686636
44686	483.2800982800983	41.142857142857146
44751	561.9041769041769	-12.927803379416284
44813	502.9361179361179	76.78033794162828
44878	367.80098280098275	221.7880184331797
44941	430.45454545454544	93.98463901689709
45018	534.8771498771498	-20.301075268817204
45078	490.65110565110564	100.12903225806453
45148	613.5012285012284	48.51612903225807
45211	505.39312039312034	-3.0967741935483866
45284	470.995085995086	112.4178187403994
45349	477.1375921375921	54.66052227342551
45413	588.9312039312039	-11.698924731182796
45478	527.5061425061425	-55.938556067588316
45545	550.8476658476659	-42.42089093701997
45618	548.3906633906633	4.276497695852536
45678	613.5012285012284	52.20276497695853
45742	531.1916461916462	-38.73425499231951
45819	534.8771498771498	-81.74500768049154
45883	529.9631449631449	21.48079877112135
45944	367.80098280098275	365.5668202764977
46019	227.75184275184273	510.5745007680492
46078	385.0	440.5284178187404
46152	362.8869778869779	444.2150537634409
46211	276.8918918918919	559.7296466973886
46267	267.06388206388203	565.874039938556
46335	385.0	433.1551459293395
46396	443.968058968059	358.19354838709677
46448	285.4914004914005	441.75729646697397
46508	407.11302211302205	424.55299539170505
46585	500.4791154791155	384.00000000000006
46652	188.43980343980343	454.0460829493088
46718	537.3341523341522	75.55145929339479
46778	474.68058968058966	129.6221198156682
46852	447.65356265356263	98.90015360983104
46918	515.2211302211302	-43.64976958525345
46975	526.2776412776412	48.51612903225807
47034	493.10810810810807	251.2811059907834
47102	369.02948402948397	455.2749615975423
47153	407.11302211302205	438.07066052227344
47219	472.22358722358723	473.70814132104454
47285	568.046683046683	428.2396313364056
47352	383.7714987714987	427.0107526881721
47418	479.5945945945946	409.8064516129033
47485	512.7641277641277	458.96159754224277
47549	399.7420147420147	478.6236559139785
47603	322.3464373464373	490.9124423963134
47669	306.37592137592134	441.75729646697397
47734	259.6928746928747	461.4193548387097
47802	494.33660933660934	454.0460829493088
47861	342.00245700245694	506.8878648233487
47913	580.3316953316953	388.91551459293396
47986	450.11056511056506	411.0353302611367
48044	381.3144963144963	456.50384024577573
48109	312.51842751842753	286.9185867895545
48165	630.7002457002457	218.10138248847926
48229	529.9631449631449	159.11520737327186
48321	595.07371007371	33.76958525345622
48389	473.4520884520884	50.97388632872505
48461	564.3611793611793	-43.64976958525345
48552	688.4398034398034	-46.107526881720425
48621	592.6167076167076	6.734254992319509
48685	478.36609336609337	76.78033794162828
48756	405.8845208845209	160.34408602150535
48823	459.9385749385749	164.03072196620582
48898	365.3439803439803	209.49923195084486
48972	541.0196560196559	73.0937019969278
49034	592.6167076167076	-14.156682027649769
49101	553.3046683046683	37.45622119815668
49168	475.9090909090909	106.27342549923196
49234	484.5085995085995	14.10752688172043
49301	612.2727272727273	12.878648233486945
49358	630.7002457002457	48.51612903225807
49415	404.6560196560197	49.745007680491554
49475	446.4250614250614	-137.04454685099844
49534	504.1646191646192	-15.385560675883255
49589	491.87960687960685	329.9293394777266
49650	531.1916461916462	503.2012288786483
49710	647.8992628992629	543.7542242703533
49769	790.4054054054054	756.3502304147466
49817	744.9508599508599	753.8924731182796
49878	674.9262899262899	637.1490015360984
49935	708.0958230958231	482.310291858679
49982	645.4422604422604	455.2749615975423
50040	553.3046683046683	481.08141321044553
50119	516.4496314496314	499.5145929339478
50185	537.3341523341522	458.96159754224277
50251	541.0196560196559	498.28571428571433
50317	496.7936117936118	510.5745007680492
50374	491.87960687960685	612.5714285714287
50425	462.3955773955774	484.76804915514595
50486	579.1031941031941	489.6835637480799
50552	517.6781326781327	457.7327188940092
50618	380.0859950859951	447.9016897081413
50685	615.958230958231	327.47158218125963
50751	572.960687960688	74.3225806451613
50806	635.6142506142506	-0.6390168970814127
50868	549.6191646191646	338.531490015361
50917	468.5380835380835	348.3625192012289
50985	410.79852579852576	449.13056835637485
51052	441.5110565110565	371.71121351766516
51118	404.6560196560197	415.9508448540707
51184	295.3194103194103	455.2749615975423
51231	236.35135135135133	504.4301075268818
51302	435.36855036855036	479.852534562212
51367	356.7444717444717	472.4792626728111
51417	361.6584766584767	455.2749615975423
51485	413.25552825552825	447.9016897081413
51551	355.5159705159705	345.9047619047619
51616	447.65356265356263	85.38248847926268
51676	426.76904176904173	157.8863287250384
51734	539.7911547911548	150.51305683563749
51801	708.0958230958231	65.72043010752688
51870	436.5970515970516	193.52380952380952
51920	498.02211302211305	5.505376344086022
52072	380.0859950859951	484.76804915514595
52152	400.970515970516	425.78187403993854
52217	478.36609336609337	494.59907834101386
52278	409.57002457002454	477.39477726574506
52337	483.2800982800983	414.72196620583725
52401	361.6584766584767	446.6728110599078
52469	415.7125307125307	452.81720430107526
52535	432.9115479115479	423.3241167434716
52602	397.2850122850123	500.74347158218126
52657	622.1007371007371	386.457757296467
52718	443.968058968059	524.0921658986175
52786	522.5921375921376	337.30261136712755
52851	491.87960687960685	428.2396313364056
52911	200.7248157248157	581.8494623655914
52970	209.3243243243243	554.8141321044546
53036	316.2039312039312	554.8141321044546
53100	527.5061425061425	371.71121351766516
53168	463.6240786240786	408.57757296466974
53235	478.36609336609337	409.8064516129033
53301	534.8771498771498	210.72811059907832
53368	543.4766584766585	353.2780337941628
53435	452.56756756756755	444.2150537634409
53483	447.65356265356263	404.89093701996933
53544	488.19410319410315	300.43625192012286
53609	412.02702702702703	310.2672811059908
53667	324.8034398034398	343.44700460829495
53736	271.97788697788695	288.147465437788
53802	291.6339066339066	427.0107526881721
53861	276.8918918918919	390.14439324116745
53935	321.1179361179361	540.0675883256529
54002	335.85995085995086	461.4193548387097
54060	355.5159705159705	236.53456221198158
54118	346.9164619164619	398.7465437788019
54184	249.86486486486484	398.7465437788019
54252	437.8255528255528	408.57757296466974
54318	391.14250614250614	288.147465437788
54372	521.3636363636364	258.6543778801843
54426	570.5036855036855	294.29185867895546
54482	388.68550368550365	372.94009216589865
54542	343.2309582309582	313.95391705069125
54618	332.17444717444715	441.75729646697397
54685	429.2260442260442	417.17972350230417
54748	410.79852579852576	224.24577572964668
54812	532.4201474201474	207.04147465437788
54871	474.68058968058966	160.34408602150535
54935	425.5405405405405	227.93241167434712
55002	200.7248157248157	366.7956989247312
55068	303.9189189189189	504.4301075268818
55136	452.56756756756755	326.24270353302614
55189	350.6019656019656	363.1090629800307
55251	661.4127764127765	189.83717357910905
55324	480.8230958230958	312.72503840245776
55383	415.7125307125307	343.44700460829495
55452	131.9287469287469	451.5883256528418
55523	292.86240786240785	356.96466973886334
55591	466.08108108108104	223.01689708141322
55648	387.45700245700243	370.48233486943167
55706	506.6216216216216	225.4746543778802
55769	36.105651105651084	476.1658986175116
55825	114.72972972972971	404.89093701996933
55884	297.77641277641277	157.8863287250384
55941	310.06142506142504	360.65130568356375
56001	498.02211302211305	180.00614439324116
56068	431.6830466830467	321.3271889400922
56135	425.5405405405405	455.2749615975423
56201	329.71744471744466	470.02150537634407
56268	656.4987714987715	483.53917050691246
56336	176.15479115479113	268.4854070660522
56403	157.72727272727272	356.96466973886334
56470	441.5110565110565	156.6574500768049
56535	334.63144963144964	182.4639016897081
56602	412.02702702702703	128.39324116743472
56668	371.48648648648646	252.5099846390169
56735	448.88206388206385	189.83717357910905
56791	597.5307125307125	269.7142857142857
56853	365.3439803439803	412.2642089093702
56928	412.02702702702703	358.19354838709677
57001	512.7641277641277	866.9493087557603
57069	464.8525798525798	655.5821812596006
57136	278.1203931203931	478.6236559139785
57203	181.06879606879605	500.74347158218126
57269	409.57002457002454	508.1167434715822
57338	584.017199017199	412.2642089093702
57402	539.7911547911548	499.5145929339478
57470	520.1351351351351	340.98924731182797
57548	400.970515970516	564.6451612903226
57632	566.8181818181818	474.937019969278
57702	461.1670761670761	581.8494623655914
57769	477.1375921375921	484.76804915514595
57837	585.2457002457002	541.2964669738864
57912	522.5921375921376	511.80337941628267
57976	488.19410319410315	418.40860215053766
58039	527.5061425061425	477.39477726574506
58111	516.4496314496314	479.852534562212
58187	442.7395577395577	597.8248847926268
58270	543.4766584766585	542.5253456221199
58325	548.3906633906633	504.4301075268818
58395	620.8722358722358	506.8878648233487
58460	634.3857493857494	530.236559139785
58529	580.3316953316953	564.6451612903226
58595	565.5896805896806	467.56374807987714
58671	463.6240786240786	338.531490015361
58741	536.1056511056511	202.12596006144392
58811	443.968058968059	96.44239631336407
58870	392.37100737100735	-49.79416282642089
58933	556.990171990172	74.3225806451613
58997	515.2211302211302	-23.987711213517667
59064	544.7051597051596	-20.301075268817204
59126	516.4496314496314	-44.87864823348694
59183	424.3120393120393	-22.75883256528418
59234	446.4250614250614	-23.987711213517667
59290	434.1400491400491	-144.41781874039938
59352	443.968058968059	-26.445468509984636
59418	638.071253071253	-82.97388632872503
59468	636.8427518427519	-62.08294930875575
59536	499.2506142506142	6.734254992319509
59602	529.9631449631449	-39.96313364055299
59668	547.1621621621622	-15.385560675883255
59729	463.6240786240786	-96.49155145929339
59794	448.88206388206385	-62.08294930875575
59859	461.1670761670761	50.97388632872505
59921	490.65110565110564	355.7357910906298
59985	436.5970515970516	425.78187403993854
60044	500.4791154791155	455.2749615975423
60109	541.0196560196559	493.3701996927804
60178	458.71007371007374	530.236559139785
60260	440.2825552825553	554.8141321044546
60326	482.05159705159707	540.0675883256529
60394	542.2481572481572	457.7327188940092
60461	498.02211302211305	363.1090629800307
60529	426.76904176904173	483.53917050691246
60699	328.48894348894345	358.19354838709677
60772	378.85749385749386	368.0245775729647
60836	409.57002457002454	283.23195084485405
60902	370.25798525798524	144.36866359447004
60969	496.7936117936118	55.889400921658996
61036	483.2800982800983	-73.14285714285714
61098	490.65110565110564	-28.90322580645161
61153	450.11056511056506	-54.70967741935483
61219	571.7321867321867	-37.505376344086024
61287	483.2800982800983	55.889400921658996
61353	620.8722358722358	-26.445468509984636
61418	469.76658476658474	50.97388632872505
61485	346.9164619164619	422.09523809523813
61568	429.2260442260442	414.72196620583725
61636	459.9385749385749	317.6405529953917
61702	420.6265356265356	457.7327188940092
61770	458.71007371007374	337.30261136712755
61827	399.7420147420147	402.4331797235023
61893	513.992628992629	364.3379416282643
61969	429.2260442260442	374.16897081413214
62037	440.2825552825553	328.70046082949307
62102	430.45454545454544	384.00000000000006
62164	565.5896805896806	352.0491551459294
62231	584.017199017199	419.6374807987711
62295	538.5626535626535	438.07066052227344
62363	661.4127764127765	396.2887864823349
62436	602.4447174447174	414.72196620583725
62498	611.044226044226	325.01382488479265
62560	554.5331695331696	275.8586789554531
62620	674.9262899262899	90.29800307219664
62685	704.4103194103194	-42.42089093701997
62753	591.3882063882063	-111.23809523809523
62819	553.3046683046683	-166.53763440860217
62885	627.014742014742	-148.10445468509985
62952	504.1646191646192	-151.7910906298003
63018	593.8452088452088	-128.44239631336404
63085	569.2751842751843	-184.97081413210446
63151	500.4791154791155	-160.39324116743472
63219	526.2776412776412	-75.6006144393241
63286	627.014742014742	-193.57296466973887
63352	485.7371007371007	-146.87557603686636
63405	564.3611793611793	-161.6221198156682
63470	674.9262899262899	-203.40399385560679
63529	668.7837837837837	-132.1290322580645
63603	706.8673218673218	119.79109062980031
63669	547.1621621621622	385.2288786482335
63736	544.7051597051596	369.2534562211982
63798	620.8722358722358	355.7357910906298
63858	513.992628992629	356.96466973886334
63922	636.8427518427519	381.5422427035331
63978	655.2702702702703	312.72503840245776
64033	398.5135135135135	237.76344086021504
64103	373.94348894348894	358.19354838709677
64169	478.36609336609337	390.14439324116745
64236	529.9631449631449	263.5698924731183
64303	344.4594594594594	339.76036866359453
64360	328.48894348894345	382.7711213517665
64419	437.8255528255528	336.073732718894
64470	405.8845208845209	343.44700460829495
64525	537.3341523341522	318.8694316436252
64588	512.7641277641277	262.3410138248848
64653	462.3955773955774	386.457757296467
64720	396.056511056511	375.3978494623656
64785	480.8230958230958	323.78494623655916
64833	473.4520884520884	284.46082949308754
64890	319.8894348894349	340.98924731182797
64952	435.36855036855036	359.4224270353303
65019	478.36609336609337	316.4116743471582
65103	359.2014742014742	345.9047619047619
65170	423.08353808353803	325.01382488479265
65236	500.4791154791155	340.98924731182797
65303	587.7027027027026	272.1720430107527
65369	499.2506142506142	336.073732718894
65426	537.3341523341522	339.76036866359453
65479	577.8746928746929	356.96466973886334
65529	413.25552825552825	388.91551459293396
65603	505.39312039312034	344.67588325652844
65670	522.5921375921376	342.21812596006146
65730	430.45454545454544	317.6405529953917
65787	496.7936117936118	283.23195084485405
65853	531.1916461916462	90.29800307219664
65914	555.7616707616708	19.023041474654377
65967	496.7936117936118	-68.2273425499232
66036	529.9631449631449	-105.0937019969278
66104	595.07371007371	-124.75576036866359
66169	484.5085995085995	-96.49155145929339
66235	581.5601965601966	-151.7910906298003
66302	586.4742014742014	21.48079877112135
66360	526.2776412776412	315.18279569892474
66418	361.6584766584767	355.7357910906298
66485	386.2285012285012	412.2642089093702
66548	547.1621621621622	353.2780337941628
66598	414.48402948402946	422.09523809523813
66658	474.68058968058966	377.8556067588326
66719	440.2825552825553	377.8556067588326
66787	502.9361179361179	328.70046082949307
66848	548.3906633906633	348.3625192012289
66901	543.4766584766585	414.72196620583725
66970	604.90171990172	360.65130568356375
67030	409.57002457002454	431.92626728110605
67107	392.37100737100735	442.98617511520735
67171	458.71007371007374	223.01689708141322
67237	432.9115479115479	140.6820276497696
67304	505.39312039312034	82.92473118279571
67370	427.997542997543	57.11827956989248
67437	500.4791154791155	39.913978494623656
67502	544.7051597051596	-0.6390168970814127
67576	566.8181818181818	-42.42089093701997
67641	556.990171990172	171.40399385560673
67694	671.2407862407862	286.9185867895545
67748	355.5159705159705	506.8878648233487
67819	587.7027027027026	307.8095238095238
67879	587.7027027027026	660.4976958525345
67930	773.2063882063882	616.258064516129
68003	840.7739557739558	530.236559139785
68086	620.8722358722358	434.384024577573
68148	608.5872235872237	558.5007680491552
68208	577.8746928746929	488.4546850998464
68275	522.5921375921376	498.28571428571433
68343	622.1007371007371	511.80337941628267
68410	575.4176904176904	457.7327188940092
68477	364.1154791154791	568.331797235023
68549	504.1646191646192	536.3809523809524
68622	389.9140049140049	556.0430107526881
68693	448.88206388206385	467.56374807987714
68767	558.2186732186732	488.4546850998464
68833	505.39312039312034	418.40860215053766
68900	564.3611793611793	463.87711213517673
68968	518.9066339066339	531.4654377880184
69162	485.7371007371007	562.1874039938557
69218	561.9041769041769	537.6098310291859
69287	561.9041769041769	420.8663594470046
69347	429.2260442260442	467.56374807987714
69420	475.9090909090909	273.40092165898614
69487	548.3906633906633	103.81566820276498
69569	446.4250614250614	125.93548387096776
69634	455.02457002457004	140.6820276497696
69720	527.5061425061425	177.54838709677418
69793	520.1351351351351	216.87250384024574
69853	580.3316953316953	198.43932411674345
69920	423.08353808353803	156.6574500768049
69991	447.65356265356263	111.18894009216591
70058	554.5331695331696	151.74193548387098
70131	440.2825552825553	93.98463901689709
70203	615.958230958231	10.42089093701997
70271	544.7051597051596	103.81566820276498
70335	547.1621621621622	127.16436251920122
70419	310.06142506142504	231.61904761904762
70484	461.1670761670761	62.033794162826425
70554	545.9336609336609	132.0798771121352
70622	732.6658476658477	36.2273425499232
70685	660.1842751842752	82.92473118279571
70753	642.9852579852579	263.5698924731183
70821	839.5454545454545	38.68509984639017
70885	801.4619164619164	-38.73425499231951
70953	693.3538083538083	-70.68509984639016
71020	780.5773955773956	-44.87864823348694
71090	668.7837837837837	101.357910906298
71161	581.5601965601966	245.13671274961598
71231	857.9729729729729	-57.167434715821805
71298	747.4078624078624	-17.84331797235023
71370	614.7297297297297	106.27342549923196
71436	618.4152334152334	349.5913978494624
71506	624.5577395577395	390.14439324116745
71569	602.4447174447174	332.3870967741936
71636	559.4471744471743	361.8801843317973
71704	510.3071253071253	274.6298003072197
71769	796.5479115479114	354.50691244239636
71825	654.041769041769	345.9047619047619
71887	697.039312039312	64.49155145929339
71953	778.120393120393	31.311827956989248
72019	830.9459459459459	159.11520737327186
72087	887.4570024570024	-12.927803379416284
72153	867.8009828009829	-32.58986175115207
72221	883.7714987714987	-103.86482334869432
72286	827.2604422604422	-100.17818740399385
72345	910.7985257985258	-8.012288786482333
72402	743.7223587223586	166.4884792626728
72463	681.068796068796	139.4531490015361
72519	845.6879606879608	-62.08294930875575
72587	569.2751842751843	-22.75883256528418
72653	516.4496314496314	159.11520737327186
72701	319.8894348894349	457.7327188940092
72771	499.2506142506142	359.4224270353303
72836	629.4717444717445	418.40860215053766
72904	625.7862407862408	251.2811059907834
72970	833.4029484029484	143.13978494623655
73030	828.4889434889434	-35.04761904761905
73103	822.3464373464373	-66.9984639016897
73170	806.3759213759214	-161.6221198156682
73230	779.3488943488943	-35.04761904761905
73287	725.2948402948402	16.565284178187405
73353	733.8943488943489	7.9631336405529956
73411	887.4570024570024	-66.9984639016897
73466	775.6633906633906	12.878648233486945
73531	752.3218673218673	34.99846390168971
73596	741.2653562653563	-9.241167434715821
73657	735.1228501228501	70.63594470046084
73722	714.2383292383292	-112.46697388632872
73787	849.3734643734643	-173.91090629800308
73846	685.982800982801	70.63594470046084
73905	710.5528255528255	-21.52995391705069
73970	710.5528255528255	-68.2273425499232
74034	706.8673218673218	12.878648233486945
74102	609.8157248157248	41.142857142857146
74170	558.2186732186732	68.17818740399386
74236	490.65110565110564	63.262672811059915
74293	638.071253071253	85.38248847926268
74353	547.1621621621622	93.98463901689709
74409	689.6683046683047	-129.67127496159753
74470	636.8427518427519	43.60061443932412
74536	565.5896805896806	-102.63594470046083
74599	617.1867321867321	-90.34715821812595
74660	591.3882063882063	-160.39324116743472
74737	624.5577395577395	-23.987711213517667
74820	735.1228501228501	-8.012288786482333
74886	720.3808353808354	70.63594470046084
74953	677.3832923832923	9.192012288786483
75020	641.7567567567567	58.34715821812596
75086	670.012285012285	4.276497695852536
75153	597.5307125307125	119.79109062980031
75219	584.017199017199	-1.8678955453148995
75286	661.4127764127765	124.70660522273427
75353	688.4398034398034	21.48079877112135
75414	773.2063882063882	-171.45314900153613
75477	791.6339066339067	-86.6605222734255
75541	731.4373464373464	-143.1889400921659
75615	640.5282555282555	105.04454685099847
75673	774.4348894348894	-123.5268817204301
75743	738.8083538083538	-173.91090629800308
75810	687.2113022113023	-117.38248847926268
75876	808.8329238329238	-105.0937019969278
75943	674.9262899262899	16.565284178187405
76008	751.0933660933661	-62.08294930875575
76080	713.0098280098281	109.96006144393242
76141	676.1547911547912	173.8617511520737
76208	733.8943488943489	20.251920122887864
76277	764.6068796068796	3.0476190476190483
76342	719.1523341523341	-74.37173579109061
76411	727.7518427518427	-54.70967741935483
76487	638.071253071253	-95.2626728110599
76553	617.1867321867321	-141.9600614439324
76620	440.2825552825553	-62.08294930875575
76679	373.94348894348894	-277.136712749616
76734	479.5945945945946	-231.66820276497697
76791	522.5921375921376	-223.06605222734257
76842	537.3341523341522	-215.69278033794163
76902	529.9631449631449	-202.17511520737327
76970	590.1597051597051	-234.12596006144395
77037	545.9336609336609	-128.44239631336404
77104	640.5282555282555	-189.88632872503842
77170	554.5331695331696	39.913978494623656
77237	633.1572481572482	-167.76651305683566
77304	677.3832923832923	-164.0798771121352
77369	484.5085995085995	-15.385560675883255
77419	613.5012285012284	-19.072196620583718
77547	733.8943488943489	95.21351766513058
77625	722.8378378378378	231.61904761904762
77694	727.7518427518427	52.20276497695853
77777	867.8009828009829	108.73118279569893
77852	775.6633906633906	139.4531490015361
77929	725.2948402948402	-46.107526881720425
78020	500.4791154791155	458.96159754224277
78104	393.5995085995086	520.405529953917
78176	668.7837837837837	423.3241167434716
78237	536.1056511056511	440.5284178187404
78322	590.1597051597051	328.70046082949307
78382	360.4299754299754	514.2611367127496
78454	491.87960687960685	477.39477726574506
78511	685.982800982801	434.384024577573
78586	672.4692874692875	407.34869431643625
78656	463.6240786240786	348.3625192012289
78722	580.3316953316953	348.3625192012289
78783	568.046683046683	342.21812596006146
78847	661.4127764127765	254.96774193548384
78915	564.3611793611793	122.24884792626729
78979	671.2407862407862	278.3164362519201
79063	692.125307125307	122.24884792626729
79133	693.3538083538083	387.68663594470047
79206	556.990171990172	401.20430107526886
79270	434.1400491400491	438.07066052227344
79343	450.11056511056506	399.97542242703537
79414	485.7371007371007	411.0353302611367
79478	574.1891891891892	396.2887864823349
79554	593.8452088452088	376.6267281105991
79629	650.3562653562653	391.37327188940094
79682	891.1425061425061	156.6574500768049
79754	845.6879606879608	90.29800307219664
79830	697.039312039312	183.6927803379416
79897	909.5700245700245	85.38248847926268
79963	818.6609336609337	21.48079877112135
80027	715.4668304668305	14.10752688172043
80100	698.2678132678133	107.50230414746544
80173	765.8353808353809	175.0906298003072
80249	803.9189189189188	180.00614439324116
80309	751.0933660933661	197.21044546850996
80364	742.4938574938575	52.20276497695853
80419	623.3292383292384	227.93241167434712
80479	698.2678132678133	193.52380952380952
80541	768.2923832923833	191.06605222734254
80620	705.6388206388207	186.15053763440858
80684	730.2088452088452	70.63594470046084
80755	706.8673218673218	170.17511520737324
80819	740.0368550368551	306.5806451612903
80888	646.6707616707616	231.61904761904762
80958	595.07371007371	302.89400921658984
81030	633.1572481572482	417.17972350230417
81102	677.3832923832923	401.20430107526886
81182	710.5528255528255	368.0245775729647
81251	754.7788697788698	297.9784946236559
81310	613.5012285012284	408.57757296466974
81379	622.1007371007371	354.50691244239636
81448	549.6191646191646	350.8202764976959
81513	500.4791154791155	388.91551459293396
81578	496.7936117936118	323.78494623655916
81643	584.017199017199	344.67588325652844
81702	512.7641277641277	352.0491551459294
81750	579.1031941031941	382.7711213517665
81821	592.6167076167076	401.20430107526886
81879	452.56756756756755	415.9508448540707
81954	705.6388206388207	414.72196620583725
82018	507.8501228501229	296.74961597542244
82094	677.3832923832923	199.66820276497694
82155	456.25307125307125	248.82334869431642
82220	520.1351351351351	193.52380952380952
82285	419.3980343980344	413.4930875576037
82347	382.5429975429975	393.8310291858679
82414	611.044226044226	331.15821812596005
82478	520.1351351351351	384.00000000000006
82543	491.87960687960685	379.0844854070661
82620	440.2825552825553	325.01382488479265
82688	475.9090909090909	431.92626728110605
82754	464.8525798525798	408.57757296466974
82820	356.7444717444717	462.6482334869432
82888	498.02211302211305	247.59447004608296
82955	489.42260442260437	235.30568356374806
83012	576.6461916461916	301.6651305683564
83074	609.8157248157248	155.42857142857142
83131	434.1400491400491	342.21812596006146
83184	482.05159705159707	225.4746543778802
83235	521.3636363636364	173.8617511520737
83304	399.7420147420147	213.1858678955453
83370	455.02457002457004	234.0768049155146
83454	462.3955773955774	43.60061443932412
83519	344.4594594594594	197.21044546850996
83587	457.48157248157247	157.8863287250384
83653	489.42260442260437	189.83717357910905
83717	531.1916461916462	166.4884792626728
83787	618.4152334152334	176.3195084485407
83854	590.1597051597051	161.57296466973884
83920	565.5896805896806	181.23502304147465
83985	604.90171990172	118.56221198156682
84049	407.11302211302205	263.5698924731183
84117	518.9066339066339	275.8586789554531
84185	606.1302211302211	216.87250384024574
84245	726.5233415233415	184.9216589861751
84321	690.8968058968059	241.45007680491548
84387	545.9336609336609	318.8694316436252
84450	574.1891891891892	275.8586789554531
84510	783.034398034398	253.73886328725038
84566	775.6633906633906	202.12596006144392
84637	658.955773955774	69.40706605222735
84704	640.5282555282555	15.336405529953916
84771	638.071253071253	183.6927803379416
84836	649.1277641277641	73.0937019969278
84904	655.2702702702703	75.55145929339479
84953	536.1056511056511	220.55913978494624
85021	489.42260442260437	10.42089093701997
85104	624.5577395577395	39.913978494623656
85172	532.4201474201474	76.78033794162828
85237	595.07371007371	-21.52995391705069
85300	602.4447174447174	21.48079877112135
85350	694.5823095823096	-17.84331797235023
85407	618.4152334152334	79.23809523809524
85470	582.7886977886978	60.80491551459294
85537	574.1891891891892	-19.072196620583718
85603	606.1302211302211	116.10445468509984
85656	560.6756756756756	-53.48079877112135
85721	459.9385749385749	86.61136712749617
85785	511.5356265356266	273.40092165898614
85924	459.9385749385749	215.64362519201228
86003	443.968058968059	180.00614439324116
86065	478.36609336609337	150.51305683563749
86137	484.5085995085995	194.752688172043
86205	556.990171990172	183.6927803379416
86270	681.068796068796	49.745007680491554
86347	463.6240786240786	135.76651305683563
86410	458.71007371007374	159.11520737327186
86474	536.1056511056511	165.2596006144393
86548	458.71007371007374	283.23195084485405
86622	396.056511056511	275.8586789554531
86687	544.7051597051596	152.97081413210444
86747	511.5356265356266	202.12596006144392
86817	483.2800982800983	266.02764976958525
86886	641.7567567567567	231.61904761904762
86954	579.1031941031941	247.59447004608296
87021	563.132678132678	220.55913978494624
87107	564.3611793611793	188.60829493087556
87173	499.2506142506142	306.5806451612903
87235	558.2186732186732	347.1336405529954
87296	541.0196560196559	202.12596006144392
87351	582.7886977886978	219.33026113671272
87422	484.5085995085995	216.87250384024574
87482	542.2481572481572	261.1121351766513
87547	641.7567567567567	192.29493087557603
87628	474.68058968058966	327.47158218125963
87699	357.97297297297297	418.40860215053766
87772	522.5921375921376	306.5806451612903
87839	391.14250614250614	465.1059907834101
87896	488.19410319410315	391.37327188940094
87956	451.33906633906633	309.0384024577573
88022	372.71498771498767	338.531490015361
88104	629.4717444717445	232.84792626728108
88171	604.90171990172	263.5698924731183
88240	529.9631449631449	234.0768049155146
88305	640.5282555282555	438.07066052227344
88370	631.9287469287469	309.0384024577573
88435	586.4742014742014	267.25652841781874
88497	507.8501228501229	235.30568356374806
88563	685.982800982801	267.25652841781874
88638	617.1867321867321	278.3164362519201
88705	424.3120393120393	411.0353302611367
88771	498.02211302211305	513.0322580645162
88830	835.8599508599508	495.82795698924735
88890	837.0884520884521	683.8463901689709
88955	591.3882063882063	640.8356374807988
89021	575.4176904176904	455.2749615975423
89087	333.40294840294837	548.6697388632873
89144	286.7199017199017	479.852534562212
89205	485.7371007371007	399.97542242703537
89262	302.69041769041763	414.72196620583725
89321	295.3194103194103	503.2012288786483
89382	231.43734643734643	449.13056835637485
89445	356.7444717444717	288.147465437788
89510	365.3439803439803	465.1059907834101
89567	521.3636363636364	549.8986175115207
89619	543.4766584766585	442.98617511520735
89676	577.8746928746929	451.5883256528418
89738	550.8476658476659	629.7757296466974
89804	506.6216216216216	465.1059907834101
89871	543.4766584766585	535.1520737327189
89938	619.6437346437347	556.0430107526881
90004	564.3611793611793	565.874039938556
90063	688.4398034398034	633.4623655913979
90114	647.8992628992629	667.8709677419355
90170	694.5823095823096	596.5960061443933
90239	603.6732186732187	601.5115207373273
90309	633.1572481572482	520.405529953917
90371	959.9385749385749	585.5360983102919
90429	1117.1867321867321	422.09523809523813
90488	1329.7174447174446	468.7926267281107
90548	1326.0319410319407	413.4930875576037
90623	1388.6855036855034	364.3379416282643
90690	1337.0884520884517	433.1551459293395
90758	1258.4643734643732	390.14439324116745
90820	1328.4889434889433	193.52380952380952
90889	1324.8034398034397	345.9047619047619
90953	1295.31941031941	312.72503840245776
91028	692.125307125307	423.3241167434716
91108	397.2850122850123	285.68970814132103
91162	571.7321867321867	68.17818740399386
91218	480.8230958230958	95.21351766513058
91277	533.6486486486485	121.0199692780338
91339	515.2211302211302	73.0937019969278
91404	485.7371007371007	211.95698924731184
91470	496.7936117936118	74.3225806451613
91538	547.1621621621622	-33.81874039938556
91596	633.1572481572482	47.28725038402458
91654	670.012285012285	141.91090629800306
91720	544.7051597051596	388.91551459293396
91788	575.4176904176904	216.87250384024574
91854	515.2211302211302	428.2396313364056
91922	612.2727272727273	384.00000000000006
91983	595.07371007371	504.4301075268818
92055	888.6855036855037	761.2657450076805
92121	746.1793611793611	805.505376344086
92181	822.3464373464373	744.0614439324116
92238	720.3808353808354	866.9493087557603
92305	748.6363636363636	822.7096774193548
92371	564.3611793611793	721.9416282642089
92438	744.9508599508599	728.0860215053764
92504	741.2653562653563	787.0721966205838
92574	784.2628992628993	807.963133640553
92629	1149.1277641277643	488.4546850998464
92687	1506.6216216216214	289.3763440860215
92754	1387.4570024570023	262.3410138248848
92821	1571.7321867321866	269.7142857142857
92889	1254.7788697788699	399.97542242703537
92953	547.1621621621622	483.53917050691246
93021	477.1375921375921	401.20430107526886
93089	400.970515970516	259.8832565284178
93144	526.2776412776412	258.6543778801843
93196	488.19410319410315	257.4254992319508
93250	430.45454545454544	282.00307219662056
93322	581.5601965601966	413.4930875576037
93385	491.87960687960685	438.07066052227344
93435	435.36855036855036	544.9831029185868
93505	513.992628992629	492.1413210445468
93572	483.2800982800983	533.9231950844854
93637	655.2702702702703	445.4439324116744
93692	547.1621621621622	532.6943164362519
93754	543.4766584766585	366.7956989247312
93820	561.9041769041769	231.61904761904762
93887	638.071253071253	231.61904761904762
93955	542.2481572481572	211.95698924731184
94087	588.9312039312039	253.73886328725038
94159	527.5061425061425	220.55913978494624
94221	505.39312039312034	207.04147465437788
94288	538.5626535626535	192.29493087557603
94354	528.7346437346438	472.4792626728111
94422	453.79606879606877	425.78187403993854
94486	517.6781326781327	522.8632872503841
94554	451.33906633906633	477.39477726574506
94626	408.3415233415233	554.8141321044546
94688	410.79852579852576	482.310291858679
94744	488.19410319410315	506.8878648233487
94799	403.4275184275184	465.1059907834101
94852	523.8206388206388	452.81720430107526
94922	592.6167076167076	345.9047619047619
94988	660.1842751842752	370.48233486943167
95054	582.7886977886978	372.94009216589865
95118	495.56511056511056	509.34562211981574
95188	692.125307125307	710.8817204301076
95254	563.132678132678	640.8356374807988
95321	611.044226044226	756.3502304147466
95380	494.33660933660934	669.099846390169
95434	511.5356265356266	691.2196620583718
95507	504.1646191646192	787.0721966205838
95560	633.1572481572482	768.6390168970814
95625	558.2186732186732	477.39477726574506
95688	375.17199017199016	441.75729646697397
95754	510.3071253071253	461.4193548387097
95821	462.3955773955774	471.2503840245776
95887	423.08353808353803	413.4930875576037
95954	448.88206388206385	514.2611367127496
96018	498.02211302211305	580.6205837173579
96088	1055.7616707616708	436.84178187404
96172	1435.3685503685504	468.7926267281107
96223	1275.6633906633906	452.81720430107526
96289	1472.2235872235872	370.48233486943167
96353	1446.4250614250614	562.1874039938557
96419	1382.5429975429975	615.0291858678955
96488	1289.1769041769041	435.61290322580646
96563	1211.7813267813267	337.30261136712755
96634	1265.8353808353806	344.67588325652844
96714	1516.4496314496312	478.6236559139785
96771	1264.6068796068794	434.384024577573
96844	1163.8697788697789	465.1059907834101
96923	1211.7813267813267	504.4301075268818
96993	1340.7739557739555	466.33486943164365
97065	1220.3808353808354	438.07066052227344
97138	727.7518427518427	584.3072196620584
97204	520.1351351351351	465.1059907834101
97261	516.4496314496314	586.7649769585254
97322	604.90171990172	456.50384024577573
97388	541.0196560196559	536.3809523809524
97454	418.16953316953317	573.247311827957
97522	482.05159705159707	515.4900153609831
97584	635.6142506142506	403.66205837173584
97654	629.4717444717445	397.5176651305684
97722	614.7297297297297	423.3241167434716
97789	581.5601965601966	418.40860215053766
97854	507.8501228501229	497.0568356374808
97921	324.8034398034398	546.2119815668202
97989	427.997542997543	419.6374807987711
98054	389.9140049140049	445.4439324116744
98122	350.6019656019656	565.874039938556
98188	423.08353808353803	487.22580645161287
98256	654.041769041769	438.07066052227344
98321	601.2162162162163	646.9800307219663
98387	544.7051597051596	451.5883256528418
98455	436.5970515970516	468.7926267281107
98521	365.3439803439803	532.6943164362519
98570	452.56756756756755	434.384024577573
98625	329.71744471744466	564.6451612903226
98689	432.9115479115479	474.937019969278
98747	526.2776412776412	462.6482334869432
98797	388.68550368550365	479.852534562212
98855	568.046683046683	458.96159754224277
98922	1017.6781326781326	558.5007680491552
98988	1241.265356265356	554.8141321044546
99044	1275.6633906633906	526.5499231950845
99106	1362.8869778869775	540.0675883256529
99166	1361.6584766584765	482.310291858679
99225	1351.8304668304665	579.3917050691244
99295	1355.5159705159704	525.321044546851
99357	1450.110565110565	514.2611367127496
99412	1247.4078624078625	444.2150537634409
99472	850.6019656019655	580.6205837173579
99539	667.5552825552825	564.6451612903226
99606	572.960687960688	482.310291858679
99666	461.1670761670761	468.7926267281107
99719	427.997542997543	422.09523809523813
99767	404.6560196560197	476.1658986175116
99839	442.7395577395577	435.61290322580646
99906	366.5724815724816	591.6804915514593
99972	473.4520884520884	321.3271889400922
100039	472.22358722358723	498.28571428571433
100097	386.2285012285012	495.82795698924735
100173	442.7395577395577	387.68663594470047
100239	521.3636363636364	412.2642089093702
100305	499.2506142506142	344.67588325652844
100372	541.0196560196559	650.6666666666666
100439	684.7542997542997	463.87711213517673
100501	692.125307125307	508.1167434715822
100572	800.2334152334151	704.7373271889401
100630	1041.0196560196562	578.162826420891
100688	1026.2776412776414	522.8632872503841
100740	724.0663390663391	478.6236559139785
100796	695.8108108108107	556.0430107526881
100858	670.012285012285	433.1551459293395
100922	681.068796068796	413.4930875576037
100971	602.4447174447174	488.4546850998464
101023	523.8206388206388	461.4193548387097
101089	574.1891891891892	415.9508448540707
101173	505.39312039312034	433.1551459293395
101232	577.8746928746929	372.94009216589865
101288	585.2457002457002	435.61290322580646
101355	518.9066339066339	514.2611367127496
101421	543.4766584766585	513.0322580645162
101468	603.6732186732187	521.6344086021505
101539	613.5012285012284	567.1029185867897
101597	599.987714987715	601.5115207373273
101673	1066.818181818182	419.6374807987711
101731	1372.7149877149875	402.4331797235023
101790	1247.4078624078625	143.13978494623655
101855	1275.6633906633906	226.70353302611366
101921	1240.036855036855	186.15053763440858
101974	1258.4643734643732	247.59447004608296
102090	781.8058968058967	408.57757296466974
102154	585.2457002457002	470.02150537634407
102209	548.3906633906633	369.2534562211982
102272	485.7371007371007	384.00000000000006
102337	617.1867321867321	344.67588325652844
102400	640.5282555282555	73.0937019969278
102460	717.9238329238328	105.04454685099847
102519	721.6093366093365	-11.698924731182796
102588	697.039312039312	195.98156682027647
102672	592.6167076167076	213.1858678955453
102738	547.1621621621622	141.91090629800306
102806	633.1572481572482	22.70967741935484
102869	542.2481572481572	-12.927803379416284
