time	x	y
1	464.8525798525798	132.0798771121352
81	592.6167076167076	202.12596006144392
163	651.5847665847666	290.605222734255
231	951.3390663390663	436.84178187404
301	1263.3783783783783	510.5745007680492
369	1112.2727272727273	474.937019969278
430	613.5012285012284	307.8095238095238
499	479.5945945945946	160.34408602150535
567	397.2850122850123	202.12596006144392
624	378.85749385749386	251.2811059907834
697	75.41769041769041	170.17511520737324
763	129.47174447174444	49.745007680491554
832	44.70515970515969	-37.505376344086024
896	93.84520884520883	52.20276497695853
963	224.06633906633905	140.6820276497696
1031	251.0933660933661	213.1858678955453
1101	220.38083538083535	154.19969278033793
1168	168.78378378378378	262.3410138248848
1228	241.26535626535625	225.4746543778802
1297	372.71498771498767	251.2811059907834
1362	456.25307125307125	295.5207373271889
1430	443.968058968059	283.23195084485405
1488	446.4250614250614	180.00614439324116
1564	367.80098280098275	191.06605222734254
1630	416.94103194103195	225.4746543778802
1696	443.968058968059	135.76651305683563
1763	387.45700245700243	66.94930875576037
1831	430.45454545454544	243.90783410138246
1891	452.56756756756755	189.83717357910905
1944	326.031941031941	232.84792626728108
2013	477.1375921375921	79.23809523809524
2080	407.11302211302205	43.60061443932412
2141	329.71744471744466	-16.61443932411674
2203	328.48894348894345	14.10752688172043
2280	142.98525798525796	42.371735791090636
2347	109.81572481572479	-33.81874039938556
2406	155.27027027027026	-44.87864823348694
2469	260.92137592137595	12.878648233486945
2528	1173.6977886977886	251.2811059907834
2596	1260.9213759213758	322.5560675883257
2657	1423.0835380835379	379.0844854070661
2731	1375.17199017199	291.8341013824885
2797	1436.5970515970514	302.89400921658984
2858	1319.8894348894348	390.14439324116745
2931	667.5552825552825	495.82795698924735
3005	221.6093366093366	270.94316436251916
3080	147.89926289926288	286.9185867895545
3147	63.132678132678116	227.93241167434712
3213	47.16216216216215	278.3164362519201
3281	240.036855036855	264.79877112135176
3364	311.2899262899263	198.43932411674345
3431	216.69533169533167	62.033794162826425
3506	55.76167076167075	136.99539170506912
3580	280.5773955773956	156.6574500768049
3647	216.69533169533167	251.2811059907834
3713	312.51842751842753	279.54531490015364
3776	389.9140049140049	214.41474654377882
3834	420.6265356265356	220.55913978494624
3894	267.06388206388203	150.51305683563749
3963	470.995085995086	191.06605222734254
4030	300.23341523341526	34.99846390168971
4098	512.7641277641277	107.50230414746544
4155	565.5896805896806	71.86482334869432
4217	475.9090909090909	86.61136712749617
4281	462.3955773955774	146.82642089093702
4347	434.1400491400491	152.97081413210444
4413	512.7641277641277	129.6221198156682
4480	387.45700245700243	245.13671274961598
4546	351.83046683046683	200.89708141321046
4614	459.9385749385749	154.19969278033793
4681	504.1646191646192	213.1858678955453
4740	724.0663390663391	171.40399385560673
4804	689.6683046683047	385.2288786482335
4861	805.1474201474201	354.50691244239636
4930	619.6437346437347	296.74961597542244
4998	790.4054054054054	404.89093701996933
5064	642.9852579852579	311.49615975422427
5131	762.1498771498772	372.94009216589865
5197	811.2899262899263	270.94316436251916
5264	638.071253071253	358.19354838709677
5332	635.6142506142506	444.2150537634409
5407	550.8476658476659	343.44700460829495
5470	613.5012285012284	300.43625192012286
5530	596.3022113022113	554.8141321044546
5597	624.5577395577395	259.8832565284178
5665	372.71498771498767	76.78033794162828
5723	330.94594594594594	69.40706605222735
5780	327.2604422604423	78.00921658986175
5848	451.33906633906633	127.16436251920122
5913	338.3169533169533	274.6298003072197
5981	426.76904176904173	251.2811059907834
6050	445.1965601965602	250.05222734254994
6130	474.68058968058966	238.99231950844856
6197	464.8525798525798	284.46082949308754
6265	303.9189189189189	267.25652841781874
6332	284.2628992628993	458.96159754224277
6489	713.0098280098281	286.9185867895545
6547	598.7592137592137	327.47158218125963
6615	654.041769041769	261.1121351766513
6678	537.3341523341522	262.3410138248848
6728	602.4447174447174	234.0768049155146
6797	676.1547911547912	304.1228878648234
6864	611.044226044226	226.70353302611366
6923	661.4127764127765	274.6298003072197
6979	665.09828009828	321.3271889400922
7047	687.2113022113023	256.19662058371733
7113	456.25307125307125	279.54531490015364
7181	393.5995085995086	257.4254992319508
7240	518.9066339066339	412.2642089093702
7307	424.3120393120393	370.48233486943167
7380	515.2211302211302	300.43625192012286
7447	561.9041769041769	280.7741935483871
7514	537.3341523341522	234.0768049155146
7580	660.1842751842752	299.2073732718894
7647	710.5528255528255	302.89400921658984
7714	781.8058968058967	304.1228878648234
7781	668.7837837837837	243.90783410138246
7846	883.7714987714987	284.46082949308754
7915	743.7223587223586	236.53456221198158
7981	517.6781326781327	237.76344086021504
8043	556.990171990172	280.7741935483871
8114	409.57002457002454	309.0384024577573
8180	455.02457002457004	267.25652841781874
8240	400.970515970516	316.4116743471582
8309	231.43734643734643	338.531490015361
8380	213.00982800982797	354.50691244239636
8447	204.4103194103194	398.7465437788019
8509	177.38329238329237	368.0245775729647
8585	381.3144963144963	450.35944700460834
8664	281.8058968058968	354.50691244239636
8731	184.75429975429975	266.02764976958525
8789	179.84029484029483	444.2150537634409
8864	176.15479115479113	408.57757296466974
8931	66.8181818181818	404.89093701996933
8994	178.61179361179362	300.43625192012286
9064	294.09090909090907	345.9047619047619
9122	473.4520884520884	184.9216589861751
9182	408.3415233415233	242.678955453149
9247	366.5724815724816	243.90783410138246
9315	222.8378378378378	214.41474654377882
9381	280.5773955773956	355.7357910906298
9446	291.6339066339066	407.34869431643625
9514	120.87223587223586	354.50691244239636
9581	15.221130221130204	250.05222734254994
9648	217.92383292383292	370.48233486943167
9715	210.55282555282554	402.4331797235023
9781	122.10073710073709	282.00307219662056
9847	154.04176904176902	274.6298003072197
9918	167.55528255528253	274.6298003072197
9982	220.38083538083535	337.30261136712755
10049	60.67567567567566	313.95391705069125
10119	259.6928746928747	161.57296466973884
10180	244.95085995085995	221.7880184331797
10245	346.9164619164619	220.55913978494624
10314	404.6560196560197	266.02764976958525
10380	312.51842751842753	334.8448540706606
10435	287.94840294840293	256.19662058371733
10514	423.08353808353803	240.22119815668202
10580	369.02948402948397	382.7711213517665
10648	377.62899262899265	300.43625192012286
10717	392.37100737100735	263.5698924731183
10781	434.1400491400491	225.4746543778802
10847	356.7444717444717	236.53456221198158
10918	203.18181818181816	323.78494623655916
10975	268.29238329238325	372.94009216589865
11048	240.036855036855	280.7741935483871
11111	205.63882063882065	385.2288786482335
11173	167.55528255528253	322.5560675883257
11247	157.72727272727272	369.2534562211982
11331	283.034398034398	360.65130568356375
11393	237.57985257985257	309.0384024577573
11466	273.2063882063882	320.0983102918587
11530	348.1449631449631	293.062980030722
11598	327.2604422604423	359.4224270353303
11664	225.2948402948403	414.72196620583725
11726	257.23587223587225	455.2749615975423
11798	162.6412776412776	415.9508448540707
11854	260.92137592137595	340.98924731182797
11915	161.4127764127764	403.66205837173584
11980	301.4619164619165	371.71121351766516
12047	265.8353808353808	311.49615975422427
12115	163.86977886977886	375.3978494623656
12179	210.55282555282554	363.1090629800307
12238	414.48402948402946	337.30261136712755
12305	295.3194103194103	348.3625192012289
12360	339.54545454545456	294.29185867895546
12432	332.17444717444715	177.54838709677418
12498	413.25552825552825	229.16129032258064
12557	398.5135135135135	280.7741935483871
12632	371.48648648648646	199.66820276497694
12697	393.5995085995086	247.59447004608296
12764	403.4275184275184	316.4116743471582
12821	355.5159705159705	377.8556067588326
12882	510.3071253071253	259.8832565284178
12942	587.7027027027026	220.55913978494624
13014	615.958230958231	252.5099846390169
13084	469.76658476658474	177.54838709677418
13151	521.3636363636364	209.49923195084486
13217	547.1621621621622	203.35483870967738
13281	302.69041769041763	46.0583717357911
13348	246.17936117936114	95.21351766513058
13412	318.6609336609336	135.76651305683563
13481	102.44471744471744	93.98463901689709
13566	115.95823095823094	80.46697388632873
13631	92.6167076167076	73.0937019969278
13689	158.95577395577394	59.57603686635945
13749	107.35872235872235	-15.385560675883255
13814	275.6633906633906	59.57603686635945
13880	139.29975429975428	91.52688172043011
13947	303.9189189189189	-37.505376344086024
14013	174.9262899262899	27.625192012288785
14082	236.35135135135133	-20.301075268817204
14144	97.5307125307125	114.87557603686636
14213	135.61425061425058	73.0937019969278
14282	124.55773955773954	49.745007680491554
14350	170.012285012285	70.63594470046084
14416	113.50122850122848	89.06912442396315
14481	154.04176904176902	39.913978494623656
14548	120.87223587223586	80.46697388632873
14618	154.04176904176902	157.8863287250384
14682	174.9262899262899	152.97081413210444
14746	70.50368550368549	68.17818740399386
14814	104.90171990171989	78.00921658986175
14881	69.27518427518426	25.167434715821813
15034	397.2850122850123	-44.87864823348694
15100	377.62899262899265	20.251920122887864
15156	502.9361179361179	33.76958525345622
15224	357.97297297297297	93.98463901689709
15282	256.007371007371	10.42089093701997
15341	193.35380835380832	82.92473118279571
15402	166.32678132678132	38.68509984639017
15460	244.95085995085995	118.56221198156682
15532	252.3218673218673	93.98463901689709
15599	335.85995085995086	42.371735791090636
15664	192.12530712530713	21.48079877112135
15733	104.90171990171989	117.33333333333333
15794	237.57985257985257	75.55145929339479
15865	52.07616707616706	85.38248847926268
15933	125.78624078624075	55.889400921658996
15990	150.35626535626534	117.33333333333333
16067	138.07125307125307	69.40706605222735
16133	192.12530712530713	134.53763440860214
16195	206.86732186732183	113.64669738863287
16266	256.007371007371	70.63594470046084
16332	200.7248157248157	4.276497695852536
16399	227.75184275184273	78.00921658986175
16466	187.21130221130218	150.51305683563749
16528	69.27518427518426	31.311827956989248
16599	102.44471744471744	75.55145929339479
16664	466.08108108108104	-25.216589861751153
16734	536.1056511056511	95.21351766513058
16815	716.6953316953317	-41.19201228878648
16882	253.55036855036855	141.91090629800306
16947	187.21130221130218	81.69585253456222
17013	233.89434889434887	133.30875576036868
17081	152.8132678132678	143.13978494623655
17148	227.75184275184273	189.83717357910905
17215	142.98525798525796	80.46697388632873
17282	111.04422604422602	62.033794162826425
17348	231.43734643734643	36.2273425499232
17415	371.48648648648646	33.76958525345622
17482	199.49631449631448	39.913978494623656
17548	156.49877149877148	42.371735791090636
17616	171.24078624078624	47.28725038402458
17685	289.17690417690415	118.56221198156682
17745	372.71498771498767	-80.51612903225805
17815	359.2014742014742	-54.70967741935483
17878	585.2457002457002	14.10752688172043
17947	574.1891891891892	100.12903225806453
18015	550.8476658476659	121.0199692780338
18097	677.3832923832923	92.7557603686636
18163	603.6732186732187	-22.75883256528418
18231	684.7542997542997	5.505376344086022
18298	485.7371007371007	-32.58986175115207
18362	623.3292383292384	100.12903225806453
18422	413.25552825552825	95.21351766513058
18476	330.94594594594594	-17.84331797235023
18531	324.8034398034398	75.55145929339479
18598	484.5085995085995	68.17818740399386
18665	730.2088452088452	101.357910906298
18726	748.6363636363636	37.45622119815668
18785	599.987714987715	75.55145929339479
18848	690.8968058968059	54.66052227342551
18915	805.1474201474201	79.23809523809524
18981	789.1769041769041	-25.216589861751153
19049	318.6609336609336	205.81259600614436
19121	231.43734643734643	91.52688172043011
19187	173.69778869778867	123.47772657450078
19264	199.49631449631448	168.94623655913975
19333	130.7002457002457	143.13978494623655
19407	125.78624078624075	54.66052227342551
19474	130.7002457002457	68.17818740399386
19565	204.4103194103194	143.13978494623655
19632	113.50122850122848	124.70660522273427
19699	170.012285012285	129.6221198156682
19762	84.017199017199	76.78033794162828
19824	118.4152334152334	78.00921658986175
19886	128.24324324324323	74.3225806451613
19949	79.10319410319408	127.16436251920122
20015	165.0982800982801	154.19969278033793
20081	192.12530712530713	106.27342549923196
20133	303.9189189189189	123.47772657450078
20198	279.3488943488943	50.97388632872505
20264	230.2088452088452	71.86482334869432
20322	184.75429975429975	85.38248847926268
20381	157.72727272727272	81.69585253456222
20448	74.18918918918916	20.251920122887864
20516	146.67076167076166	107.50230414746544
20577	238.80835380835381	114.87557603686636
20649	174.9262899262899	139.4531490015361
20715	276.8918918918919	129.6221198156682
20782	189.66830466830464	160.34408602150535
20849	190.8968058968059	156.6574500768049
20915	145.44226044226042	127.16436251920122
20975	123.32923832923831	211.95698924731184
21026	129.47174447174444	146.82642089093702
21099	122.10073710073709	134.53763440860214
21166	201.95331695331694	211.95698924731184
21232	99.98771498771497	58.34715821812596
21300	189.66830466830464	123.47772657450078
21365	194.58230958230956	279.54531490015364
21420	204.4103194103194	108.73118279569893
21483	305.1474201474201	198.43932411674345
21565	314.97542997542996	127.16436251920122
21632	299.004914004914	148.0552995391705
21698	312.51842751842753	151.74193548387098
21765	195.81081081081078	168.94623655913975
21832	359.2014742014742	124.70660522273427
21894	316.2039312039312	139.4531490015361
21966	335.85995085995086	113.64669738863287
22032	314.97542997542996	175.0906298003072
22098	318.6609336609336	268.4854070660522
22166	251.0933660933661	209.49923195084486
22227	260.92137592137595	266.02764976958525
22299	253.55036855036855	296.74961597542244
22364	189.66830466830464	247.59447004608296
22433	155.27027027027026	279.54531490015364
22498	181.06879606879605	269.7142857142857
22566	247.40786240786238	275.8586789554531
22632	383.7714987714987	204.5837173579109
22699	378.85749385749386	225.4746543778802
22766	518.9066339066339	156.6574500768049
22825	541.0196560196559	145.59754224270353
22881	424.3120393120393	150.51305683563749
22949	582.7886977886978	168.94623655913975
23010	667.5552825552825	135.76651305683563
23081	710.5528255528255	157.8863287250384
23148	738.8083538083538	164.03072196620582
23220	923.0835380835381	141.91090629800306
23283	832.1744471744471	156.6574500768049
23349	970.995085995086	139.4531490015361
23403	1010.3071253071251	215.64362519201228
23465	979.5945945945946	208.27035330261134
23532	945.1965601965602	175.0906298003072
23600	989.4226044226044	220.55913978494624
23665	1000.4791154791155	204.5837173579109
23732	1125.7862407862406	208.27035330261134
23799	1182.2972972972973	210.72811059907832
23865	1011.5356265356265	175.0906298003072
24013	1138.071253071253	221.7880184331797
24115	985.7371007371007	234.0768049155146
24181	924.3120393120394	124.70660522273427
24249	996.7936117936118	200.89708141321046
24318	1047.162162162162	273.40092165898614
24378	959.9385749385749	215.64362519201228
24432	967.3095823095823	164.03072196620582
24498	1010.3071253071251	230.3901689708141
24562	978.3660933660934	194.752688172043
24620	1109.8157248157247	149.284178187404
24688	771.9778869778869	231.61904761904762
24750	685.982800982801	186.15053763440858
24815	697.039312039312	172.63287250384022
24871	511.5356265356266	106.27342549923196
24931	615.958230958231	109.96006144393242
24999	582.7886977886978	119.79109062980031
25064	596.3022113022113	168.94623655913975
25133	582.7886977886978	164.03072196620582
25196	462.3955773955774	145.59754224270353
25266	443.968058968059	241.45007680491548
25332	501.70761670761664	302.89400921658984
25398	490.65110565110564	296.74961597542244
25464	463.6240786240786	333.615975422427
25532	385.0	353.2780337941628
25599	495.56511056511056	263.5698924731183
25667	437.8255528255528	307.8095238095238
25732	495.56511056511056	313.95391705069125
25800	560.6756756756756	236.53456221198158
25866	536.1056511056511	243.90783410138246
25924	543.4766584766585	339.76036866359453
25994	463.6240786240786	333.615975422427
26066	434.1400491400491	320.0983102918587
26126	310.06142506142504	336.073732718894
26195	267.06388206388203	311.49615975422427
26259	369.02948402948397	300.43625192012286
26318	310.06142506142504	282.00307219662056
26383	342.00245700245694	279.54531490015364
26438	477.1375921375921	295.5207373271889
26517	327.2604422604423	327.47158218125963
26575	220.38083538083535	295.5207373271889
26649	134.38574938574936	304.1228878648234
26719	167.55528255528253	365.5668202764977
26784	187.21130221130218	340.98924731182797
26852	319.8894348894349	326.24270353302614
26916	197.03931203931202	274.6298003072197
26973	455.02457002457004	177.54838709677418
27049	528.7346437346438	293.062980030722
27133	807.6044226044226	166.4884792626728
27215	515.2211302211302	240.22119815668202
27283	520.1351351351351	348.3625192012289
27352	665.09828009828	332.3870967741936
27416	683.5257985257986	220.55913978494624
27483	623.3292383292384	223.01689708141322
27550	670.012285012285	336.073732718894
27616	649.1277641277641	294.29185867895546
27683	658.955773955774	207.04147465437788
27741	532.4201474201474	202.12596006144392
27795	314.97542997542996	340.98924731182797
27858	393.5995085995086	297.9784946236559
27933	328.48894348894345	370.48233486943167
27999	243.7223587223587	354.50691244239636
28082	523.8206388206388	304.1228878648234
28137	517.6781326781327	261.1121351766513
28197	569.2751842751843	65.72043010752688
28265	615.958230958231	160.34408602150535
28333	672.4692874692875	280.7741935483871
28399	688.4398034398034	250.05222734254994
28462	699.4963144963144	386.457757296467
28533	704.4103194103194	231.61904761904762
28600	851.8304668304668	84.15360983102919
28666	812.5184275184275	148.0552995391705
28730	629.4717444717445	209.49923195084486
28792	537.3341523341522	245.13671274961598
28849	638.071253071253	220.55913978494624
28917	646.6707616707616	252.5099846390169
28983	727.7518427518427	129.6221198156682
29049	871.4864864864866	258.6543778801843
29133	893.5995085995086	75.55145929339479
29196	983.2800982800982	337.30261136712755
29262	956.2530712530712	207.04147465437788
29323	704.4103194103194	121.0199692780338
29383	732.6658476658477	103.81566820276498
29440	713.0098280098281	227.93241167434712
29497	834.6314496314496	227.93241167434712
29567	746.1793611793611	172.63287250384022
29632	543.4766584766585	250.05222734254994
29698	694.5823095823096	241.45007680491548
29765	531.1916461916462	230.3901689708141
29832	646.6707616707616	127.16436251920122
29894	585.2457002457002	326.24270353302614
29958	684.7542997542997	183.6927803379416
30019	683.5257985257986	180.00614439324116
30073	634.3857493857494	181.23502304147465
30134	443.968058968059	327.47158218125963
30200	396.056511056511	296.74961597542244
30264	377.62899262899265	283.23195084485405
30334	302.69041769041763	360.65130568356375
30395	210.55282555282554	269.7142857142857
30465	330.94594594594594	418.40860215053766
30532	303.9189189189189	199.66820276497694
30600	391.14250614250614	325.01382488479265
30665	351.83046683046683	219.33026113671272
30733	333.40294840294837	286.9185867895545
30795	367.80098280098275	279.54531490015364
30852	369.02948402948397	237.76344086021504
30915	475.9090909090909	248.82334869431642
30968	558.2186732186732	204.5837173579109
31049	553.3046683046683	328.70046082949307
31132	518.9066339066339	149.284178187404
31216	482.05159705159707	257.4254992319508
31284	439.054054054054	417.17972350230417
31351	455.02457002457004	441.75729646697397
31418	396.056511056511	387.68663594470047
31472	580.3316953316953	312.72503840245776
31541	857.9729729729729	463.87711213517673
31611	1125.7862407862406	488.4546850998464
31687	1122.100737100737	613.800307219662
31759	1386.2285012285013	505.6589861751152
31858	967.3095823095823	323.78494623655916
31974	474.68058968058966	175.0906298003072
32075	425.5405405405405	140.6820276497696
32207	463.6240786240786	155.42857142857142
32337	366.5724815724816	113.64669738863287
32441	389.9140049140049	160.34408602150535
32516	450.11056511056506	186.15053763440858
32584	482.05159705159707	250.05222734254994
32649	402.1990171990172	101.357910906298
32707	410.79852579852576	26.396313364055302
32782	356.7444717444717	164.03072196620582
32843	521.3636363636364	42.371735791090636
32903	340.7739557739558	144.36866359447004
32984	342.00245700245694	150.51305683563749
33155	382.5429975429975	141.91090629800306
33267	435.36855036855036	65.72043010752688
33329	569.2751842751843	36.2273425499232
33394	678.6117936117936	22.70967741935484
33467	511.5356265356266	111.18894009216591
33532	577.8746928746929	95.21351766513058
33616	475.9090909090909	17.79416282642089
33673	359.2014742014742	96.44239631336407
33752	458.71007371007374	69.40706605222735
33822	565.5896805896806	-32.58986175115207
33877	705.6388206388207	32.54070660522274
33951	784.2628992628993	-6.783410138248848
34014	794.0909090909091	23.938556067588326
34080	816.2039312039312	132.0798771121352
34145	842.002457002457	-74.37173579109061
34199	791.6339066339067	125.93548387096776
34271	958.7100737100736	-36.276497695852534
34352	728.980343980344	71.86482334869432
34424	829.7174447174447	73.0937019969278
34478	754.7788697788698	-51.02304147465438
34550	650.3562653562653	79.23809523809524
34633	512.7641277641277	78.00921658986175
34695	391.14250614250614	26.396313364055302
34766	409.57002457002454	49.745007680491554
34832	408.3415233415233	75.55145929339479
34900	531.1916461916462	-22.75883256528418
34962	393.5995085995086	-55.938556067588316
35033	375.17199017199016	39.913978494623656
35106	716.6953316953317	75.55145929339479
35183	477.1375921375921	-5.554531490015361
35251	297.77641277641277	90.29800307219664
35328	256.007371007371	130.8509984639017
35400	247.40786240786238	69.40706605222735
35463	134.38574938574936	63.262672811059915
35533	216.69533169533167	42.371735791090636
35601	326.031941031941	89.06912442396315
35666	220.38083538083535	122.24884792626729
35734	396.056511056511	39.913978494623656
35801	361.6584766584767	31.311827956989248
35861	559.4471744471743	54.66052227342551
35913	544.7051597051596	144.36866359447004
35983	427.997542997543	471.2503840245776
36048	701.953316953317	508.1167434715822
36103	447.65356265356263	397.5176651305684
36165	463.6240786240786	232.84792626728108
36223	499.2506142506142	208.27035330261134
36281	482.05159705159707	181.23502304147465
36352	517.6781326781327	161.57296466973884
36416	419.3980343980344	270.94316436251916
36483	554.5331695331696	200.89708141321046
36542	483.2800982800983	189.83717357910905
36617	638.071253071253	129.6221198156682
36677	748.6363636363636	149.284178187404
36750	623.3292383292384	66.94930875576037
36818	690.8968058968059	128.39324116743472
36873	673.6977886977887	219.33026113671272
36938	759.6928746928747	178.77726574500767
37000	708.0958230958231	261.1121351766513
37066	679.8402948402949	301.6651305683564
37123	568.046683046683	326.24270353302614
37177	604.90171990172	240.22119815668202
37233	588.9312039312039	261.1121351766513
37303	732.6658476658477	238.99231950844856
37366	780.5773955773956	136.99539170506912
37419	746.1793611793611	62.033794162826425
37484	740.0368550368551	103.81566820276498
37544	758.4643734643735	209.49923195084486
37616	267.06388206388203	360.65130568356375
37684	574.1891891891892	427.0107526881721
37750	748.6363636363636	519.1766513056835
37817	715.4668304668305	396.2887864823349
37884	724.0663390663391	246.36559139784944
37948	780.5773955773956	205.81259600614436
38016	931.6830466830467	258.6543778801843
38080	889.9140049140049	267.25652841781874
38140	749.8648648648648	236.53456221198158
38217	859.2014742014742	183.6927803379416
38283	740.0368550368551	250.05222734254994
38349	773.2063882063882	92.7557603686636
38409	708.0958230958231	95.21351766513058
38469	719.1523341523341	75.55145929339479
38538	742.4938574938575	69.40706605222735
38602	752.3218673218673	66.94930875576037
38666	742.4938574938575	46.0583717357911
38733	676.1547911547912	82.92473118279571
38793	660.1842751842752	95.21351766513058
38868	470.995085995086	141.91090629800306
38934	459.9385749385749	168.94623655913975
38999	478.36609336609337	107.50230414746544
39066	425.5405405405405	164.03072196620582
39132	441.5110565110565	103.81566820276498
39201	388.68550368550365	123.47772657450078
39267	450.11056511056506	193.52380952380952
39325	440.2825552825553	134.53763440860214
39401	528.7346437346438	79.23809523809524
39466	581.5601965601966	59.57603686635945
39527	536.1056511056511	124.70660522273427
39601	407.11302211302205	184.9216589861751
39661	361.6584766584767	253.73886328725038
39710	622.1007371007371	117.33333333333333
39775	651.5847665847666	161.57296466973884
39834	615.958230958231	326.24270353302614
39897	606.1302211302211	465.1059907834101
39953	695.8108108108107	562.1874039938557
40016	711.7813267813268	541.2964669738864
40083	742.4938574938575	256.19662058371733
40150	832.1744471744471	318.8694316436252
40213	780.5773955773956	268.4854070660522
40283	629.4717444717445	161.57296466973884
40351	704.4103194103194	205.81259600614436
40416	730.2088452088452	230.3901689708141
40483	720.3808353808354	243.90783410138246
40546	737.5798525798526	159.11520737327186
40617	603.6732186732187	241.45007680491548
40680	751.0933660933661	272.1720430107527
40751	757.2358722358722	92.7557603686636
40818	898.5135135135135	128.39324116743472
40882	773.2063882063882	214.41474654377882
40937	742.4938574938575	116.10445468509984
40990	770.7493857493857	57.11827956989248
41045	767.0638820638821	86.61136712749617
41117	747.4078624078624	127.16436251920122
41178	861.6584766584766	155.42857142857142
41251	763.3783783783784	207.04147465437788
41316	763.3783783783784	188.60829493087556
41384	748.6363636363636	79.23809523809524
41450	694.5823095823096	58.34715821812596
41506	639.2997542997542	128.39324116743472
41584	531.1916461916462	195.98156682027647
41649	464.8525798525798	160.34408602150535
41717	559.4471744471743	242.678955453149
41775	657.7272727272727	150.51305683563749
41922	952.5675675675676	97.67127496159755
41981	850.6019656019655	97.67127496159755
42050	638.071253071253	177.54838709677418
42122	607.3587223587224	209.49923195084486
42181	582.7886977886978	188.60829493087556
42250	389.9140049140049	254.96774193548384
42313	301.4619164619165	188.60829493087556
42375	147.89926289926288	188.60829493087556
42440	129.47174447174444	247.59447004608296
42503	151.58476658476658	224.24577572964668
42566	194.58230958230956	274.6298003072197
42630	268.29238329238325	435.61290322580646
42682	205.63882063882065	381.5422427035331
42739	311.2899262899263	348.3625192012289
42796	241.26535626535625	327.47158218125963
42862	109.81572481572479	352.0491551459294
42925	268.29238329238325	205.81259600614436
42983	364.1154791154791	48.51612903225807
43052	478.36609336609337	119.79109062980031
43134	486.96560196560193	122.24884792626729
43214	451.33906633906633	145.59754224270353
43284	520.1351351351351	138.22427035330261
43349	434.1400491400491	145.59754224270353
43417	521.3636363636364	53.43164362519202
43483	474.68058968058966	116.10445468509984
43545	431.6830466830467	167.7173579109063
43617	416.94103194103195	103.81566820276498
43684	512.7641277641277	165.2596006144393
43745	493.10810810810807	144.36866359447004
43809	510.3071253071253	144.36866359447004
43862	502.9361179361179	143.13978494623655
43933	385.0	171.40399385560673
44002	377.62899262899265	210.72811059907832
44082	547.1621621621622	129.6221198156682
44153	608.5872235872237	164.03072196620582
44234	499.2506142506142	146.82642089093702
44300	484.5085995085995	107.50230414746544
44364	587.7027027027026	95.21351766513058
44440	571.7321867321867	164.03072196620582
44516	553.3046683046683	188.60829493087556
44578	457.48157248157247	170.17511520737324
44636	510.3071253071253	101.357910906298
44699	599.987714987715	225.4746543778802
44767	513.992628992629	152.97081413210444
44834	602.4447174447174	149.284178187404
44899	572.960687960688	156.6574500768049
44953	494.33660933660934	143.13978494623655
45016	402.1990171990172	129.6221198156682
45083	225.2948402948403	178.77726574500767
45151	270.74938574938574	180.00614439324116
45216	197.03931203931202	176.3195084485407
45271	237.57985257985257	149.284178187404
45333	242.4938574938575	224.24577572964668
45400	235.1228501228501	234.0768049155146
45467	247.40786240786238	266.02764976958525
45534	443.968058968059	184.9216589861751
45599	353.05896805896805	261.1121351766513
45667	396.056511056511	141.91090629800306
45733	491.87960687960685	175.0906298003072
45800	550.8476658476659	209.49923195084486
45868	431.6830466830467	84.15360983102919
45934	498.02211302211305	182.4639016897081
46000	574.1891891891892	146.82642089093702
46058	667.5552825552825	93.98463901689709
46135	742.4938574938575	59.57603686635945
46200	576.6461916461916	82.92473118279571
46268	592.6167076167076	107.50230414746544
46335	473.4520884520884	121.0199692780338
46400	588.9312039312039	200.89708141321046
46453	611.044226044226	202.12596006144392
46513	541.0196560196559	91.52688172043011
46583	592.6167076167076	108.73118279569893
46651	436.5970515970516	123.47772657450078
46713	587.7027027027026	145.59754224270353
46769	475.9090909090909	139.4531490015361
46834	505.39312039312034	119.79109062980031
46889	698.2678132678133	69.40706605222735
46951	687.2113022113023	188.60829493087556
47018	753.5503685503685	161.57296466973884
47084	629.4717444717445	58.34715821812596
47150	584.017199017199	92.7557603686636
47209	828.4889434889434	266.02764976958525
47267	319.8894348894349	455.2749615975423
47335	469.76658476658474	503.2012288786483
47396	722.8378378378378	586.7649769585254
47454	528.7346437346438	433.1551459293395
47517	623.3292383292384	353.2780337941628
47584	501.70761670761664	288.147465437788
47642	480.8230958230958	235.30568356374806
47708	429.2260442260442	164.03072196620582
47767	496.7936117936118	154.19969278033793
47834	613.5012285012284	127.16436251920122
47901	639.2997542997542	135.76651305683563
47954	534.8771498771498	194.752688172043
48013	612.2727272727273	124.70660522273427
48085	533.6486486486485	208.27035330261134
48147	434.1400491400491	166.4884792626728
48201	531.1916461916462	124.70660522273427
48257	568.046683046683	148.0552995391705
48317	501.70761670761664	167.7173579109063
48377	447.65356265356263	226.70353302611366
48430	461.1670761670761	251.2811059907834
48501	603.6732186732187	243.90783410138246
48568	598.7592137592137	251.2811059907834
48635	549.6191646191646	279.54531490015364
48700	549.6191646191646	194.752688172043
48767	645.4422604422604	188.60829493087556
48834	679.8402948402949	200.89708141321046
48901	652.8132678132678	154.19969278033793
48967	678.6117936117936	195.98156682027647
49021	717.9238329238328	140.6820276497696
49083	660.1842751842752	188.60829493087556
49148	684.7542997542997	161.57296466973884
49207	652.8132678132678	226.70353302611366
49260	728.980343980344	65.72043010752688
49318	670.012285012285	96.44239631336407
49385	767.0638820638821	320.0983102918587
49450	640.5282555282555	501.97235023041475
49515	866.5724815724816	597.8248847926268
49584	574.1891891891892	381.5422427035331
49650	528.7346437346438	407.34869431643625
49717	590.1597051597051	343.44700460829495
49779	662.6412776412777	186.15053763440858
49840	602.4447174447174	219.33026113671272
49900	407.11302211302205	365.5668202764977
49967	259.6928746928747	194.752688172043
50035	268.29238329238325	182.4639016897081
50179	213.00982800982797	252.5099846390169
50251	122.10073710073709	181.23502304147465
50313	183.5257985257985	227.93241167434712
50373	182.29729729729726	211.95698924731184
50434	276.8918918918919	207.04147465437788
50492	339.54545454545456	164.03072196620582
50550	383.7714987714987	355.7357910906298
50620	215.46683046683046	390.14439324116745
50681	373.94348894348894	154.19969278033793
50741	170.012285012285	252.5099846390169
50800	290.40540540540536	282.00307219662056
50858	381.3144963144963	259.8832565284178
50916	370.25798525798524	243.90783410138246
50979	313.74692874692875	356.96466973886334
51033	408.3415233415233	257.4254992319508
51101	312.51842751842753	144.36866359447004
51167	361.6584766584767	209.49923195084486
51235	437.8255528255528	261.1121351766513
51293	396.056511056511	240.22119815668202
51347	520.1351351351351	266.02764976958525
51418	711.7813267813268	218.10138248847926
51483	769.5208845208845	191.06605222734254
51549	719.1523341523341	124.70660522273427
51618	769.5208845208845	121.0199692780338
51684	667.5552825552825	224.24577572964668
51748	720.3808353808354	220.55913978494624
51817	779.3488943488943	200.89708141321046
51875	780.5773955773956	166.4884792626728
51925	861.6584766584766	186.15053763440858
51979	846.9164619164619	133.30875576036868
52039	763.3783783783784	171.40399385560673
52094	902.1990171990171	111.18894009216591
52151	704.4103194103194	92.7557603686636
52224	741.2653562653563	14.10752688172043
52279	720.3808353808354	105.04454685099847
52330	665.09828009828	81.69585253456222
52401	658.955773955774	139.4531490015361
52468	725.2948402948402	128.39324116743472
52535	740.0368550368551	7.9631336405529956
52600	857.9729729729729	189.83717357910905
52669	722.8378378378378	499.5145929339478
52735	813.7469287469288	623.63133640553
52801	735.1228501228501	424.55299539170505
52868	812.5184275184275	340.98924731182797
52935	715.4668304668305	326.24270353302614
52995	585.2457002457002	189.83717357910905
53067	564.3611793611793	188.60829493087556
53124	485.7371007371007	245.13671274961598
53185	494.33660933660934	377.8556067588326
53252	421.8550368550368	220.55913978494624
53317	531.1916461916462	257.4254992319508
53385	455.02457002457004	343.44700460829495
53450	394.8280098280098	279.54531490015364
53516	381.3144963144963	256.19662058371733
53584	468.5380835380835	219.33026113671272
53651	477.1375921375921	253.73886328725038
53719	457.48157248157247	317.6405529953917
53784	359.2014742014742	285.68970814132103
53848	455.02457002457004	331.15821812596005
53918	521.3636363636364	409.8064516129033
53985	512.7641277641277	301.6651305683564
54042	552.076167076167	286.9185867895545
54096	651.5847665847666	295.5207373271889
54169	769.5208845208845	171.40399385560673
54234	649.1277641277641	195.98156682027647
54300	601.2162162162163	107.50230414746544
54368	703.1818181818181	108.73118279569893
54435	677.3832923832923	58.34715821812596
54502	544.7051597051596	132.0798771121352
54568	634.3857493857494	27.625192012288785
54634	676.1547911547912	53.43164362519202
54701	754.7788697788698	16.565284178187405
54761	796.5479115479114	261.1121351766513
54820	784.2628992628993	471.2503840245776
54885	816.2039312039312	529.0076804915515
54948	699.4963144963144	430.6973886328725
55018	801.4619164619164	263.5698924731183
55085	658.955773955774	236.53456221198158
55151	698.2678132678133	208.27035330261134
55217	552.076167076167	245.13671274961598
55285	572.960687960688	187.37941628264207
55350	635.6142506142506	193.52380952380952
55418	700.7248157248157	181.23502304147465
55481	623.3292383292384	209.49923195084486
55532	629.4717444717445	161.57296466973884
55600	443.968058968059	191.06605222734254
55668	574.1891891891892	254.96774193548384
55726	440.2825552825553	247.59447004608296
55784	323.5749385749386	197.21044546850996
55841	321.1179361179361	189.83717357910905
55897	419.3980343980344	98.90015360983104
55968	344.4594594594594	78.00921658986175
56030	343.2309582309582	91.52688172043011
56102	376.4004914004914	48.51612903225807
56164	391.14250614250614	-0.6390168970814127
56235	464.8525798525798	47.28725038402458
56300	426.76904176904173	-17.84331797235023
56368	534.8771498771498	11.649769585253457
56421	317.4324324324324	98.90015360983104
56475	346.9164619164619	73.0937019969278
56534	322.3464373464373	152.97081413210444
56600	206.86732186732183	96.44239631336407
56667	345.68796068796064	199.66820276497694
56727	435.36855036855036	92.7557603686636
56794	516.4496314496314	191.06605222734254
56847	496.7936117936118	173.8617511520737
56903	613.5012285012284	97.67127496159755
56961	517.6781326781327	112.4178187403994
57024	634.3857493857494	161.57296466973884
57083	657.7272727272727	141.91090629800306
57139	617.1867321867321	76.78033794162828
57193	549.6191646191646	50.97388632872505
57255	633.1572481572482	112.4178187403994
57315	354.28746928746926	152.97081413210444
57386	533.6486486486485	124.70660522273427
57459	566.8181818181818	188.60829493087556
57527	654.041769041769	121.0199692780338
57601	505.39312039312034	70.63594470046084
57663	609.8157248157248	116.10445468509984
57724	364.1154791154791	106.27342549923196
57784	520.1351351351351	188.60829493087556
57852	458.71007371007374	96.44239631336407
57924	565.5896805896806	86.61136712749617
57977	636.8427518427519	98.90015360983104
58052	522.5921375921376	139.4531490015361
58123	555.7616707616708	200.89708141321046
58193	502.9361179361179	144.36866359447004
58253	509.07862407862405	139.4531490015361
58318	477.1375921375921	195.98156682027647
58378	470.995085995086	109.96006144393242
58445	440.2825552825553	108.73118279569893
58644	178.61179361179362	23.938556067588326
58701	215.46683046683046	-17.84331797235023
58768	311.2899262899263	62.033794162826425
58825	415.7125307125307	59.57603686635945
58884	467.3095823095823	30.08294930875576
58951	601.2162162162163	100.12903225806453
59019	575.4176904176904	85.38248847926268
59084	448.88206388206385	145.59754224270353
59154	561.9041769041769	181.23502304147465
59217	427.997542997543	209.49923195084486
59285	342.00245700245694	186.15053763440858
59352	468.5380835380835	207.04147465437788
59418	516.4496314496314	152.97081413210444
59467	539.7911547911548	127.16436251920122
59529	430.45454545454544	143.13978494623655
59601	500.4791154791155	114.87557603686636
59668	505.39312039312034	87.84024577572966
59736	529.9631449631449	116.10445468509984
59802	638.071253071253	111.18894009216591
59868	744.9508599508599	118.56221198156682
59923	747.4078624078624	109.96006144393242
59981	741.2653562653563	138.22427035330261
60045	767.0638820638821	173.8617511520737
60100	861.6584766584766	195.98156682027647
60177	892.3710073710074	139.4531490015361
60253	790.4054054054054	215.64362519201228
60318	842.002457002457	119.79109062980031
60391	897.2850122850123	192.29493087557603
60461	769.5208845208845	87.84024577572966
60535	591.3882063882063	114.87557603686636
60597	666.3267813267813	80.46697388632873
60667	554.5331695331696	90.29800307219664
60735	728.980343980344	31.311827956989248
60793	721.6093366093365	121.0199692780338
60855	742.4938574938575	95.21351766513058
60919	731.4373464373464	103.81566820276498
60985	778.120393120393	37.45622119815668
61049	576.6461916461916	128.39324116743472
61118	687.2113022113023	86.61136712749617
61185	676.1547911547912	157.8863287250384
61261	751.0933660933661	103.81566820276498
61325	663.8697788697788	48.51612903225807
61385	736.3513513513514	92.7557603686636
61433	612.2727272727273	49.745007680491554
61501	389.9140049140049	134.53763440860214
61585	281.8058968058968	103.81566820276498
61648	335.85995085995086	183.6927803379416
61698	271.97788697788695	59.57603686635945
61760	318.6609336609336	118.56221198156682
61821	344.4594594594594	152.97081413210444
61873	322.3464373464373	140.6820276497696
61934	264.60687960687955	146.82642089093702
61988	246.17936117936114	141.91090629800306
62068	190.8968058968059	166.4884792626728
62130	154.04176904176902	116.10445468509984
62188	146.67076167076166	176.3195084485407
62252	184.75429975429975	159.11520737327186
62303	211.78132678132678	127.16436251920122
62368	241.26535626535625	160.34408602150535
62435	197.03931203931202	145.59754224270353
62501	319.8894348894349	156.6574500768049
62567	324.8034398034398	162.80184331797233
62635	242.4938574938575	155.42857142857142
62701	281.8058968058968	118.56221198156682
62759	312.51842751842753	101.357910906298
62817	237.57985257985257	157.8863287250384
62886	256.007371007371	138.22427035330261
62951	195.81081081081078	154.19969278033793
63004	220.38083538083535	148.0552995391705
63068	400.970515970516	150.51305683563749
63135	468.5380835380835	198.43932411674345
63201	538.5626535626535	139.4531490015361
63268	448.88206388206385	125.93548387096776
63335	630.7002457002457	111.18894009216591
63400	789.1769041769041	143.13978494623655
63468	806.3759213759214	102.58678955453149
63535	826.031941031941	97.67127496159755
63602	824.8034398034398	65.72043010752688
63669	818.6609336609337	70.63594470046084
63730	667.5552825552825	53.43164362519202
63787	704.4103194103194	144.36866359447004
63852	803.9189189189188	114.87557603686636
63919	758.4643734643735	161.57296466973884
63985	618.4152334152334	54.66052227342551
64046	624.5577395577395	105.04454685099847
64118	482.05159705159707	184.9216589861751
64184	490.65110565110564	202.12596006144392
64252	523.8206388206388	194.752688172043
64306	613.5012285012284	121.0199692780338
64368	625.7862407862408	133.30875576036868
64435	580.3316953316953	87.84024577572966
64501	575.4176904176904	39.913978494623656
64567	639.2997542997542	62.033794162826425
64635	597.5307125307125	66.94930875576037
64698	672.4692874692875	140.6820276497696
64756	602.4447174447174	119.79109062980031
64811	563.132678132678	92.7557603686636
64866	645.4422604422604	92.7557603686636
64918	647.8992628992629	34.99846390168971
64976	731.4373464373464	180.00614439324116
65052	787.948402948403	213.1858678955453
65112	893.5995085995086	146.82642089093702
65185	853.058968058968	139.4531490015361
65251	791.6339066339067	182.4639016897081
65318	774.4348894348894	178.77726574500767
65367	711.7813267813268	92.7557603686636
65431	821.1179361179361	164.03072196620582
65495	902.1990171990171	177.54838709677418
65567	910.7985257985258	198.43932411674345
65625	849.3734643734643	157.8863287250384
65685	839.5454545454545	211.95698924731184
65751	778.120393120393	151.74193548387098
65818	908.3415233415233	157.8863287250384
65885	778.120393120393	148.0552995391705
65942	792.8624078624078	161.57296466973884
65995	783.034398034398	135.76651305683563
66068	846.9164619164619	234.0768049155146
66135	720.3808353808354	50.97388632872505
66201	645.4422604422604	132.0798771121352
66264	611.044226044226	155.42857142857142
66326	595.07371007371	60.80491551459294
66385	703.1818181818181	57.11827956989248
66440	608.5872235872237	124.70660522273427
66502	590.1597051597051	101.357910906298
66563	586.4742014742014	189.83717357910905
66626	667.5552825552825	170.17511520737324
66685	693.3538083538083	144.36866359447004
66739	656.4987714987715	79.23809523809524
66802	720.3808353808354	112.4178187403994
66867	763.3783783783784	117.33333333333333
66935	811.2899262899263	154.19969278033793
67049	807.6044226044226	100.12903225806453
67169	843.2309582309582	109.96006144393242
67235	697.039312039312	144.36866359447004
67302	620.8722358722358	93.98463901689709
67368	536.1056511056511	100.12903225806453
67436	603.6732186732187	112.4178187403994
67502	697.039312039312	47.28725038402458
67565	638.071253071253	106.27342549923196
67623	572.960687960688	117.33333333333333
67686	456.25307125307125	219.33026113671272
67743	464.8525798525798	125.93548387096776
67818	512.7641277641277	78.00921658986175
67888	564.3611793611793	122.24884792626729
67953	421.8550368550368	129.6221198156682
68019	506.6216216216216	90.29800307219664
68085	396.056511056511	192.29493087557603
68137	400.970515970516	193.52380952380952
68202	426.76904176904173	170.17511520737324
68262	356.7444717444717	204.5837173579109
68328	354.28746928746926	103.81566820276498
68385	431.6830466830467	139.4531490015361
68453	510.3071253071253	80.46697388632873
68529	219.15233415233413	207.04147465437788
68605	190.8968058968059	181.23502304147465
68731	199.49631449631448	207.04147465437788
68818	253.55036855036855	172.63287250384022
68896	393.5995085995086	191.06605222734254
68985	351.83046683046683	146.82642089093702
69080	303.9189189189189	154.19969278033793
69151	461.1670761670761	136.99539170506912
69218	380.0859950859951	154.19969278033793
69285	523.8206388206388	87.84024577572966
69352	531.1916461916462	192.29493087557603
69419	420.6265356265356	224.24577572964668
69485	532.4201474201474	-23.987711213517667
69547	380.0859950859951	108.73118279569893
69619	371.48648648648646	102.58678955453149
69680	244.95085995085995	123.47772657450078
69752	342.00245700245694	95.21351766513058
69818	366.5724815724816	95.21351766513058
69885	552.076167076167	1.8187403993855613
69952	576.6461916461916	119.79109062980031
70019	532.4201474201474	186.15053763440858
70080	722.8378378378378	172.63287250384022
70134	609.8157248157248	187.37941628264207
70202	560.6756756756756	203.35483870967738
70269	556.990171990172	183.6927803379416
70331	505.39312039312034	141.91090629800306
70390	480.8230958230958	141.91090629800306
70439	405.8845208845209	129.6221198156682
70501	441.5110565110565	171.40399385560673
70568	262.14987714987717	33.76958525345622
70625	339.54545454545456	135.76651305683563
70676	257.23587223587225	60.80491551459294
70734	343.2309582309582	76.78033794162828
70789	381.3144963144963	49.745007680491554
70853	388.68550368550365	71.86482334869432
70905	473.4520884520884	69.40706605222735
70968	412.02702702702703	95.21351766513058
71025	477.1375921375921	136.99539170506912
71078	414.48402948402946	47.28725038402458
71136	419.3980343980344	78.00921658986175
71203	494.33660933660934	87.84024577572966
71262	430.45454545454544	151.74193548387098
71319	440.2825552825553	98.90015360983104
71385	458.71007371007374	89.06912442396315
71441	392.37100737100735	87.84024577572966
71503	426.76904176904173	87.84024577572966
71574	434.1400491400491	95.21351766513058
71636	371.48648648648646	188.60829493087556
71701	510.3071253071253	140.6820276497696
71756	457.48157248157247	125.93548387096776
71819	485.7371007371007	79.23809523809524
71887	545.9336609336609	130.8509984639017
71953	564.3611793611793	30.08294930875576
72019	565.5896805896806	55.889400921658996
72078	520.1351351351351	93.98463901689709
72139	569.2751842751843	113.64669738863287
72204	550.8476658476659	85.38248847926268
72262	531.1916461916462	44.82949308755761
72315	607.3587223587224	96.44239631336407
72387	507.8501228501229	68.17818740399386
72453	574.1891891891892	95.21351766513058
72511	580.3316953316953	105.04454685099847
72586	654.041769041769	14.10752688172043
72654	650.3562653562653	27.625192012288785
72708	642.9852579852579	108.73118279569893
72769	683.5257985257986	26.396313364055302
72836	636.8427518427519	41.142857142857146
72902	612.2727272727273	-8.012288786482333
72969	741.2653562653563	175.0906298003072
73036	713.0098280098281	102.58678955453149
73102	407.11302211302205	125.93548387096776
73171	321.1179361179361	3.0476190476190483
73236	257.23587223587225	28.854070660522275
73301	311.2899262899263	55.889400921658996
73370	295.3194103194103	113.64669738863287
73435	252.3218673218673	117.33333333333333
73502	269.5208845208845	70.63594470046084
73586	242.4938574938575	101.357910906298
73652	167.55528255528253	113.64669738863287
73721	537.3341523341522	176.3195084485407
73786	672.4692874692875	227.93241167434712
73852	695.8108108108107	123.47772657450078
73908	703.1818181818181	82.92473118279571
73965	748.6363636363636	191.06605222734254
74024	715.4668304668305	161.57296466973884
74079	663.8697788697788	152.97081413210444
74153	412.02702702702703	113.64669738863287
74219	346.9164619164619	132.0798771121352
74286	306.37592137592134	26.396313364055302
74343	150.35626535626534	60.80491551459294
74401	375.17199017199016	96.44239631336407
74468	252.3218673218673	105.04454685099847
74536	181.06879606879605	-12.927803379416284
74602	257.23587223587225	-15.385560675883255
74670	310.06142506142504	157.8863287250384
74737	388.68550368550365	134.53763440860214
74803	371.48648648648646	157.8863287250384
74868	397.2850122850123	267.25652841781874
74936	482.05159705159707	231.61904761904762
74993	849.3734643734643	356.96466973886334
75045	1117.1867321867321	411.0353302611367
75102	1179.8402948402947	325.01382488479265
75170	1063.1326781326782	395.0599078341014
75235	1244.95085995086	404.89093701996933
75302	1221.6093366093367	450.35944700460834
75372	1297.7764127764126	456.50384024577573
75440	880.085995085995	269.7142857142857
75501	541.0196560196559	372.94009216589865
75570	527.5061425061425	268.4854070660522
75642	439.054054054054	253.73886328725038
75769	432.9115479115479	250.05222734254994
75835	429.2260442260442	181.23502304147465
75901	418.16953316953317	208.27035330261134
75969	418.16953316953317	247.59447004608296
76027	462.3955773955774	200.89708141321046
76102	550.8476658476659	161.57296466973884
76168	523.8206388206388	128.39324116743472
76235	714.2383292383292	143.13978494623655
76303	784.2628992628993	164.03072196620582
76369	730.2088452088452	84.15360983102919
76441	717.9238329238328	116.10445468509984
76501	533.6486486486485	189.83717357910905
76569	348.1449631449631	87.84024577572966
76632	366.5724815724816	146.82642089093702
76703	265.8353808353808	127.16436251920122
76770	195.81081081081078	138.22427035330261
76836	371.48648648648646	84.15360983102919
76902	355.5159705159705	93.98463901689709
76969	150.35626535626534	47.28725038402458
77035	69.27518427518426	48.51612903225807
77102	326.031941031941	37.45622119815668
77165	184.75429975429975	75.55145929339479
77217	198.26781326781327	65.72043010752688
77275	147.89926289926288	42.371735791090636
77335	119.64373464373462	-12.927803379416284
77403	102.44471744471744	-9.241167434715821
77469	131.9287469287469	-75.6006144393241
77536	92.6167076167076	47.28725038402458
77603	26.277641277641262	7.9631336405529956
77670	104.90171990171989	22.70967741935484
77741	107.35872235872235	41.142857142857146
77803	279.3488943488943	47.28725038402458
77867	123.32923832923831	6.734254992319509
77937	98.75921375921375	-6.783410138248848
78003	59.447174447174426	22.70967741935484
78070	409.57002457002454	123.47772657450078
78140	450.11056511056506	173.8617511520737
78194	362.8869778869779	162.80184331797233
78252	305.1474201474201	79.23809523809524
78306	102.44471744471744	69.40706605222735
78370	85.24570024570023	57.11827956989248
78435	70.50368550368549	98.90015360983104
78503	117.18673218673217	-0.6390168970814127
78586	242.4938574938575	152.97081413210444
78653	106.1302211302211	82.92473118279571
78719	235.1228501228501	28.854070660522275
78786	276.8918918918919	107.50230414746544
78844	230.2088452088452	157.8863287250384
78905	188.43980343980343	62.033794162826425
78956	332.17444717444715	-9.241167434715821
79010	327.2604422604423	117.33333333333333
79067	399.7420147420147	108.73118279569893
79115	407.11302211302205	116.10445468509984
79172	276.8918918918919	108.73118279569893
79237	323.5749385749386	97.67127496159755
79296	194.58230958230956	175.0906298003072
79349	221.6093366093366	60.80491551459294
79420	313.74692874692875	132.0798771121352
79486	412.02702702702703	141.91090629800306
79545	301.4619164619165	300.43625192012286
79609	365.3439803439803	390.14439324116745
79662	323.5749385749386	402.4331797235023
79712	407.11302211302205	300.43625192012286
79772	256.007371007371	414.72196620583725
79837	346.9164619164619	340.98924731182797
79903	579.1031941031941	267.25652841781874
79969	564.3611793611793	356.96466973886334
80037	458.71007371007374	277.08755760368666
80107	455.02457002457004	290.605222734255
80158	466.08108108108104	304.1228878648234
80219	410.79852579852576	312.72503840245776
80287	407.11302211302205	363.1090629800307
80346	351.83046683046683	318.8694316436252
80402	375.17199017199016	414.72196620583725
80470	381.3144963144963	396.2887864823349
80524	474.68058968058966	275.8586789554531
80581	447.65356265356263	297.9784946236559
80642	426.76904176904173	278.3164362519201
80704	561.9041769041769	375.3978494623656
80756	593.8452088452088	227.93241167434712
80820	671.2407862407862	296.74961597542244
80886	674.9262899262899	328.70046082949307
80953	398.5135135135135	316.4116743471582
81015	427.997542997543	334.8448540706606
81087	415.7125307125307	253.73886328725038
81153	619.6437346437347	397.5176651305684
81220	547.1621621621622	218.10138248847926
81286	462.3955773955774	256.19662058371733
81345	451.33906633906633	250.05222734254994
81398	490.65110565110564	273.40092165898614
81449	403.4275184275184	203.35483870967738
81512	371.48648648648646	263.5698924731183
81586	308.8329238329238	218.10138248847926
81653	323.5749385749386	315.18279569892474
81711	258.46437346437347	306.5806451612903
81770	273.2063882063882	242.678955453149
81837	257.23587223587225	243.90783410138246
81903	319.8894348894349	204.5837173579109
81961	440.2825552825553	257.4254992319508
82019	561.9041769041769	148.0552995391705
82078	560.6756756756756	204.5837173579109
82144	518.9066339066339	223.01689708141322
82212	516.4496314496314	237.76344086021504
82269	437.8255528255528	240.22119815668202
82336	522.5921375921376	227.93241167434712
82404	489.42260442260437	229.16129032258064
82456	507.8501228501229	254.96774193548384
82512	516.4496314496314	199.66820276497694
82586	728.980343980344	136.99539170506912
82654	679.8402948402949	220.55913978494624
82712	714.2383292383292	246.36559139784944
82771	733.8943488943489	359.4224270353303
82818	631.9287469287469	313.95391705069125
82882	743.7223587223586	225.4746543778802
82953	612.2727272727273	231.61904761904762
83012	667.5552825552825	188.60829493087556
83087	714.2383292383292	215.64362519201228
83153	604.90171990172	251.2811059907834
83220	628.2432432432432	263.5698924731183
83287	570.5036855036855	208.27035330261134
83354	525.0491400491401	315.18279569892474
83419	501.70761670761664	161.57296466973884
83477	633.1572481572482	256.19662058371733
83531	677.3832923832923	242.678955453149
83603	642.9852579852579	92.7557603686636
83671	656.4987714987715	209.49923195084486
83736	829.7174447174447	127.16436251920122
83787	877.6289926289926	187.37941628264207
83853	760.9213759213759	146.82642089093702
83921	635.6142506142506	87.84024577572966
83983	749.8648648648648	19.023041474654377
84046	805.1474201474201	113.64669738863287
84120	819.8894348894349	65.72043010752688
84186	700.7248157248157	82.92473118279571
84253	737.5798525798526	160.34408602150535
84325	701.953316953317	11.649769585253457
84446	830.9459459459459	80.46697388632873
84513	764.6068796068796	159.11520737327186
84570	682.2972972972973	114.87557603686636
84637	867.8009828009829	103.81566820276498
84701	768.2923832923833	31.311827956989248
84770	885.0	145.59754224270353
84837	818.6609336609337	167.7173579109063
84903	861.6584766584766	152.97081413210444
84970	968.5380835380836	176.3195084485407
85026	894.8280098280098	102.58678955453149
85082	1095.0737100737101	311.49615975422427
85145	1440.2825552825552	434.384024577573
85203	1163.8697788697789	283.23195084485405
85270	896.0565110565111	242.678955453149
85337	475.9090909090909	245.13671274961598
85395	510.3071253071253	277.08755760368666
85453	528.7346437346438	257.4254992319508
85521	510.3071253071253	211.95698924731184
85604	549.6191646191646	202.12596006144392
85669	566.8181818181818	178.77726574500767
85737	512.7641277641277	187.37941628264207
85795	541.0196560196559	123.47772657450078
85869	520.1351351351351	130.8509984639017
85936	450.11056511056506	170.17511520737324
86003	439.054054054054	132.0798771121352
86067	478.36609336609337	175.0906298003072
86123	638.071253071253	213.1858678955453
86187	526.2776412776412	203.35483870967738
86247	496.7936117936118	204.5837173579109
86303	566.8181818181818	204.5837173579109
86369	502.9361179361179	182.4639016897081
86437	493.10810810810807	230.3901689708141
86502	633.1572481572482	189.83717357910905
86562	595.07371007371	460.19047619047615
86614	641.7567567567567	549.8986175115207
86667	796.5479115479114	650.6666666666666
86737	762.1498771498772	671.557603686636
86804	590.1597051597051	632.2334869431644
86869	509.07862407862405	631.0046082949309
86936	470.995085995086	644.5222734254992
87003	513.992628992629	744.0614439324116
87063	516.4496314496314	618.715821812596
87118	614.7297297297297	578.162826420891
87186	496.7936117936118	563.4162826420891
87245	496.7936117936118	583.0783410138249
87303	466.08108108108104	533.9231950844854
87370	254.77886977886976	344.67588325652844
87437	343.2309582309582	254.96774193548384
87503	318.6609336609336	170.17511520737324
87569	269.5208845208845	268.4854070660522
87637	549.6191646191646	105.04454685099847
87692	359.2014742014742	247.59447004608296
87754	467.3095823095823	261.1121351766513
87815	539.7911547911548	282.00307219662056
87871	396.056511056511	180.00614439324116
87941	528.7346437346438	189.83717357910905
88020	627.014742014742	30.08294930875576
88088	725.2948402948402	199.66820276497694
88154	537.3341523341522	216.87250384024574
88214	639.2997542997542	113.64669738863287
88270	475.9090909090909	96.44239631336407
88319	560.6756756756756	172.63287250384022
88376	575.4176904176904	152.97081413210444
88436	504.1646191646192	148.0552995391705
88493	518.9066339066339	170.17511520737324
88553	451.33906633906633	194.752688172043
88617	370.25798525798524	232.84792626728108
88674	386.2285012285012	192.29493087557603
88737	502.9361179361179	135.76651305683563
88804	588.9312039312039	160.34408602150535
88870	654.041769041769	168.94623655913975
88937	614.7297297297297	181.23502304147465
88997	817.4324324324325	558.5007680491552
89054	715.4668304668305	677.7019969278034
89119	663.8697788697788	622.4024577572965
89175	709.3243243243244	605.1981566820276
89222	727.7518427518427	586.7649769585254
89280	560.6756756756756	484.76804915514595
89336	518.9066339066339	559.7296466973886
89405	469.76658476658474	516.7188940092166
89470	584.017199017199	558.5007680491552
89537	502.9361179361179	549.8986175115207
89604	407.11302211302205	589.2227342549924
89660	385.0	532.6943164362519
89720	258.46437346437347	304.1228878648234
89781	292.86240786240785	152.97081413210444
89836	416.94103194103195	208.27035330261134
89889	307.6044226044226	232.84792626728108
89953	310.06142506142504	243.90783410138246
90023	413.25552825552825	246.36559139784944
90086	489.42260442260437	202.12596006144392
90154	437.8255528255528	250.05222734254994
90213	477.1375921375921	218.10138248847926
90270	469.76658476658474	165.2596006144393
90337	346.9164619164619	180.00614439324116
90404	526.2776412776412	200.89708141321046
90471	455.02457002457004	210.72811059907832
90538	373.94348894348894	251.2811059907834
90604	419.3980343980344	302.89400921658984
90671	383.7714987714987	238.99231950844856
90725	413.25552825552825	247.59447004608296
90779	767.0638820638821	503.2012288786483
90838	959.9385749385749	715.7972350230415
90904	779.3488943488943	580.6205837173579
90972	665.09828009828	605.1981566820276
91054	472.22358722358723	584.3072196620584
91121	482.05159705159707	578.162826420891
91177	547.1621621621622	586.7649769585254
91237	665.09828009828	575.705069124424
91305	599.987714987715	645.7511520737328
91364	539.7911547911548	590.4516129032257
91437	515.2211302211302	569.5606758832565
91504	271.97788697788695	345.9047619047619
91572	371.48648648648646	269.7142857142857
91626	324.8034398034398	215.64362519201228
91705	314.97542997542996	237.76344086021504
91763	317.4324324324324	189.83717357910905
91838	393.5995085995086	250.05222734254994
91921	561.9041769041769	460.19047619047615
91988	658.955773955774	590.4516129032257
92054	692.125307125307	600.2826420890937
92122	511.5356265356266	639.6067588325653
92205	518.9066339066339	654.3533026113671
92260	574.1891891891892	540.0675883256529
92325	506.6216216216216	583.0783410138249
92388	511.5356265356266	498.28571428571433
92449	520.1351351351351	515.4900153609831
92522	697.039312039312	489.6835637480799
92586	700.7248157248157	569.5606758832565
92653	617.1867321867321	569.5606758832565
92715	615.958230958231	508.1167434715822
92786	563.132678132678	542.5253456221199
92929	495.56511056511056	575.705069124424
93004	388.68550368550365	626.089093701997
93071	232.66584766584765	543.7542242703533
93136	280.5773955773956	440.5284178187404
93188	243.7223587223587	337.30261136712755
93254	222.8378378378378	304.1228878648234
93320	275.6633906633906	267.25652841781874
93404	241.26535626535625	290.605222734255
93471	264.60687960687955	251.2811059907834
93537	343.2309582309582	269.7142857142857
93603	526.2776412776412	524.0921658986175
93666	536.1056511056511	544.9831029185868
93737	544.7051597051596	525.321044546851
93804	634.3857493857494	592.9093701996928
93871	541.0196560196559	538.8387096774194
93938	558.2186732186732	546.2119815668202
94003	747.4078624078624	557.2718894009217
94060	1219.152334152334	629.7757296466974
94122	1216.6953316953318	427.0107526881721
94188	1209.3243243243244	348.3625192012289
94254	1242.4938574938576	579.3917050691244
94328	1103.6732186732186	590.4516129032257
94402	1074.1891891891892	408.57757296466974
94471	1075.4176904176904	551.1274961597542
94540	1066.818181818182	422.09523809523813
94596	1295.31941031941	420.8663594470046
94662	1066.818181818182	552.3563748079878
94720	1061.904176904177	547.4408602150538
94788	1039.7911547911547	633.4623655913979
94848	1079.103194103194	664.184331797235
94903	1129.4717444717444	665.4132104454685
94970	1128.2432432432431	643.2933947772658
95036	919.3980343980344	572.0184331797236
95104	1224.0663390663392	460.19047619047615
95171	1071.7321867321866	617.4869431643625
95228	1088.931203931204	584.3072196620584
95287	1158.9557739557738	619.9447004608295
95354	1118.4152334152334	596.5960061443933
95411	1205.6388206388206	628.5468509984639
95464	1074.1891891891892	549.8986175115207
95542	1166.3267813267812	576.9339477726575
95623	1371.4864864864865	517.9477726574502
95684	972.2235872235873	499.5145929339478
95736	1233.8943488943487	482.310291858679
95804	1300.2334152334151	596.5960061443933
95870	1194.5823095823096	611.3425499231951
95938	1204.4103194103193	712.110599078341
96000	1085.2457002457004	567.1029185867897
96060	1192.125307125307	583.0783410138249
96118	1170.012285012285	575.705069124424
96189	1124.5577395577395	583.0783410138249
96254	1194.5823095823096	640.8356374807988
96321	1292.8624078624077	565.874039938556
96386	1190.896805896806	525.321044546851
96454	1168.7837837837837	615.0291858678955
96520	1289.1769041769041	602.7403993855607
96570	1235.1228501228502	586.7649769585254
96638	1296.5479115479116	633.4623655913979
96697	1084.017199017199	613.800307219662
96760	1231.4373464373464	596.5960061443933
96816	1221.6093366093367	570.78955453149
96888	1123.3292383292385	676.4731182795699
96953	835.8599508599508	536.3809523809524
97021	624.5577395577395	515.4900153609831
97081	595.07371007371	358.19354838709677
97139	682.2972972972973	315.18279569892474
97204	587.7027027027026	310.2672811059908
97271	577.8746928746929	176.3195084485407
97338	543.4766584766585	184.9216589861751
97404	525.0491400491401	200.89708141321046
97469	545.9336609336609	164.03072196620582
97539	1123.3292383292385	317.6405529953917
97601	1071.7321867321866	364.3379416282643
97663	1176.1547911547912	456.50384024577573
97738	919.3980343980344	519.1766513056835
97804	1220.3808353808354	542.5253456221199
97870	1072.960687960688	428.2396313364056
97935	1193.3538083538085	632.2334869431644
98005	1194.5823095823096	585.5360983102919
98073	1123.3292383292385	529.0076804915515
98138	1300.2334152334151	648.2089093701998
98204	1043.4766584766585	497.0568356374808
98270	1209.3243243243244	600.2826420890937
98332	1200.7248157248157	557.2718894009217
98407	1131.928746928747	570.78955453149
98480	1016.4496314496314	649.4377880184331
98556	1157.7272727272727	709.652841781874
98624	953.7960687960688	626.089093701997
98681	973.4520884520884	560.9585253456221
98731	1074.1891891891892	602.7403993855607
98807	1157.7272727272727	607.6559139784947
98865	1133.157248157248	623.63133640553
98927	1270.7493857493857	549.8986175115207
98988	1209.3243243243244	602.7403993855607
99055	1138.071253071253	546.2119815668202
99121	1167.5552825552827	628.5468509984639
99183	1346.9164619164617	586.7649769585254
99231	1009.078624078624	441.75729646697397
99288	684.7542997542997	452.81720430107526
99355	339.54545454545456	441.75729646697397
99423	278.1203931203931	293.062980030722
99488	314.97542997542996	237.76344086021504
99554	302.69041769041763	312.72503840245776
99606	253.55036855036855	293.062980030722
99660	350.6019656019656	294.29185867895546
99721	437.8255528255528	300.43625192012286
99788	902.1990171990171	678.9308755760369
99854	1005.3931203931204	708.4239631336405
99921	747.4078624078624	682.6175115207374
99974	942.7395577395578	685.0752688172042
100037	902.1990171990171	682.6175115207374
100104	720.3808353808354	692.4485407066053
100172	741.2653562653563	643.2933947772658
100237	840.7739557739558	602.7403993855607
100296	539.7911547911548	580.6205837173579
100372	513.992628992629	634.6912442396314
100433	495.56511056511056	472.4792626728111
100498	606.1302211302211	527.778801843318
100571	690.8968058968059	535.1520737327189
100633	547.1621621621622	649.4377880184331
100694	491.87960687960685	600.2826420890937
100754	1006.6216216216214	724.3993855606759
100807	1151.5847665847664	533.9231950844854
100872	1333.4029484029481	532.6943164362519
100937	1189.6683046683047	601.5115207373273
101004	1329.7174447174446	815.3364055299539
101056	1165.0982800982802	697.3640552995392
101110	1145.4422604422605	672.7864823348694
101161	1326.0319410319407	674.0153609831029
101220	1034.8771498771498	660.4976958525345
101288	1168.7837837837837	681.3886328725039
101355	1113.5012285012285	672.7864823348694
101516	1173.6977886977886	783.3855606758833
101589	974.6805896805897	676.4731182795699
101656	1081.5601965601966	805.505376344086
101708	948.8820638820639	707.1950844854072
101771	996.7936117936118	783.3855606758833
101838	1075.4176904176904	737.9170506912443
101921	1150.3562653562653	750.2058371735791
102004	1177.3832923832922	746.5192012288787
102071	1221.6093366093367	624.8602150537635
102138	1280.5773955773955	748.9769585253456
102205	1346.9164619164617	731.7726574500768
102268	1210.5528255528254	820.2519201228879
102338	1183.5257985257986	745.2903225806451
102421	536.1056511056511	408.57757296466974
102488	256.007371007371	408.57757296466974
102555	343.2309582309582	344.67588325652844
102622	328.48894348894345	296.74961597542244
102678	289.17690417690415	363.1090629800307
102733	295.3194103194103	337.30261136712755
102791	317.4324324324324	295.5207373271889
102855	265.8353808353808	296.74961597542244
102938	389.9140049140049	431.92626728110605
103021	527.5061425061425	563.4162826420891
