time	x	y
1	-52.34643734643736	-95.2626728110599
105	-30.233415233415247	-85.43164362519201
165	2.9361179361179195	119.79109062980031
227	97.5307125307125	11.649769585253457
293	194.58230958230956	47.28725038402458
359	114.72972972972971	98.90015360983104
428	93.84520884520883	26.396313364055302
494	86.47420147420145	20.251920122887864
577	97.5307125307125	70.63594470046084
642	135.61425061425058	9.192012288786483
710	86.47420147420145	90.29800307219664
770	262.14987714987717	-14.156682027649769
833	342.00245700245694	23.938556067588326
893	407.11302211302205	-100.17818740399385
960	442.7395577395577	-73.14285714285714
1027	652.8132678132678	31.311827956989248
1094	1162.6412776412776	-11.698924731182796
1151	1361.6584766584765	-164.0798771121352
1227	1338.3169533169532	-133.357910906298
1293	1543.4766584766585	-63.31182795698924
1361	375.17199017199016	92.7557603686636
1415	375.17199017199016	23.938556067588326
1476	301.4619164619165	70.63594470046084
1541	306.37592137592134	11.649769585253457
1610	253.55036855036855	78.00921658986175
1673	129.47174447174444	86.61136712749617
1738	99.98771498771497	140.6820276497696
1797	179.84029484029483	-37.505376344086024
1850	209.3243243243243	-19.072196620583718
1910	328.48894348894345	170.17511520737324
1977	614.7297297297297	441.75729646697397
2042	577.8746928746929	456.50384024577573
2109	484.5085995085995	285.68970814132103
2177	201.95331695331694	284.46082949308754
2237	97.5307125307125	193.52380952380952
2413	150.35626535626534	-51.02304147465438
2478	141.75675675675674	70.63594470046084
2540	402.1990171990172	-12.927803379416284
2612	337.0884520884521	68.17818740399386
2674	402.1990171990172	15.336405529953916
2746	486.96560196560193	-102.63594470046083
2811	127.014742014742	130.8509984639017
2876	101.2162162162162	-9.241167434715821
2943	50.84766584766583	-4.325652841781873
3010	-31.461916461916477	164.03072196620582
3078	2.9361179361179195	-1.8678955453148995
3144	55.76167076167075	23.938556067588326
3205	96.30221130221128	52.20276497695853
3277	87.70270270270268	19.023041474654377
3343	217.92383292383292	37.45622119815668
3410	257.23587223587225	-27.674347158218126
3475	248.63636363636363	-23.987711213517667
3540	413.25552825552825	93.98463901689709
3611	397.2850122850123	-4.325652841781873
3676	306.37592137592134	36.2273425499232
3744	318.6609336609336	65.72043010752688
3816	397.2850122850123	6.734254992319509
3896	443.968058968059	-1.8678955453148995
3960	654.041769041769	-5.554531490015361
4030	484.5085995085995	-74.37173579109061
4090	462.3955773955774	-20.301075268817204
4162	344.4594594594594	-15.385560675883255
4242	240.036855036855	36.2273425499232
4318	104.90171990171989	119.79109062980031
4383	371.48648648648646	-5.554531490015361
4444	321.1179361179361	-23.987711213517667
4495	415.7125307125307	-82.97388632872503
4554	475.9090909090909	-59.625192012288785
4630	346.9164619164619	-42.42089093701997
4699	333.40294840294837	36.2273425499232
4777	549.6191646191646	-4.325652841781873
4842	516.4496314496314	10.42089093701997
4911	666.3267813267813	0.5898617511520743
4978	335.85995085995086	-54.70967741935483
5051	486.96560196560193	17.79416282642089
5126	327.2604422604423	48.51612903225807
5210	520.1351351351351	-9.241167434715821
5280	423.08353808353803	-32.58986175115207
5344	543.4766584766585	-94.03379416282641
5411	372.71498771498767	-54.70967741935483
5476	499.2506142506142	-8.012288786482333
5542	463.6240786240786	-55.938556067588316
5610	399.7420147420147	47.28725038402458
5680	440.2825552825553	-75.6006144393241
5750	398.5135135135135	-87.88940092165898
5815	350.6019656019656	-65.76958525345621
5881	360.4299754299754	-10.470046082949308
5950	211.78132678132678	-23.987711213517667
6021	211.78132678132678	48.51612903225807
6095	130.7002457002457	-43.64976958525345
6177	101.2162162162162	86.61136712749617
6245	122.10073710073709	52.20276497695853
6309	25.049140049140032	114.87557603686636
6383	91.38820638820637	111.18894009216591
6462	44.70515970515969	69.40706605222735
6528	31.191646191646175	117.33333333333333
6594	-25.319410319410334	194.752688172043
6660	102.44471744471744	76.78033794162828
6724	134.38574938574936	86.61136712749617
6794	144.2137592137592	64.49155145929339
6860	160.18427518427518	129.6221198156682
6928	93.84520884520883	157.8863287250384
6984	213.00982800982797	119.79109062980031
7040	114.72972972972971	74.3225806451613
7111	195.81081081081078	162.80184331797233
7171	225.2948402948403	33.76958525345622
7232	168.78378378378378	66.94930875576037
7293	197.03931203931202	62.033794162826425
7361	149.1277641277641	100.12903225806453
7424	160.18427518427518	55.889400921658996
7494	224.06633906633905	31.311827956989248
7577	265.8353808353808	101.357910906298
7644	443.968058968059	15.336405529953916
7711	597.5307125307125	32.54070660522274
7778	532.4201474201474	-30.1321044546851
7844	547.1621621621622	122.24884792626729
7919	658.955773955774	-0.6390168970814127
7977	627.014742014742	25.167434715821813
8050	517.6781326781327	-9.241167434715821
8116	501.70761670761664	34.99846390168971
8179	506.6216216216216	31.311827956989248
8247	477.1375921375921	-33.81874039938556
8312	419.3980343980344	-1.8678955453148995
8383	477.1375921375921	25.167434715821813
8448	375.17199017199016	34.99846390168971
8514	489.42260442260437	5.505376344086022
8584	394.8280098280098	46.0583717357911
8650	441.5110565110565	-6.783410138248848
8706	407.11302211302205	3.0476190476190483
8777	470.995085995086	71.86482334869432
8831	571.7321867321867	86.61136712749617
8886	622.1007371007371	-44.87864823348694
8945	746.1793611793611	-102.63594470046083
9012	699.4963144963144	25.167434715821813
9076	494.33660933660934	60.80491551459294
9139	200.7248157248157	58.34715821812596
9210	77.87469287469285	186.15053763440858
9276	197.03931203931202	105.04454685099847
9338	97.5307125307125	68.17818740399386
9396	209.3243243243243	19.023041474654377
9453	213.00982800982797	172.63287250384022
9528	373.94348894348894	92.7557603686636
9594	409.57002457002454	-8.012288786482333
9661	456.25307125307125	37.45622119815668
9724	375.17199017199016	-51.02304147465438
9794	409.57002457002454	54.66052227342551
9855	434.1400491400491	259.8832565284178
9928	439.054054054054	210.72811059907832
9990	375.17199017199016	254.96774193548384
10065	408.3415233415233	168.94623655913975
10139	322.3464373464373	256.19662058371733
10202	443.968058968059	215.64362519201228
10274	435.36855036855036	210.72811059907832
10352	624.5577395577395	140.6820276497696
10437	414.48402948402946	186.15053763440858
10506	301.4619164619165	317.6405529953917
10595	650.3562653562653	173.8617511520737
10667	517.6781326781327	211.95698924731184
10747	477.1375921375921	274.6298003072197
10819	554.5331695331696	238.99231950844856
10883	380.0859950859951	203.35483870967738
10952	484.5085995085995	134.53763440860214
11107	371.48648648648646	1.8187403993855613
11177	421.8550368550368	-4.325652841781873
11245	338.3169533169533	86.61136712749617
11317	107.35872235872235	208.27035330261134
11390	76.64619164619162	183.6927803379416
11458	292.86240786240785	122.24884792626729
11530	259.6928746928747	-1.8678955453148995
11596	467.3095823095823	42.371735791090636
11676	469.76658476658474	41.142857142857146
11742	513.992628992629	-36.276497695852534
11810	539.7911547911548	-82.97388632872503
11877	595.07371007371	-105.0937019969278
11944	334.63144963144964	-14.156682027649769
12011	265.8353808353808	38.68509984639017
12085	221.6093366093366	32.54070660522274
12144	322.3464373464373	-181.28417818740402
12211	328.48894348894345	-33.81874039938556
12277	328.48894348894345	-31.36098310291859
12337	300.23341523341526	-62.08294930875575
12394	284.2628992628993	-103.86482334869432
12451	259.6928746928747	-66.9984639016897
12517	303.9189189189189	-117.38248847926268
12595	313.74692874692875	-139.50230414746542
12655	404.6560196560197	-124.75576036866359
12717	279.3488943488943	-53.48079877112135
12778	435.36855036855036	-12.927803379416284
12844	467.3095823095823	42.371735791090636
12901	554.5331695331696	6.734254992319509
12956	517.6781326781327	26.396313364055302
13029	472.22358722358723	97.67127496159755
13099	466.08108108108104	98.90015360983104
13162	483.2800982800983	286.9185867895545
13227	534.8771498771498	21.48079877112135
13294	656.4987714987715	140.6820276497696
13361	405.8845208845209	116.10445468509984
13426	426.76904176904173	187.37941628264207
13496	378.85749385749386	193.52380952380952
13578	334.63144963144964	192.29493087557603
13645	287.94840294840293	127.16436251920122
13721	375.17199017199016	209.49923195084486
13794	241.26535626535625	140.6820276497696
13861	242.4938574938575	73.0937019969278
13928	275.6633906633906	107.50230414746544
14017	102.44471744471744	182.4639016897081
14125	440.2825552825553	111.18894009216591
14260	324.8034398034398	-0.6390168970814127
14339	532.4201474201474	28.854070660522275
14412	440.2825552825553	43.60061443932412
14474	486.96560196560193	86.61136712749617
14545	461.1670761670761	-27.674347158218126
14606	491.87960687960685	1.8187403993855613
14673	525.0491400491401	140.6820276497696
14751	354.28746928746926	157.8863287250384
14833	423.08353808353803	183.6927803379416
14905	442.7395577395577	-8.012288786482333
14978	324.8034398034398	-4.325652841781873
15045	378.85749385749386	37.45622119815668
15110	488.19410319410315	33.76958525345622
15164	463.6240786240786	47.28725038402458
15227	423.08353808353803	-1.8678955453148995
15295	495.56511056511056	-19.072196620583718
15357	593.8452088452088	-58.396313364055295
15428	447.65356265356263	60.80491551459294
15494	642.9852579852579	-12.927803379416284
15561	668.7837837837837	44.82949308755761
15628	531.1916461916462	28.854070660522275
15698	491.87960687960685	243.90783410138246
15770	493.10810810810807	157.8863287250384
15839	456.25307125307125	48.51612903225807
15908	564.3611793611793	34.99846390168971
15991	507.8501228501229	66.94930875576037
16071	437.8255528255528	141.91090629800306
16144	520.1351351351351	-25.216589861751153
16198	517.6781326781327	-1.8678955453148995
16256	478.36609336609337	148.0552995391705
16327	457.48157248157247	86.61136712749617
16394	555.7616707616708	36.2273425499232
16461	619.6437346437347	33.76958525345622
16545	534.8771498771498	119.79109062980031
16610	617.1867321867321	96.44239631336407
16678	591.3882063882063	214.41474654377882
16744	625.7862407862408	197.21044546850996
16800	569.2751842751843	218.10138248847926
16862	365.3439803439803	401.20430107526886
16961	609.8157248157248	91.52688172043011
17063	531.1916461916462	182.4639016897081
17187	599.987714987715	86.61136712749617
17266	480.8230958230958	207.04147465437788
17327	674.9262899262899	103.81566820276498
17396	601.2162162162163	159.11520737327186
17461	505.39312039312034	162.80184331797233
17520	479.5945945945946	106.27342549923196
17594	367.80098280098275	20.251920122887864
17662	475.9090909090909	12.878648233486945
17728	437.8255528255528	32.54070660522274
17794	543.4766584766585	5.505376344086022
17853	452.56756756756755	87.84024577572966
17913	532.4201474201474	-91.57603686635944
17977	652.8132678132678	-84.20276497695852
18044	528.7346437346438	82.92473118279571
18111	628.2432432432432	7.9631336405529956
18178	548.3906633906633	34.99846390168971
18229	576.6461916461916	-44.87864823348694
18290	509.07862407862405	6.734254992319509
18349	534.8771498771498	-1.8678955453148995
18411	635.6142506142506	5.505376344086022
18479	737.5798525798526	-116.15360983102919
18546	543.4766584766585	22.70967741935484
18603	575.4176904176904	-60.85407066052226
18679	627.014742014742	41.142857142857146
18744	604.90171990172	5.505376344086022
18812	570.5036855036855	-17.84331797235023
18879	335.85995085995086	-22.75883256528418
18945	233.89434889434887	43.60061443932412
19012	319.8894348894349	62.033794162826425
19079	316.2039312039312	138.22427035330261
19135	181.06879606879605	148.0552995391705
19194	263.37837837837833	12.878648233486945
19262	466.08108108108104	59.57603686635945
19319	473.4520884520884	21.48079877112135
19396	516.4496314496314	-122.29800307219662
19462	484.5085995085995	28.854070660522275
19528	521.3636363636364	-20.301075268817204
19611	507.8501228501229	-11.698924731182796
19671	527.5061425061425	43.60061443932412
19744	579.1031941031941	-41.19201228878648
19811	608.5872235872237	-65.76958525345621
19879	628.2432432432432	-52.25192012288786
19953	482.05159705159707	159.11520737327186
20012	448.88206388206385	68.17818740399386
20079	532.4201474201474	-39.96313364055299
20134	440.2825552825553	-33.81874039938556
20195	537.3341523341522	-23.987711213517667
20261	501.70761670761664	-37.505376344086024
20328	520.1351351351351	-74.37173579109061
20394	265.8353808353808	63.262672811059915
20462	252.3218673218673	-17.84331797235023
20528	150.35626535626534	135.76651305683563
20594	359.2014742014742	-73.14285714285714
20661	168.78378378378378	-41.19201228878648
20725	302.69041769041763	-66.9984639016897
20790	264.60687960687955	-57.167434715821805
20843	302.69041769041763	44.82949308755761
20910	300.23341523341526	-23.987711213517667
20979	307.6044226044226	66.94930875576037
21035	469.76658476658474	15.336405529953916
21111	452.56756756756755	-58.396313364055295
21178	360.4299754299754	-53.48079877112135
21235	430.45454545454544	-36.276497695852534
21292	365.3439803439803	-75.6006144393241
21357	479.5945945945946	-186.19969278033795
21429	446.4250614250614	-65.76958525345621
21494	268.29238329238325	-48.565284178187405
21556	230.2088452088452	54.66052227342551
21616	316.2039312039312	46.0583717357911
21679	232.66584766584765	64.49155145929339
21746	192.12530712530713	53.43164362519202
21811	267.06388206388203	86.61136712749617
21878	276.8918918918919	-3.0967741935483866
21937	291.6339066339066	5.505376344086022
21993	392.37100737100735	1.8187403993855613
22059	392.37100737100735	-14.156682027649769
22129	440.2825552825553	69.40706605222735
22194	456.25307125307125	32.54070660522274
22261	456.25307125307125	-35.04761904761905
22329	608.5872235872237	-55.938556067588316
22396	521.3636363636364	21.48079877112135
22462	571.7321867321867	-76.8294930875576
22522	457.48157248157247	32.54070660522274
22596	485.7371007371007	-10.470046082949308
22661	521.3636363636364	-21.52995391705069
22722	412.02702702702703	-28.90322580645161
22780	529.9631449631449	-16.61443932411674
22837	396.056511056511	-68.2273425499232
22912	548.3906633906633	-146.87557603686636
22979	456.25307125307125	9.192012288786483
23030	593.8452088452088	34.99846390168971
23095	490.65110565110564	20.251920122887864
23161	515.2211302211302	-11.698924731182796
23231	543.4766584766585	-9.241167434715821
23295	393.5995085995086	-55.938556067588316
23356	414.48402948402946	-49.79416282642089
23429	462.3955773955774	-73.14285714285714
23493	547.1621621621622	-75.6006144393241
23691	528.7346437346438	-15.385560675883255
23752	561.9041769041769	-106.3225806451613
23813	521.3636363636364	-38.73425499231951
23878	466.08108108108104	-119.84024577572964
23934	470.995085995086	14.10752688172043
23994	593.8452088452088	-48.565284178187405
24061	575.4176904176904	-14.156682027649769
24127	517.6781326781327	17.79416282642089
24195	538.5626535626535	-159.16436251920126
24264	486.96560196560193	7.9631336405529956
24334	635.6142506142506	-49.79416282642089
24412	568.046683046683	-127.21351766513055
24470	507.8501228501229	-98.94930875576037
24546	563.132678132678	-135.81566820276498
24628	571.7321867321867	-41.19201228878648
24694	623.3292383292384	181.23502304147465
24762	527.5061425061425	616.258064516129
24829	421.8550368550368	284.46082949308754
24895	536.1056511056511	123.47772657450078
24957	445.1965601965602	134.53763440860214
25013	532.4201474201474	38.68509984639017
25078	581.5601965601966	1.8187403993855613
25161	694.5823095823096	14.10752688172043
25237	692.125307125307	-17.84331797235023
25330	701.953316953317	-38.73425499231951
25396	703.1818181818181	-23.987711213517667
25462	699.4963144963144	-84.20276497695852
25534	569.2751842751843	48.51612903225807
25596	725.2948402948402	1.8187403993855613
25665	737.5798525798526	-5.554531490015361
25733	613.5012285012284	116.10445468509984
25796	771.9778869778869	173.8617511520737
25862	668.7837837837837	734.2304147465437
25929	625.7862407862408	522.8632872503841
25998	596.3022113022113	430.6973886328725
26080	501.70761670761664	282.00307219662056
26145	412.02702702702703	379.0844854070661
26205	555.7616707616708	172.63287250384022
26279	658.955773955774	-22.75883256528418
26345	655.2702702702703	-10.470046082949308
26413	420.6265356265356	57.11827956989248
26480	475.9090909090909	58.34715821812596
26549	515.2211302211302	145.59754224270353
26616	491.87960687960685	68.17818740399386
26679	441.5110565110565	25.167434715821813
26745	357.97297297297297	50.97388632872505
26815	520.1351351351351	39.913978494623656
26879	479.5945945945946	44.82949308755761
26946	437.8255528255528	112.4178187403994
27012	332.17444717444715	139.4531490015361
27078	585.2457002457002	64.49155145929339
27145	636.8427518427519	15.336405529953916
27202	584.017199017199	-23.987711213517667
27263	563.132678132678	38.68509984639017
27328	555.7616707616708	12.878648233486945
27392	670.012285012285	-26.445468509984636
27461	658.955773955774	14.10752688172043
27530	572.960687960688	71.86482334869432
27597	506.6216216216216	95.21351766513058
27666	673.6977886977887	-31.36098310291859
27722	695.8108108108107	-82.97388632872503
27776	681.068796068796	4.276497695852536
27846	670.012285012285	-6.783410138248848
27914	634.3857493857494	-52.25192012288786
27979	762.1498771498772	-19.072196620583718
28045	765.8353808353809	21.48079877112135
28112	695.8108108108107	49.745007680491554
28179	719.1523341523341	37.45622119815668
28245	726.5233415233415	-1.8678955453148995
28304	679.8402948402949	36.2273425499232
28368	679.8402948402949	73.0937019969278
28438	614.7297297297297	134.53763440860214
28512	520.1351351351351	85.38248847926268
28575	389.9140049140049	125.93548387096776
28635	334.63144963144964	136.99539170506912
28694	317.4324324324324	53.43164362519202
28761	360.4299754299754	46.0583717357911
28828	322.3464373464373	121.0199692780338
28889	383.7714987714987	-16.61443932411674
28944	292.86240786240785	57.11827956989248
29012	285.4914004914005	85.38248847926268
29076	311.2899262899263	58.34715821812596
29146	569.2751842751843	-0.6390168970814127
29208	655.2702702702703	10.42089093701997
29274	724.0663390663391	68.17818740399386
29345	738.8083538083538	-86.6605222734255
29402	661.4127764127765	44.82949308755761
29463	630.7002457002457	44.82949308755761
29524	644.2137592137592	122.24884792626729
29596	726.5233415233415	52.20276497695853
29657	591.3882063882063	79.23809523809524
29729	635.6142506142506	23.938556067588326
29795	606.1302211302211	49.745007680491554
29853	715.4668304668305	62.033794162826425
29907	673.6977886977887	-35.04761904761905
29980	585.2457002457002	-25.216589861751153
30042	516.4496314496314	-8.012288786482333
30112	448.88206388206385	-54.70967741935483
30179	420.6265356265356	-11.698924731182796
30246	405.8845208845209	133.30875576036868
30307	393.5995085995086	36.2273425499232
30378	236.35135135135133	23.938556067588326
30446	232.66584766584765	42.371735791090636
30511	262.14987714987717	-6.783410138248848
30573	258.46437346437347	74.3225806451613
30643	330.94594594594594	-59.625192012288785
30740	397.2850122850123	-69.45622119815667
30808	470.995085995086	9.192012288786483
30875	448.88206388206385	-27.674347158218126
30945	466.08108108108104	65.72043010752688
31015	421.8550368550368	52.20276497695853
31079	457.48157248157247	48.51612903225807
31145	407.11302211302205	79.23809523809524
31215	394.8280098280098	123.47772657450078
31288	518.9066339066339	133.30875576036868
31363	456.25307125307125	166.4884792626728
31446	324.8034398034398	73.0937019969278
31529	410.79852579852576	-20.301075268817204
31598	400.970515970516	-11.698924731182796
31661	529.9631449631449	-59.625192012288785
31729	597.5307125307125	-112.46697388632872
31795	511.5356265356266	78.00921658986175
31856	403.4275184275184	187.37941628264207
31926	405.8845208845209	33.76958525345622
31995	509.07862407862405	73.0937019969278
32063	523.8206388206388	91.52688172043011
32128	517.6781326781327	69.40706605222735
32182	482.05159705159707	75.55145929339479
32246	416.94103194103195	119.79109062980031
32312	515.2211302211302	139.4531490015361
32379	430.45454545454544	112.4178187403994
32463	452.56756756756755	62.033794162826425
32537	544.7051597051596	84.15360983102919
32631	559.4471744471743	-58.396313364055295
32693	504.1646191646192	10.42089093701997
32745	493.10810810810807	-44.87864823348694
32812	493.10810810810807	114.87557603686636
32871	453.79606879606877	93.98463901689709
32938	437.8255528255528	52.20276497695853
33001	472.22358722358723	111.18894009216591
33080	463.6240786240786	37.45622119815668
33146	661.4127764127765	-12.927803379416284
33213	575.4176904176904	46.0583717357911
33280	491.87960687960685	203.35483870967738
33345	485.7371007371007	-8.012288786482333
33498	579.1031941031941	6.734254992319509
33557	513.992628992629	-15.385560675883255
33629	511.5356265356266	135.76651305683563
33696	489.42260442260437	5.505376344086022
33762	468.5380835380835	-20.301075268817204
33829	493.10810810810807	27.625192012288785
33896	520.1351351351351	79.23809523809524
33963	588.9312039312039	23.938556067588326
34022	572.960687960688	-22.75883256528418
34097	527.5061425061425	-39.96313364055299
34163	539.7911547911548	-68.2273425499232
34230	381.3144963144963	39.913978494623656
34296	383.7714987714987	143.13978494623655
34364	389.9140049140049	47.28725038402458
34430	405.8845208845209	102.58678955453149
34493	407.11302211302205	177.54838709677418
34551	427.997542997543	176.3195084485407
34612	435.36855036855036	100.12903225806453
34665	419.3980343980344	-0.6390168970814127
34719	566.8181818181818	91.52688172043011
34775	494.33660933660934	103.81566820276498
34847	473.4520884520884	46.0583717357911
34912	568.046683046683	103.81566820276498
34978	528.7346437346438	32.54070660522274
35041	443.968058968059	50.97388632872505
35112	376.4004914004914	136.99539170506912
35178	432.9115479115479	73.0937019969278
35238	375.17199017199016	98.90015360983104
35303	499.2506142506142	73.0937019969278
35364	507.8501228501229	22.70967741935484
35430	525.0491400491401	100.12903225806453
35495	435.36855036855036	4.276497695852536
35579	453.79606879606877	-48.565284178187405
35646	570.5036855036855	-10.470046082949308
35703	434.1400491400491	-3.0967741935483866
35775	442.7395577395577	-36.276497695852534
35838	490.65110565110564	-54.70967741935483
35897	378.85749385749386	65.72043010752688
35963	228.98034398034397	-23.987711213517667
36032	330.94594594594594	-36.276497695852534
36100	216.69533169533167	66.94930875576037
36160	269.5208845208845	-38.73425499231951
36229	361.6584766584767	105.04454685099847
36293	489.42260442260437	-62.08294930875575
36364	502.9361179361179	-41.19201228878648
36429	523.8206388206388	-96.49155145929339
36496	548.3906633906633	-31.36098310291859
36562	451.33906633906633	76.78033794162828
36623	591.3882063882063	31.311827956989248
36678	599.987714987715	14.10752688172043
36745	624.5577395577395	-30.1321044546851
36813	595.07371007371	-28.90322580645161
36875	502.9361179361179	-44.87864823348694
36928	639.2997542997542	-14.156682027649769
36992	434.1400491400491	-1.8678955453148995
37049	484.5085995085995	-26.445468509984636
37104	532.4201474201474	22.70967741935484
37172	564.3611793611793	-26.445468509984636
37231	506.6216216216216	-0.6390168970814127
37296	502.9361179361179	-36.276497695852534
37362	526.2776412776412	17.79416282642089
37431	541.0196560196559	47.28725038402458
37496	580.3316953316953	46.0583717357911
37579	443.968058968059	-37.505376344086024
37647	495.56511056511056	87.84024577572966
37709	489.42260442260437	32.54070660522274
37762	599.987714987715	26.396313364055302
37815	479.5945945945946	121.0199692780338
37879	500.4791154791155	43.60061443932412
37946	360.4299754299754	73.0937019969278
38005	216.69533169533167	533.9231950844854
38071	346.9164619164619	366.7956989247312
38138	292.86240786240785	433.1551459293395
38200	256.007371007371	412.2642089093702
38263	321.1179361179361	411.0353302611367
38320	342.00245700245694	427.0107526881721
38373	184.75429975429975	455.2749615975423
38429	118.4152334152334	505.6589861751152
38495	366.5724815724816	529.0076804915515
38554	592.6167076167076	430.6973886328725
38615	426.76904176904173	803.0476190476192
38677	91.38820638820637	779.6989247311828
38737	82.78869778869777	590.4516129032257
38797	17.67813267813266	549.8986175115207
38862	182.29729729729726	365.5668202764977
38929	260.92137592137595	504.4301075268818
38996	512.7641277641277	283.23195084485405
39079	403.4275184275184	505.6589861751152
39144	365.3439803439803	627.3179723502304
39199	258.46437346437347	384.00000000000006
39256	76.64619164619162	374.16897081413214
39329	-137.1130221130221	484.76804915514595
39396	-75.6879606879607	245.13671274961598
39462	23.820638820638806	304.1228878648234
39530	112.27272727272727	215.64362519201228
39596	275.6633906633906	166.4884792626728
39663	402.1990171990172	-122.29800307219662
39729	297.77641277641277	-107.55145929339479
39795	279.3488943488943	-69.45622119815667
39863	343.2309582309582	-150.5622119815668
39922	359.2014742014742	1.8187403993855613
39977	326.031941031941	-92.80491551459293
40035	316.2039312039312	-22.75883256528418
40101	228.98034398034397	-89.11827956989247
40156	274.43488943488944	-116.15360983102919
40230	200.7248157248157	-22.75883256528418
40296	154.04176904176902	63.262672811059915
40364	182.29729729729726	9.192012288786483
40420	44.70515970515969	-33.81874039938556
40479	174.9262899262899	28.854070660522275
40538	187.21130221130218	22.70967741935484
40595	377.62899262899265	12.878648233486945
40662	301.4619164619165	-59.625192012288785
40721	292.86240786240785	23.938556067588326
40786	301.4619164619165	-12.927803379416284
40845	249.86486486486484	-3.0967741935483866
40903	174.9262899262899	-33.81874039938556
40958	287.94840294840293	-27.674347158218126
41030	371.48648648648646	5.505376344086022
41096	507.8501228501229	446.6728110599078
41163	576.6461916461916	356.96466973886334
41232	582.7886977886978	423.3241167434716
41300	640.5282555282555	401.20430107526886
41378	345.68796068796064	316.4116743471582
41474	500.4791154791155	267.25652841781874
41685	496.7936117936118	150.51305683563749
41763	404.6560196560197	10.42089093701997
41820	383.7714987714987	150.51305683563749
41879	278.1203931203931	114.87557603686636
41933	129.47174447174444	71.86482334869432
41997	133.15724815724815	-37.505376344086024
42056	99.98771498771497	-110.00921658986174
42130	225.2948402948403	-11.698924731182796
42197	158.95577395577394	52.20276497695853
42265	219.15233415233413	16.565284178187405
42322	166.32678132678132	4.276497695852536
42397	297.77641277641277	-62.08294930875575
42463	176.15479115479113	43.60061443932412
42530	440.2825552825553	-0.6390168970814127
42596	464.8525798525798	82.92473118279571
42663	397.2850122850123	237.76344086021504
42731	439.054054054054	268.4854070660522
42797	279.3488943488943	336.073732718894
42867	378.85749385749386	294.29185867895546
42946	305.1474201474201	238.99231950844856
43024	200.7248157248157	352.0491551459294
43092	321.1179361179361	343.44700460829495
43163	485.7371007371007	107.50230414746544
43231	362.8869778869779	315.18279569892474
43297	330.94594594594594	167.7173579109063
43363	216.69533169533167	309.0384024577573
43431	195.81081081081078	272.1720430107527
43498	271.97788697788695	119.79109062980031
43557	283.034398034398	123.47772657450078
43630	241.26535626535625	234.0768049155146
43690	187.21130221130218	289.3763440860215
43765	119.64373464373462	355.7357910906298
43819	127.014742014742	396.2887864823349
43877	183.5257985257985	579.3917050691244
43946	240.036855036855	411.0353302611367
44013	118.4152334152334	450.35944700460834
44079	258.46437346437347	411.0353302611367
44136	195.81081081081078	361.8801843317973
44194	297.77641277641277	235.30568356374806
44265	301.4619164619165	98.90015360983104
44323	360.4299754299754	55.889400921658996
44389	321.1179361179361	155.42857142857142
44444	187.21130221130218	167.7173579109063
44512	120.87223587223586	289.3763440860215
44580	257.23587223587225	136.99539170506912
44647	109.81572481572479	97.67127496159755
44716	-29.00491400491402	205.81259600614436
44785	215.46683046683046	-33.81874039938556
44842	85.24570024570023	85.38248847926268
44910	108.58722358722358	33.76958525345622
44967	178.61179361179362	139.4531490015361
45032	81.56019656019654	161.57296466973884
45092	91.38820638820637	170.17511520737324
45163	238.80835380835381	134.53763440860214
45231	386.2285012285012	-31.36098310291859
45300	393.5995085995086	-10.470046082949308
45363	382.5429975429975	48.51612903225807
45431	413.25552825552825	28.854070660522275
45498	372.71498771498767	-20.301075268817204
45569	391.14250614250614	-8.012288786482333
45630	297.77641277641277	-70.68509984639016
45689	378.85749385749386	-57.167434715821805
45744	398.5135135135135	87.84024577572966
45814	377.62899262899265	-63.31182795698924
45880	346.9164619164619	26.396313364055302
45943	400.970515970516	-68.2273425499232
46013	439.054054054054	4.276497695852536
46084	466.08108108108104	-62.08294930875575
46149	456.25307125307125	39.913978494623656
46204	413.25552825552825	34.99846390168971
46280	244.95085995085995	-35.04761904761905
46348	286.7199017199017	-39.96313364055299
46415	317.4324324324324	31.311827956989248
46482	279.3488943488943	119.79109062980031
46538	495.56511056511056	55.889400921658996
46596	281.8058968058968	-42.42089093701997
46665	435.36855036855036	-5.554531490015361
46730	566.8181818181818	41.142857142857146
46791	464.8525798525798	-68.2273425499232
46863	425.5405405405405	-26.445468509984636
46930	276.8918918918919	-4.325652841781873
46998	284.2628992628993	-48.565284178187405
47060	280.5773955773956	38.68509984639017
47131	232.66584766584765	-117.38248847926268
47198	507.8501228501229	-90.34715821812595
47257	478.36609336609337	34.99846390168971
47330	349.37346437346434	-65.76958525345621
47397	443.968058968059	-127.21351766513055
47463	356.7444717444717	9.192012288786483
47531	452.56756756756755	-35.04761904761905
47597	599.987714987715	-64.54070660522274
47663	493.10810810810807	6.734254992319509
47729	472.22358722358723	-15.385560675883255
47797	623.3292383292384	-16.61443932411674
47854	585.2457002457002	-86.6605222734255
47913	399.7420147420147	107.50230414746544
47980	542.2481572481572	27.625192012288785
48042	566.8181818181818	-0.6390168970814127
48114	456.25307125307125	87.84024577572966
48190	498.02211302211305	14.10752688172043
48259	477.1375921375921	-95.2626728110599
48330	362.8869778869779	134.53763440860214
48403	338.3169533169533	-47.336405529953915
48480	451.33906633906633	75.55145929339479
48563	404.6560196560197	32.54070660522274
48640	323.5749385749386	38.68509984639017
48697	389.9140049140049	-25.216589861751153
48766	377.62899262899265	78.00921658986175
48829	440.2825552825553	3.0476190476190483
48890	456.25307125307125	-74.37173579109061
48945	380.0859950859951	-52.25192012288786
49004	493.10810810810807	-96.49155145929339
49066	400.970515970516	-30.1321044546851
49122	359.2014742014742	-33.81874039938556
49179	421.8550368550368	-116.15360983102919
49247	387.45700245700243	3.0476190476190483
49313	404.6560196560197	95.21351766513058
49363	399.7420147420147	-82.97388632872503
49430	452.56756756756755	-21.52995391705069
49497	382.5429975429975	63.262672811059915
49563	378.85749385749386	6.734254992319509
49631	412.02702702702703	92.7557603686636
49696	513.992628992629	161.57296466973884
49751	499.2506142506142	66.94930875576037
49818	388.68550368550365	101.357910906298
49880	453.79606879606877	42.371735791090636
49941	424.3120393120393	22.70967741935484
49994	531.1916461916462	-71.91397849462365
50066	472.22358722358723	7.9631336405529956
50138	431.6830466830467	-65.76958525345621
50212	415.7125307125307	22.70967741935484
50328	369.02948402948397	85.38248847926268
50474	470.995085995086	-17.84331797235023
50543	351.83046683046683	87.84024577572966
50621	475.9090909090909	19.023041474654377
50684	344.4594594594594	-23.987711213517667
50750	488.19410319410315	157.8863287250384
50813	462.3955773955774	151.74193548387098
50880	468.5380835380835	37.45622119815668
50940	538.5626535626535	76.78033794162828
51013	544.7051597051596	-11.698924731182796
51080	346.9164619164619	66.94930875576037
51147	369.02948402948397	-23.987711213517667
51224	493.10810810810807	-15.385560675883255
51292	495.56511056511056	-23.987711213517667
51364	419.3980343980344	46.0583717357911
51422	494.33660933660934	92.7557603686636
51496	459.9385749385749	6.734254992319509
51564	382.5429975429975	59.57603686635945
51636	387.45700245700243	79.23809523809524
51707	414.48402948402946	105.04454685099847
51778	332.17444717444715	200.89708141321046
51844	387.45700245700243	55.889400921658996
51909	467.3095823095823	41.142857142857146
51962	550.8476658476659	7.9631336405529956
52030	515.2211302211302	23.938556067588326
52097	416.94103194103195	91.52688172043011
52157	398.5135135135135	129.6221198156682
52231	394.8280098280098	95.21351766513058
52297	396.056511056511	164.03072196620582
52364	495.56511056511056	210.72811059907832
52430	419.3980343980344	-92.80491551459293
52497	485.7371007371007	-15.385560675883255
52566	407.11302211302205	-73.14285714285714
52638	473.4520884520884	-19.072196620583718
52704	477.1375921375921	-46.107526881720425
52780	547.1621621621622	39.913978494623656
52847	398.5135135135135	-4.325652841781873
52902	361.6584766584767	181.23502304147465
52972	427.997542997543	-30.1321044546851
53038	408.3415233415233	53.43164362519202
53108	458.71007371007374	15.336405529953916
53181	353.05896805896805	97.67127496159755
53248	472.22358722358723	66.94930875576037
53314	393.5995085995086	87.84024577572966
53381	425.5405405405405	6.734254992319509
53447	349.37346437346434	46.0583717357911
53498	416.94103194103195	-63.31182795698924
53563	254.77886977886976	91.52688172043011
53631	351.83046683046683	-22.75883256528418
53697	300.23341523341526	57.11827956989248
53749	371.48648648648646	3.0476190476190483
53815	437.8255528255528	139.4531490015361
53881	493.10810810810807	21.48079877112135
53948	488.19410319410315	34.99846390168971
54019	491.87960687960685	36.2273425499232
54099	450.11056511056506	47.28725038402458
54154	587.7027027027026	14.10752688172043
54225	597.5307125307125	-21.52995391705069
54298	622.1007371007371	21.48079877112135
54361	660.1842751842752	-32.58986175115207
54430	584.017199017199	-49.79416282642089
54498	552.076167076167	50.97388632872505
54560	400.970515970516	107.50230414746544
54630	418.16953316953317	90.29800307219664
54698	393.5995085995086	27.625192012288785
54764	366.5724815724816	-1.8678955453148995
54830	520.1351351351351	-16.61443932411674
54896	376.4004914004914	28.854070660522275
54954	490.65110565110564	-11.698924731182796
55018	566.8181818181818	-23.987711213517667
55082	586.4742014742014	-4.325652841781873
55134	518.9066339066339	48.51612903225807
55191	489.42260442260437	97.67127496159755
55257	595.07371007371	-38.73425499231951
55315	452.56756756756755	79.23809523809524
55380	507.8501228501229	402.4331797235023
55447	754.7788697788698	554.8141321044546
55513	386.2285012285012	384.00000000000006
55580	206.86732186732183	257.4254992319508
55648	118.4152334152334	342.21812596006146
55700	240.036855036855	259.8832565284178
55764	360.4299754299754	188.60829493087556
55835	472.22358722358723	157.8863287250384
55905	400.970515970516	75.55145929339479
55972	410.79852579852576	46.0583717357911
56039	409.57002457002454	22.70967741935484
56106	498.02211302211305	124.70660522273427
56179	515.2211302211302	130.8509984639017
56249	690.8968058968059	69.40706605222735
56322	484.5085995085995	168.94623655913975
56392	416.94103194103195	234.0768049155146
56463	595.07371007371	81.69585253456222
56530	737.5798525798526	48.51612903225807
56597	666.3267813267813	112.4178187403994
56665	543.4766584766585	96.44239631336407
56730	570.5036855036855	175.0906298003072
56793	505.39312039312034	-5.554531490015361
56856	644.2137592137592	25.167434715821813
56920	604.90171990172	177.54838709677418
56987	353.05896805896805	193.52380952380952
57047	534.8771498771498	209.49923195084486
57095	722.8378378378378	37.45622119815668
57150	606.1302211302211	294.29185867895546
57214	558.2186732186732	134.53763440860214
57270	372.71498771498767	189.83717357910905
57331	550.8476658476659	152.97081413210444
57397	392.37100737100735	205.81259600614436
57463	263.37837837837833	204.5837173579109
57528	493.10810810810807	47.28725038402458
57597	403.4275184275184	82.92473118279571
57651	504.1646191646192	98.90015360983104
57714	409.57002457002454	100.12903225806453
57782	360.4299754299754	187.37941628264207
57848	459.9385749385749	52.20276497695853
57905	333.40294840294837	231.61904761904762
57964	385.0	154.19969278033793
58025	397.2850122850123	184.9216589861751
58098	348.1449631449631	191.06605222734254
58168	311.2899262899263	177.54838709677418
58230	405.8845208845209	184.9216589861751
58298	478.36609336609337	242.678955453149
58359	654.041769041769	44.82949308755761
58431	554.5331695331696	320.0983102918587
58497	593.8452088452088	309.0384024577573
58563	458.71007371007374	391.37327188940094
58631	709.3243243243244	231.61904761904762
58693	724.0663390663391	224.24577572964668
58761	455.02457002457004	306.5806451612903
58820	473.4520884520884	264.79877112135176
58873	412.02702702702703	236.53456221198158
58948	267.06388206388203	226.70353302611366
59007	294.09090909090907	207.04147465437788
59081	367.80098280098275	235.30568356374806
59137	415.7125307125307	204.5837173579109
59199	354.28746928746926	245.13671274961598
59264	361.6584766584767	273.40092165898614
59338	435.36855036855036	183.6927803379416
59414	365.3439803439803	194.752688172043
59481	469.76658476658474	195.98156682027647
59550	654.041769041769	167.7173579109063
59611	529.9631449631449	81.69585253456222
59671	507.8501228501229	148.0552995391705
59741	452.56756756756755	165.2596006144393
59809	453.79606879606877	167.7173579109063
59875	441.5110565110565	157.8863287250384
59947	596.3022113022113	-6.783410138248848
60009	585.2457002457002	47.28725038402458
60081	450.11056511056506	44.82949308755761
60149	479.5945945945946	139.4531490015361
60217	316.2039312039312	202.12596006144392
60280	329.71744471744466	130.8509984639017
60347	412.02702702702703	135.76651305683563
60414	529.9631449631449	96.44239631336407
60467	447.65356265356263	172.63287250384022
60531	517.6781326781327	25.167434715821813
60598	473.4520884520884	-1.8678955453148995
60658	494.33660933660934	0.5898617511520743
60732	432.9115479115479	232.84792626728108
60798	554.5331695331696	116.10445468509984
60874	484.5085995085995	264.79877112135176
60940	517.6781326781327	106.27342549923196
61005	559.4471744471743	108.73118279569893
61073	602.4447174447174	59.57603686635945
61139	415.7125307125307	132.0798771121352
61326	294.09090909090907	114.87557603686636
61381	373.94348894348894	229.16129032258064
61442	576.6461916461916	125.93548387096776
61516	427.997542997543	247.59447004608296
61603	494.33660933660934	100.12903225806453
61670	587.7027027027026	15.336405529953916
61736	590.1597051597051	87.84024577572966
61814	372.71498771498767	140.6820276497696
61880	521.3636363636364	109.96006144393242
61948	654.041769041769	251.2811059907834
62008	378.85749385749386	203.35483870967738
62080	420.6265356265356	135.76651305683563
62148	574.1891891891892	128.39324116743472
62203	452.56756756756755	0.5898617511520743
62261	375.17199017199016	46.0583717357911
62331	426.76904176904173	176.3195084485407
62398	1093.8452088452088	553.5852534562213
62463	1197.039312039312	380.31336405529953
62531	1258.4643734643732	290.605222734255
62608	1251.093366093366	193.52380952380952
62674	1237.5798525798525	403.66205837173584
62747	1176.1547911547912	552.3563748079878
62831	1167.5552825552827	529.0076804915515
62910	955.0245700245699	642.0645161290323
62990	721.6093366093365	350.8202764976959
63068	697.039312039312	345.9047619047619
63148	568.046683046683	282.00307219662056
63207	506.6216216216216	261.1121351766513
63307	526.2776412776412	138.22427035330261
63378	381.3144963144963	375.3978494623656
63460	534.8771498771498	124.70660522273427
63551	342.00245700245694	118.56221198156682
63632	443.968058968059	31.311827956989248
63697	459.9385749385749	85.38248847926268
63764	396.056511056511	103.81566820276498
63831	498.02211302211305	50.97388632872505
63898	630.7002457002457	116.10445468509984
63955	520.1351351351351	170.17511520737324
64014	579.1031941031941	32.54070660522274
64082	625.7862407862408	102.58678955453149
64144	537.3341523341522	32.54070660522274
64215	547.1621621621622	10.42089093701997
64279	314.97542997542996	214.41474654377882
64348	506.6216216216216	139.4531490015361
64416	353.05896805896805	123.47772657450078
64472	510.3071253071253	162.80184331797233
64531	604.90171990172	159.11520737327186
64598	359.2014742014742	189.83717357910905
64662	560.6756756756756	151.74193548387098
64730	634.3857493857494	230.3901689708141
64798	556.990171990172	295.5207373271889
64865	615.958230958231	159.11520737327186
64929	995.5651105651106	361.8801843317973
64999	1213.009828009828	370.48233486943167
65082	1095.0737100737101	505.6589861751152
65143	1178.6117936117937	424.55299539170505
65216	1015.2211302211302	427.0107526881721
65281	1072.960687960688	498.28571428571433
65348	1332.174447174447	333.615975422427
65414	800.2334152334151	506.8878648233487
65482	720.3808353808354	345.9047619047619
65564	518.9066339066339	288.147465437788
65631	678.6117936117936	234.0768049155146
65698	526.2776412776412	283.23195084485405
65764	375.17199017199016	381.5422427035331
65831	318.6609336609336	250.05222734254994
65902	565.5896805896806	186.15053763440858
65967	439.054054054054	289.3763440860215
66031	372.71498771498767	180.00614439324116
66098	399.7420147420147	312.72503840245776
66165	531.1916461916462	166.4884792626728
66231	398.5135135135135	235.30568356374806
66296	340.7739557739558	463.87711213517673
66349	498.02211302211305	766.1812596006145
66414	397.2850122850123	847.2872503840247
66481	548.3906633906633	692.4485407066053
66543	437.8255528255528	757.57910906298
66615	574.1891891891892	664.184331797235
66682	692.125307125307	526.5499231950845
66749	618.4152334152334	688.7619047619048
66815	690.8968058968059	613.800307219662
66882	684.7542997542997	755.121351766513
66948	785.4914004914004	498.28571428571433
67004	736.3513513513514	760.036866359447
67081	701.953316953317	621.173579109063
67138	869.029484029484	461.4193548387097
67199	827.2604422604422	497.0568356374808
67257	769.5208845208845	615.0291858678955
67334	747.4078624078624	624.8602150537635
67401	732.6658476658477	559.7296466973886
67465	623.3292383292384	542.5253456221199
67525	679.8402948402949	546.2119815668202
67597	645.4422604422604	536.3809523809524
67664	657.7272727272727	567.1029185867897
67731	662.6412776412777	610.1136712749616
67799	711.7813267813268	554.8141321044546
67864	765.8353808353809	485.99692780337944
67917	757.2358722358722	562.1874039938557
67982	765.8353808353809	498.28571428571433
68048	536.1056511056511	445.4439324116744
68115	214.23832923832921	393.8310291858679
68184	206.86732186732183	297.9784946236559
68247	210.55282555282554	261.1121351766513
68308	300.23341523341526	197.21044546850996
68382	473.4520884520884	175.0906298003072
68448	413.25552825552825	121.0199692780338
68516	280.5773955773956	114.87557603686636
68585	443.968058968059	49.745007680491554
68645	474.68058968058966	31.311827956989248
68715	447.65356265356263	108.73118279569893
68782	554.5331695331696	173.8617511520737
68849	443.968058968059	209.49923195084486
68908	388.68550368550365	117.33333333333333
68982	577.8746928746929	132.0798771121352
69048	510.3071253071253	23.938556067588326
69115	527.5061425061425	318.8694316436252
69179	654.041769041769	594.1382488479263
69249	442.7395577395577	745.2903225806451
69311	451.33906633906633	780.9278033794163
69365	571.7321867321867	653.1244239631337
69433	676.1547911547912	638.3778801843318
69499	725.2948402948402	634.6912442396314
69568	599.987714987715	622.4024577572965
69628	571.7321867321867	676.4731182795699
69698	628.2432432432432	273.40092165898614
69781	542.2481572481572	175.0906298003072
69841	636.8427518427519	68.17818740399386
69906	484.5085995085995	116.10445468509984
69965	625.7862407862408	55.889400921658996
70032	566.8181818181818	-47.336405529953915
70098	393.5995085995086	122.24884792626729
70280	518.9066339066339	579.3917050691244
70339	523.8206388206388	562.1874039938557
70405	597.5307125307125	415.9508448540707
70473	726.5233415233415	408.57757296466974
70546	866.5724815724816	468.7926267281107
70616	738.8083538083538	535.1520737327189
70688	685.982800982801	721.9416282642089
70766	421.8550368550368	328.70046082949307
70841	458.71007371007374	178.77726574500767
70914	602.4447174447174	118.56221198156682
70982	499.2506142506142	132.0798771121352
71049	515.2211302211302	114.87557603686636
71114	667.5552825552825	84.15360983102919
71172	328.48894348894345	543.7542242703533
71240	463.6240786240786	720.7127496159754
71298	628.2432432432432	473.70814132104454
71364	572.960687960688	645.7511520737328
71431	642.9852579852579	531.4654377880184
71498	464.8525798525798	664.184331797235
71565	584.017199017199	460.19047619047615
71631	498.02211302211305	584.3072196620584
71699	178.61179361179362	567.1029185867897
71782	133.15724815724815	363.1090629800307
71848	28.73464373464372	468.7926267281107
71915	135.61425061425058	337.30261136712755
71982	316.2039312039312	172.63287250384022
72065	414.48402948402946	235.30568356374806
72131	483.2800982800983	297.9784946236559
72198	370.25798525798524	505.6589861751152
72268	324.8034398034398	309.0384024577573
72323	317.4324324324324	316.4116743471582
72378	129.47174447174444	489.6835637480799
72444	135.61425061425058	299.2073732718894
72508	117.18673218673217	359.4224270353303
72581	342.00245700245694	87.84024577572966
72648	285.4914004914005	205.81259600614436
72714	356.7444717444717	230.3901689708141
72782	378.85749385749386	258.6543778801843
72847	299.004914004914	278.3164362519201
72914	522.5921375921376	48.51612903225807
72981	544.7051597051596	49.745007680491554
73048	432.9115479115479	159.11520737327186
73114	400.970515970516	66.94930875576037
73181	350.6019656019656	76.78033794162828
73245	334.63144963144964	293.062980030722
73308	338.3169533169533	140.6820276497696
73375	405.8845208845209	118.56221198156682
73441	205.63882063882065	268.4854070660522
73503	463.6240786240786	171.40399385560673
73581	426.76904176904173	178.77726574500767
73650	314.97542997542996	194.752688172043
73713	423.08353808353803	229.16129032258064
73776	252.3218673218673	264.79877112135176
73848	284.2628992628993	215.64362519201228
73916	377.62899262899265	238.99231950844856
74001	324.8034398034398	209.49923195084486
74098	385.0	154.19969278033793
74150	464.8525798525798	263.5698924731183
74214	392.37100737100735	162.80184331797233
74280	485.7371007371007	203.35483870967738
74348	441.5110565110565	123.47772657450078
74416	483.2800982800983	55.889400921658996
74475	475.9090909090909	177.54838709677418
74530	431.6830466830467	128.39324116743472
74599	423.08353808353803	160.34408602150535
74662	303.9189189189189	375.3978494623656
74722	418.16953316953317	48.51612903225807
74798	426.76904176904173	113.64669738863287
74851	488.19410319410315	1.8187403993855613
74910	365.3439803439803	-15.385560675883255
74982	426.76904176904173	95.21351766513058
75049	470.995085995086	170.17511520737324
75114	507.8501228501229	143.13978494623655
75180	584.017199017199	183.6927803379416
75243	339.54545454545456	322.5560675883257
75296	602.4447174447174	116.10445468509984
75366	242.4938574938575	436.84178187404
75432	547.1621621621622	186.15053763440858
75498	543.4766584766585	203.35483870967738
75582	539.7911547911548	218.10138248847926
75664	462.3955773955774	-5.554531490015361
75740	627.014742014742	121.0199692780338
75812	396.056511056511	247.59447004608296
75879	434.1400491400491	95.21351766513058
75950	414.48402948402946	182.4639016897081
76022	414.48402948402946	103.81566820276498
76218	505.39312039312034	188.60829493087556
76309	425.5405405405405	105.04454685099847
76393	329.71744471744466	290.605222734255
76560	418.16953316953317	186.15053763440858
76632	201.95331695331694	243.90783410138246
76694	210.55282555282554	369.2534562211982
76758	496.7936117936118	105.04454685099847
76835	376.4004914004914	252.5099846390169
76899	334.63144963144964	202.12596006144392
76966	426.76904176904173	68.17818740399386
77028	463.6240786240786	32.54070660522274
77099	402.1990171990172	161.57296466973884
77158	302.69041769041763	154.19969278033793
77232	483.2800982800983	91.52688172043011
77293	360.4299754299754	82.92473118279571
77349	500.4791154791155	144.36866359447004
77424	387.45700245700243	192.29493087557603
77501	398.5135135135135	181.23502304147465
77573	373.94348894348894	236.53456221198158
77637	334.63144963144964	247.59447004608296
77701	396.056511056511	189.83717357910905
77760	377.62899262899265	202.12596006144392
77832	491.87960687960685	186.15053763440858
77899	423.08353808353803	91.52688172043011
77983	328.48894348894345	223.01689708141322
78065	488.19410319410315	180.00614439324116
78131	292.86240786240785	203.35483870967738
78191	176.15479115479113	218.10138248847926
78248	275.6633906633906	176.3195084485407
78316	364.1154791154791	165.2596006144393
78383	303.9189189189189	189.83717357910905
78466	662.6412776412777	20.251920122887864
78550	582.7886977886978	36.2273425499232
78615	467.3095823095823	207.04147465437788
78675	592.6167076167076	-6.783410138248848
78738	667.5552825552825	-75.6006144393241
78798	599.987714987715	-30.1321044546851
78854	554.5331695331696	216.87250384024574
78921	537.3341523341522	74.3225806451613
78982	973.4520884520884	430.6973886328725
79048	1022.5921375921376	661.7265745007682
79116	1160.1842751842753	594.1382488479263
79185	995.5651105651106	707.1950844854072
79252	1151.5847665847664	612.5714285714287
79312	523.8206388206388	533.9231950844854
79386	370.25798525798524	343.44700460829495
79553	518.9066339066339	173.8617511520737
79617	302.69041769041763	284.46082949308754
79689	892.3710073710074	352.0491551459294
79753	1095.0737100737101	366.7956989247312
79819	1257.2358722358722	350.8202764976959
79889	1281.8058968058967	511.80337941628267
79959	1324.8034398034397	309.0384024577573
80028	1238.8083538083538	361.8801843317973
80100	1425.5405405405404	349.5913978494624
80182	1361.6584766584765	348.3625192012289
80268	1289.1769041769041	422.09523809523813
80346	1335.8599508599507	315.18279569892474
80417	1340.7739557739555	403.66205837173584
80500	1367.8009828009826	272.1720430107527
80597	1340.7739557739555	370.48233486943167
80690	1258.4643734643732	395.0599078341014
80821	1371.4864864864865	338.531490015361
80899	1240.036855036855	438.07066052227344
80982	1285.4914004914003	317.6405529953917
81067	1287.9484029484026	358.19354838709677
81149	1251.093366093366	498.28571428571433
81232	1253.5503685503686	476.1658986175116
81296	1209.3243243243244	489.6835637480799
81363	1348.144963144963	454.0460829493088
81425	1265.8353808353806	461.4193548387097
81500	744.9508599508599	500.74347158218126
81564	423.08353808353803	399.97542242703537
81632	386.2285012285012	184.9216589861751
81699	537.3341523341522	171.40399385560673
81765	362.8869778869779	146.82642089093702
81832	198.26781326781327	258.6543778801843
81905	291.6339066339066	315.18279569892474
81959	392.37100737100735	148.0552995391705
82026	232.66584766584765	300.43625192012286
82099	452.56756756756755	181.23502304147465
82166	404.6560196560197	264.79877112135176
82233	599.987714987715	108.73118279569893
82300	176.15479115479113	310.2672811059908
82365	259.6928746928747	149.284178187404
82433	263.37837837837833	339.76036866359453
82500	214.23832923832921	277.08755760368666
82561	370.25798525798524	315.18279569892474
82634	339.54545454545456	340.98924731182797
82708	515.2211302211302	268.4854070660522
82805	118.4152334152334	337.30261136712755
82887	118.4152334152334	334.8448540706606
82958	296.54791154791155	435.61290322580646
83030	447.65356265356263	280.7741935483871
83092	278.1203931203931	223.01689708141322
83152	178.61179361179362	336.073732718894
83208	333.40294840294837	261.1121351766513
83263	237.57985257985257	408.57757296466974
83332	201.95331695331694	376.6267281105991
83388	224.06633906633905	393.8310291858679
83448	399.7420147420147	225.4746543778802
83516	544.7051597051596	238.99231950844856
83587	526.2776412776412	101.357910906298
83650	357.97297297297297	122.24884792626729
83717	505.39312039312034	278.3164362519201
83783	475.9090909090909	246.36559139784944
83835	716.6953316953317	130.8509984639017
83898	448.88206388206385	107.50230414746544
83957	704.4103194103194	16.565284178187405
84022	620.8722358722358	178.77726574500767
84090	475.9090909090909	3.0476190476190483
84150	529.9631449631449	92.7557603686636
84216	558.2186732186732	96.44239631336407
84274	504.1646191646192	84.15360983102919
84327	354.28746928746926	229.16129032258064
84400	564.3611793611793	79.23809523809524
84466	461.1670761670761	103.81566820276498
84550	556.990171990172	164.03072196620582
84615	587.7027027027026	172.63287250384022
84683	451.33906633906633	192.29493087557603
84743	541.0196560196559	165.2596006144393
84797	448.88206388206385	229.16129032258064
84853	431.6830466830467	242.678955453149
84918	404.6560196560197	246.36559139784944
84989	452.56756756756755	253.73886328725038
85067	470.995085995086	124.70660522273427
85124	419.3980343980344	253.73886328725038
85192	334.63144963144964	316.4116743471582
85253	402.1990171990172	250.05222734254994
85316	435.36855036855036	177.54838709677418
85382	430.45454545454544	207.04147465437788
85444	561.9041769041769	199.66820276497694
85516	161.4127764127764	328.70046082949307
85583	412.02702702702703	235.30568356374806
85653	437.8255528255528	192.29493087557603
85716	544.7051597051596	180.00614439324116
85783	494.33660933660934	195.98156682027647
85850	488.19410319410315	216.87250384024574
85912	179.84029484029483	307.8095238095238
85972	490.65110565110564	184.9216589861751
86049	510.3071253071253	150.51305683563749
86116	421.8550368550368	139.4531490015361
86173	338.3169533169533	167.7173579109063
86250	439.054054054054	219.33026113671272
86316	447.65356265356263	178.77726574500767
86383	425.5405405405405	294.29185867895546
86449	208.09582309582308	392.60215053763443
86509	429.2260442260442	313.95391705069125
86582	184.75429975429975	323.78494623655916
86650	575.4176904176904	80.46697388632873
86716	440.2825552825553	230.3901689708141
86782	676.1547911547912	146.82642089093702
86850	414.48402948402946	300.43625192012286
86933	469.76658476658474	226.70353302611366
86999	548.3906633906633	275.8586789554531
87066	486.96560196560193	116.10445468509984
87133	526.2776412776412	136.99539170506912
87196	502.9361179361179	218.10138248847926
87267	426.76904176904173	296.74961597542244
87351	366.5724815724816	365.5668202764977
87433	523.8206388206388	219.33026113671272
87536	386.2285012285012	275.8586789554531
87602	346.9164619164619	269.7142857142857
87666	435.36855036855036	307.8095238095238
87734	312.51842751842753	227.93241167434712
87796	354.28746928746926	243.90783410138246
87854	294.09090909090907	353.2780337941628
87910	340.7739557739558	377.8556067588326
87984	365.3439803439803	269.7142857142857
88047	430.45454545454544	358.19354838709677
88117	346.9164619164619	371.71121351766516
88182	416.94103194103195	342.21812596006146
88250	394.8280098280098	274.6298003072197
88309	310.06142506142504	254.96774193548384
88365	407.11302211302205	318.8694316436252
88429	289.17690417690415	326.24270353302614
88500	391.14250614250614	247.59447004608296
88564	424.3120393120393	161.57296466973884
88633	409.57002457002454	234.0768049155146
88693	526.2776412776412	204.5837173579109
88767	276.8918918918919	301.6651305683564
88833	483.2800982800983	266.02764976958525
88973	284.2628992628993	344.67588325652844
89036	407.11302211302205	186.15053763440858
89099	445.1965601965602	284.46082949308754
89166	322.3464373464373	256.19662058371733
89229	263.37837837837833	334.8448540706606
89299	618.4152334152334	509.34562211981574
89365	615.958230958231	650.6666666666666
89433	572.960687960688	681.3886328725039
89498	634.3857493857494	451.5883256528418
89565	469.76658476658474	431.92626728110605
89619	265.8353808353808	402.4331797235023
89682	307.6044226044226	386.457757296467
89737	285.4914004914005	336.073732718894
89800	364.1154791154791	306.5806451612903
89867	373.94348894348894	279.54531490015364
89950	185.98280098280097	447.9016897081413
90016	258.46437346437347	284.46082949308754
90082	339.54545454545456	338.531490015361
90137	335.85995085995086	415.9508448540707
90199	382.5429975429975	337.30261136712755
90284	330.94594594594594	270.94316436251916
90350	287.94840294840293	262.3410138248848
90421	431.6830466830467	248.82334869431642
90485	316.2039312039312	251.2811059907834
90566	480.8230958230958	237.76344086021504
90630	335.85995085995086	273.40092165898614
90692	305.1474201474201	229.16129032258064
90754	294.09090909090907	241.45007680491548
90833	410.79852579852576	171.40399385560673
90900	310.06142506142504	266.02764976958525
90966	397.2850122850123	288.147465437788
91033	318.6609336609336	269.7142857142857
91096	391.14250614250614	204.5837173579109
91166	321.1179361179361	184.9216589861751
91233	248.63636363636363	332.3870967741936
91300	456.25307125307125	323.78494623655916
91384	198.26781326781327	307.8095238095238
91445	256.007371007371	317.6405529953917
91505	361.6584766584767	219.33026113671272
91567	300.23341523341526	332.3870967741936
91634	253.55036855036855	317.6405529953917
91700	252.3218673218673	361.8801843317973
91766	371.48648648648646	338.531490015361
91825	344.4594594594594	272.1720430107527
91883	348.1449631449631	259.8832565284178
91938	355.5159705159705	311.49615975422427
91995	329.71744471744466	262.3410138248848
92066	391.14250614250614	105.04454685099847
92134	641.7567567567567	219.33026113671272
92198	501.70761670761664	221.7880184331797
92256	365.3439803439803	288.147465437788
92316	418.16953316953317	403.66205837173584
92370	375.17199017199016	375.3978494623656
92432	359.2014742014742	214.41474654377882
92505	321.1179361179361	173.8617511520737
92585	273.2063882063882	247.59447004608296
92768	591.3882063882063	218.10138248847926
92850	396.056511056511	277.08755760368666
92917	267.06388206388203	299.2073732718894
92983	415.7125307125307	264.79877112135176
93066	254.77886977886976	413.4930875576037
93129	410.79852579852576	353.2780337941628
93193	571.7321867321867	172.63287250384022
93249	575.4176904176904	133.30875576036868
93318	536.1056511056511	209.49923195084486
93382	500.4791154791155	353.2780337941628
93450	505.39312039312034	176.3195084485407
93516	430.45454545454544	248.82334869431642
93577	443.968058968059	184.9216589861751
93651	386.2285012285012	274.6298003072197
93717	509.07862407862405	307.8095238095238
93783	356.7444717444717	428.2396313364056
93851	443.968058968059	569.5606758832565
93916	509.07862407862405	603.9692780337941
93986	576.6461916461916	589.2227342549924
94067	658.955773955774	495.82795698924735
94127	608.5872235872237	635.9201228878649
94183	550.8476658476659	596.5960061443933
94252	543.4766584766585	558.5007680491552
94310	522.5921375921376	649.4377880184331
94384	527.5061425061425	655.5821812596006
94453	1209.3243243243244	744.0614439324116
94517	1348.144963144963	575.705069124424
94601	1376.4004914004913	570.78955453149
94664	1025.0491400491399	746.5192012288787
94734	1340.7739557739555	586.7649769585254
94800	1289.1769041769041	730.5437788018434
94865	746.1793611793611	665.4132104454685
94929	607.3587223587224	360.65130568356375
94992	344.4594594594594	720.7127496159754
95049	345.68796068796064	543.7542242703533
95117	176.15479115479113	406.11981566820276
95183	190.8968058968059	435.61290322580646
95251	111.04422604422602	509.34562211981574
95309	193.35380835380832	490.9124423963134
95366	256.007371007371	556.0430107526881
95428	262.14987714987717	449.13056835637485
95487	297.77641277641277	387.68663594470047
95544	344.4594594594594	465.1059907834101
95609	346.9164619164619	485.99692780337944
95666	413.25552825552825	301.6651305683564
95729	389.9140049140049	291.8341013824885
95793	328.48894348894345	207.04147465437788
95853	512.7641277641277	54.66052227342551
95917	330.94594594594594	165.2596006144393
95984	262.14987714987717	257.4254992319508
96050	470.995085995086	154.19969278033793
96108	588.9312039312039	162.80184331797233
96167	437.8255528255528	122.24884792626729
96234	328.48894348894345	177.54838709677418
96289	345.68796068796064	160.34408602150535
96351	397.2850122850123	176.3195084485407
96417	389.9140049140049	272.1720430107527
96476	419.3980343980344	247.59447004608296
96533	533.6486486486485	321.3271889400922
96600	394.8280098280098	294.29185867895546
96668	294.09090909090907	347.1336405529954
96728	499.2506142506142	-9.241167434715821
96783	398.5135135135135	17.79416282642089
96850	337.0884520884521	114.87557603686636
96918	459.9385749385749	100.12903225806453
96984	461.1670761670761	66.94930875576037
97050	350.6019656019656	76.78033794162828
97112	555.7616707616708	48.51612903225807
97164	387.45700245700243	123.47772657450078
97234	348.1449631449631	347.1336405529954
97300	786.7199017199017	540.0675883256529
97366	426.76904176904173	610.1136712749616
97429	274.43488943488944	451.5883256528418
97484	300.23341523341526	406.11981566820276
97550	463.6240786240786	312.72503840245776
97620	383.7714987714987	339.76036866359453
97751	354.28746928746926	226.70353302611366
97804	451.33906633906633	60.80491551459294
97862	386.2285012285012	39.913978494623656
97916	327.2604422604423	175.0906298003072
97984	349.37346437346434	331.15821812596005
98050	403.4275184275184	164.03072196620582
98110	307.6044226044226	274.6298003072197
98166	361.6584766584767	178.77726574500767
98234	410.79852579852576	286.9185867895545
98301	310.06142506142504	306.5806451612903
98367	228.98034398034397	267.25652841781874
98424	201.95331695331694	304.1228878648234
98477	270.74938574938574	291.8341013824885
98536	174.9262899262899	320.0983102918587
98595	160.18427518427518	256.19662058371733
98646	181.06879606879605	310.2672811059908
98697	-3.206388206388223	442.98617511520735
98755	9.078624078624063	264.79877112135176
98805	292.86240786240785	125.93548387096776
98868	269.5208845208845	155.42857142857142
98934	204.4103194103194	187.37941628264207
99001	346.9164619164619	145.59754224270353
99067	286.7199017199017	91.52688172043011
99133	243.7223587223587	85.38248847926268
99195	287.94840294840293	134.53763440860214
99267	279.3488943488943	171.40399385560673
99334	208.09582309582308	320.0983102918587
99399	220.38083538083535	125.93548387096776
99466	160.18427518427518	171.40399385560673
99536	170.012285012285	49.745007680491554
99617	166.32678132678132	178.77726574500767
99684	303.9189189189189	195.98156682027647
99734	322.3464373464373	145.59754224270353
99801	344.4594594594594	189.83717357910905
99869	289.17690417690415	114.87557603686636
99927	274.43488943488944	145.59754224270353
100000	127.014742014742	207.04147465437788
100067	130.7002457002457	345.9047619047619
100139	75.41769041769041	236.53456221198158
100202	170.012285012285	144.36866359447004
100269	187.21130221130218	130.8509984639017
100332	188.43980343980343	162.80184331797233
100387	327.2604422604423	152.97081413210444
100451	432.9115479115479	123.47772657450078
100518	357.97297297297297	108.73118279569893
100572	413.25552825552825	121.0199692780338
100633	427.997542997543	106.27342549923196
100700	371.48648648648646	159.11520737327186
100767	464.8525798525798	62.033794162826425
100833	356.7444717444717	123.47772657450078
100892	339.54545454545456	213.1858678955453
100951	317.4324324324324	155.42857142857142
101019	343.2309582309582	229.16129032258064
101077	338.3169533169533	106.27342549923196
101128	324.8034398034398	118.56221198156682
101179	230.2088452088452	98.90015360983104
101240	337.0884520884521	122.24884792626729
101301	295.3194103194103	143.13978494623655
101368	301.4619164619165	123.47772657450078
101430	302.69041769041763	143.13978494623655
101480	332.17444717444715	188.60829493087556
101533	382.5429975429975	139.4531490015361
101601	283.034398034398	148.0552995391705
101666	509.07862407862405	9.192012288786483
101724	490.65110565110564	65.72043010752688
101773	592.6167076167076	80.46697388632873
101832	622.1007371007371	155.42857142857142
101900	627.014742014742	141.91090629800306
101966	764.6068796068796	44.82949308755761
102029	685.982800982801	47.28725038402458
102083	560.6756756756756	176.3195084485407
102151	416.94103194103195	415.9508448540707
102217	437.8255528255528	150.51305683563749
102283	387.45700245700243	152.97081413210444
102351	463.6240786240786	221.7880184331797
102418	542.2481572481572	100.12903225806453
102478	322.3464373464373	173.8617511520737
102532	295.3194103194103	135.76651305683563
102601	382.5429975429975	200.89708141321046
102667	480.8230958230958	141.91090629800306
102718	490.65110565110564	130.8509984639017
102783	437.8255528255528	133.30875576036868
102851	414.48402948402946	283.23195084485405
102918	319.8894348894349	156.6574500768049
102975	376.4004914004914	305.3517665130568
103035	381.3144963144963	232.84792626728108
103101	210.55282555282554	297.9784946236559
103167	307.6044226044226	183.6927803379416
103235	289.17690417690415	219.33026113671272
103296	317.4324324324324	275.8586789554531
103348	425.5405405405405	256.19662058371733
103418	412.02702702702703	203.35483870967738
103484	506.6216216216216	266.02764976958525
103540	423.08353808353803	214.41474654377882
103618	453.79606879606877	12.878648233486945
103684	372.71498771498767	186.15053763440858
103739	410.79852579852576	162.80184331797233
103801	458.71007371007374	323.78494623655916
103868	263.37837837837833	167.7173579109063
103933	334.63144963144964	178.77726574500767
104001	373.94348894348894	224.24577572964668
104066	366.5724815724816	165.2596006144393
104134	445.1965601965602	98.90015360983104
104202	334.63144963144964	194.752688172043
104285	383.7714987714987	161.57296466973884
104351	332.17444717444715	151.74193548387098
104419	400.970515970516	177.54838709677418
104479	425.5405405405405	193.52380952380952
104534	474.68058968058966	140.6820276497696
104602	426.76904176904173	37.45622119815668
104669	343.2309582309582	97.67127496159755
104733	517.6781326781327	204.5837173579109
104801	493.10810810810807	245.13671274961598
104872	512.7641277641277	215.64362519201228
104937	402.1990171990172	262.3410138248848
105000	475.9090909090909	121.0199692780338
105053	362.8869778869779	254.96774193548384
105118	541.0196560196559	176.3195084485407
105185	504.1646191646192	172.63287250384022
105251	549.6191646191646	205.81259600614436
105308	506.6216216216216	125.93548387096776
105370	582.7886977886978	130.8509984639017
105437	615.958230958231	156.6574500768049
105500	606.1302211302211	184.9216589861751
105548	598.7592137592137	4.276497695852536
105618	563.132678132678	144.36866359447004
105678	468.5380835380835	-22.75883256528418
105740	430.45454545454544	0.5898617511520743
105802	396.056511056511	55.889400921658996
105865	561.9041769041769	-46.107526881720425
105935	580.3316953316953	-70.68509984639016
105992	488.19410319410315	80.46697388632873
106046	528.7346437346438	21.48079877112135
106100	470.995085995086	150.51305683563749
106152	864.1154791154792	411.0353302611367
106272	1394.8280098280097	396.2887864823349
106334	1324.8034398034397	392.60215053763443
106401	1273.206388206388	489.6835637480799
106472	1381.3144963144962	499.5145929339478
106536	1339.5454545454543	425.78187403993854
106601	1356.7444717444716	463.87711213517673
106669	1216.6953316953318	666.6420890937021
106740	1473.4520884520882	441.75729646697397
106812	1357.972972972973	434.384024577573
106885	1319.8894348894348	589.2227342549924
106954	1236.3513513513512	621.173579109063
107017	1214.2383292383292	526.5499231950845
107082	1326.0319410319407	586.7649769585254
107145	1246.1793611793612	579.3917050691244
107218	1118.4152334152334	653.1244239631337
107278	1252.3218673218673	583.0783410138249
107341	1160.1842751842753	600.2826420890937
107412	1213.009828009828	514.2611367127496
107485	1188.4398034398034	506.8878648233487
107543	1238.8083538083538	629.7757296466974
107618	1269.5208845208842	522.8632872503841
107684	1211.7813267813267	597.8248847926268
107764	1093.8452088452088	708.4239631336405
107828	1162.6412776412776	606.4270353302612
107885	1189.6683046683047	654.3533026113671
107944	1193.3538083538085	579.3917050691244
108018	1189.6683046683047	642.0645161290323
108102	1287.9484029484026	677.7019969278034
