FixStart	FixEnd	FixDur	XPos	YPos	FlankedByDataLoss	Fraction Interpolated	WeightCutoff	RMSxy	BCEA	FixRangeX	FixRangeY	Participant	Trial
68.000	897.000	852.000	462.771	235.562	0.000	0.000	0.327	1.119	44.494	29.951	6.246	subject612e34bd1e60d	11S
946.000	1458.000	538.000	51.518	156.334	0.000	0.000	0.327	0.346	2.599	0.821	5.216	subject612e34bd1e60d	11S
1510.000	2082.000	598.000	206.268	-3.883	0.000	0.000	0.327	0.326	5.319	6.496	0.938	subject612e34bd1e60d	11S
2132.000	2574.000	463.000	402.755	21.065	0.000	0.000	0.327	0.284	1.073	4.809	0.413	subject612e34bd1e60d	11S
2620.000	3923.000	1328.000	582.159	114.698	0.000	0.000	0.327	0.461	83.313	13.735	7.742	subject612e34bd1e60d	11S
3974.000	4024.000	72.000	929.496	57.164	0.000	0.000	0.327	0.119	0.002	0.212	0.072	subject612e34bd1e60d	11S
4096.000	4998.000	926.000	467.420	66.297	0.000	0.000	0.327	1.176	40.285	34.881	1.780	subject612e34bd1e60d	11S
5045.000	8752.000	3730.000	560.208	117.161	0.000	0.000	0.327	0.758	116.616	30.712	7.384	subject612e34bd1e60d	11S
8824.000	10675.000	1876.000	457.739	105.362	0.000	0.000	0.327	0.864	21.924	29.457	1.605	subject612e34bd1e60d	11S
10724.000	11645.000	945.000	586.272	173.006	0.000	0.000	0.327	0.975	28.948	28.543	1.761	subject612e34bd1e60d	11S
11694.000	12761.000	1091.000	499.853	219.303	0.000	0.000	0.327	0.631	86.381	22.066	5.632	subject612e34bd1e60d	11S
12810.000	13720.000	934.000	450.937	140.021	0.000	0.000	0.327	1.123	112.584	30.490	6.184	subject612e34bd1e60d	11S
13767.000	16274.000	2528.000	477.567	207.459	0.000	0.000	0.327	0.752	56.889	22.799	5.586	subject612e34bd1e60d	11S
16320.000	17195.000	902.000	436.814	228.386	0.000	0.000	0.327	1.138	35.545	33.809	1.686	subject612e34bd1e60d	11S
17246.000	18037.000	816.000	39.177	353.056	0.000	0.000	0.327	0.465	18.846	5.370	6.197	subject612e34bd1e60d	11S
18085.000	18247.000	187.000	-80.093	283.360	0.000	0.000	0.327	0.144	0.040	0.193	0.234	subject612e34bd1e60d	11S
18299.000	21294.000	3020.000	349.549	266.865	0.000	0.000	0.327	0.609	22.647	29.039	1.532	subject612e34bd1e60d	11S
21363.000	21461.000	119.000	47.182	264.144	0.000	0.000	0.327	0.103	0.027	0.220	0.098	subject612e34bd1e60d	11S
21507.000	21656.000	174.000	51.110	250.587	0.000	0.000	0.327	0.141	0.102	0.259	0.507	subject612e34bd1e60d	11S
21706.000	22936.000	1255.000	258.118	354.309	0.000	0.000	0.327	0.390	35.812	13.528	5.604	subject612e34bd1e60d	11S
22985.000	23626.000	666.000	443.873	341.462	0.000	0.000	0.327	0.151	1.103	2.482	1.348	subject612e34bd1e60d	11S
23674.000	24893.000	1243.000	417.001	382.377	0.000	0.000	0.327	0.367	25.884	11.176	3.542	subject612e34bd1e60d	11S
24942.000	25763.000	847.000	483.628	360.102	0.000	0.000	0.327	0.928	12.382	24.846	4.025	subject612e34bd1e60d	11S
25815.000	27381.000	1592.000	523.018	391.794	0.000	0.000	0.327	0.431	24.685	24.224	2.472	subject612e34bd1e60d	11S
27433.000	28377.000	970.000	563.061	395.891	0.000	0.000	0.327	1.205	27.634	34.538	3.073	subject612e34bd1e60d	11S
28449.000	28961.000	535.000	288.788	364.698	0.000	0.000	0.327	0.444	5.272	8.244	0.969	subject612e34bd1e60d	11S
29033.000	29174.000	166.000	389.417	368.085	0.000	0.000	0.327	0.048	0.005	0.102	0.057	subject612e34bd1e60d	11S
29224.000	30649.000	1449.000	480.095	379.491	0.000	0.000	0.327	0.872	39.668	27.517	2.735	subject612e34bd1e60d	11S
30721.000	31624.000	924.000	224.719	474.188	0.000	0.000	0.327	0.389	11.687	7.632	2.243	subject612e34bd1e60d	11S
31671.000	31793.000	155.000	141.731	514.153	0.000	0.000	0.327	0.072	0.022	0.130	0.134	subject612e34bd1e60d	11S
31854.000	32132.000	301.000	151.082	517.234	0.000	0.000	0.327	0.125	0.061	0.406	0.236	subject612e34bd1e60d	11S
32180.000	32435.000	280.000	188.590	507.588	0.000	0.000	0.327	0.141	0.047	0.676	0.443	subject612e34bd1e60d	11S
32509.000	32636.000	152.000	205.805	512.106	0.000	0.000	0.327	0.070	0.009	0.172	0.049	subject612e34bd1e60d	11S
32685.000	32841.000	181.000	157.354	523.092	0.000	0.000	0.327	0.380	0.163	2.209	0.375	subject612e34bd1e60d	11S
32903.000	33153.000	277.000	53.300	544.711	0.000	0.000	0.327	0.208	0.323	0.829	0.552	subject612e34bd1e60d	11S
33205.000	33551.000	369.000	123.932	558.990	0.000	0.000	0.327	0.153	0.469	1.365	0.562	subject612e34bd1e60d	11S
33599.000	34403.000	827.000	242.306	530.422	0.000	0.000	0.327	0.300	2.796	8.356	0.990	subject612e34bd1e60d	11S
34450.000	34503.000	78.000	406.317	523.414	0.000	0.000	0.327	0.106	0.008	0.133	0.160	subject612e34bd1e60d	11S
34551.000	36104.000	1578.000	373.068	659.654	0.000	0.000	0.327	0.412	42.864	11.123	5.673	subject612e34bd1e60d	11S
36154.000	37262.000	1133.000	215.896	713.113	0.000	0.000	0.327	0.275	10.744	8.073	2.373	subject612e34bd1e60d	11S
37312.000	37438.000	153.000	391.775	736.270	0.000	0.000	0.327	0.123	0.033	0.555	0.069	subject612e34bd1e60d	11S
37489.000	38905.000	1439.000	493.706	721.269	0.000	0.000	0.327	0.843	258.329	13.146	22.959	subject612e34bd1e60d	11S
38951.000	39143.000	216.000	593.558	31.619	0.000	0.000	0.327	0.071	0.033	0.131	0.345	subject612e34bd1e60d	11S
39190.000	40352.000	1187.000	584.201	142.576	0.000	0.000	0.327	0.982	62.701	26.996	4.218	subject612e34bd1e60d	11S
40402.000	40524.000	146.000	148.866	180.435	0.000	0.000	0.327	0.219	0.119	0.706	0.214	subject612e34bd1e60d	11S
40596.000	41507.000	935.000	549.004	115.107	0.000	0.000	0.327	1.139	12.550	34.065	4.356	subject612e34bd1e60d	11S
41555.000	42846.000	1330.000	778.431	121.927	0.000	0.000	0.327	1.333	407.613	27.731	19.267	subject612e34bd1e60d	11S
42909.000	43137.000	253.000	1100.683	584.672	0.000	0.000	0.327	0.164	0.253	0.925	0.508	subject612e34bd1e60d	11S
43187.000	43304.000	141.000	1057.110	615.847	0.000	0.000	0.327	0.204	0.037	0.792	0.614	subject612e34bd1e60d	11S
43353.000	43790.000	468.000	1018.738	674.249	0.000	0.000	0.327	0.110	0.119	0.526	1.091	subject612e34bd1e60d	11S
43843.000	43992.000	174.000	1036.417	674.746	0.000	0.000	0.327	0.058	0.010	0.304	0.070	subject612e34bd1e60d	11S
44043.000	44243.000	224.000	1048.593	673.026	0.000	0.000	0.327	0.052	0.010	0.130	0.085	subject612e34bd1e60d	11S
44291.000	44391.000	125.000	1046.545	685.092	0.000	0.000	0.327	0.068	0.013	0.078	0.154	subject612e34bd1e60d	11S
44440.000	44519.000	103.000	1054.139	684.698	0.000	0.000	0.327	0.042	0.001	0.093	0.070	subject612e34bd1e60d	11S
44569.000	45176.000	634.000	1041.803	689.254	0.000	0.000	0.327	0.085	0.259	0.767	0.692	subject612e34bd1e60d	11S
45228.000	45325.000	125.000	1044.092	666.730	0.000	0.000	0.327	0.044	0.004	0.093	0.085	subject612e34bd1e60d	11S
45379.000	45490.000	136.000	1053.649	670.570	0.000	0.000	0.327	0.103	0.032	0.171	0.278	subject612e34bd1e60d	11S
45539.000	45611.000	98.000	1081.220	674.899	0.000	0.000	0.327	0.135	0.023	0.378	0.089	subject612e34bd1e60d	11S
45661.000	45809.000	172.000	1135.972	664.734	0.000	0.000	0.327	0.273	0.044	1.487	0.224	subject612e34bd1e60d	11S
45879.000	46795.000	941.000	623.704	456.444	0.000	0.000	0.327	1.358	160.702	35.034	21.973	subject612e34bd1e60d	11S
46846.000	47414.000	594.000	327.398	33.186	0.000	0.000	0.327	0.357	3.858	5.643	1.386	subject612e34bd1e60d	11S
47465.000	47492.000	54.000	349.609	21.520	0.000	0.000	0.327	0.294	0.000	0.225	0.188	subject612e34bd1e60d	11S
47555.000	48778.000	1246.000	1027.215	494.719	0.000	0.000	0.327	0.926	35.185	25.999	19.607	subject612e34bd1e60d	11S
48824.000	48971.000	172.000	1082.943	599.622	0.000	0.000	0.327	0.123	0.054	0.272	0.248	subject612e34bd1e60d	11S
49020.000	49176.000	181.000	1105.701	607.807	0.000	0.000	0.327	0.088	0.049	0.248	0.259	subject612e34bd1e60d	11S
49227.000	49373.000	170.000	1094.275	620.465	0.000	0.000	0.327	0.149	0.088	0.586	0.298	subject612e34bd1e60d	11S
49420.000	50104.000	708.000	1162.051	604.045	0.000	0.000	0.327	0.315	7.031	6.972	1.985	subject612e34bd1e60d	11S
97.000	2631.000	2558.000	323.158	271.788	0.000	0.000	0.323	1.400	114.284	40.333	18.934	subject612e34bd1e60d	12I
2682.000	3419.000	763.000	368.542	177.379	0.000	0.000	0.323	0.403	16.447	5.543	3.698	subject612e34bd1e60d	12I
3470.000	5554.000	2105.000	517.583	198.897	0.000	0.000	0.323	0.787	101.616	25.908	7.862	subject612e34bd1e60d	12I
5600.000	5723.000	147.000	495.502	268.318	0.000	0.000	0.323	0.354	0.403	0.578	0.824	subject612e34bd1e60d	12I
5772.000	6614.000	866.000	584.608	315.493	0.000	0.000	0.323	0.483	30.027	10.157	4.825	subject612e34bd1e60d	12I
6663.000	6835.000	198.000	686.670	196.085	0.000	0.000	0.323	0.218	0.195	0.421	1.130	subject612e34bd1e60d	12I
6886.000	6937.000	76.000	677.965	184.963	0.000	0.000	0.323	0.096	0.016	0.078	0.102	subject612e34bd1e60d	12I
6987.000	8283.000	1320.000	679.002	192.241	0.000	0.000	0.323	0.654	30.146	20.156	5.029	subject612e34bd1e60d	12I
8356.000	10920.000	2588.000	289.050	193.703	0.000	0.000	0.323	0.302	36.410	7.667	7.144	subject612e34bd1e60d	12I
10965.000	11134.000	198.000	378.208	117.839	0.000	0.000	0.323	0.087	0.036	0.243	0.157	subject612e34bd1e60d	12I
11188.000	11377.000	214.000	347.947	124.222	0.000	0.000	0.323	0.109	0.132	0.584	0.325	subject612e34bd1e60d	12I
11423.000	11624.000	226.000	348.576	103.745	0.000	0.000	0.323	0.092	0.027	0.200	0.238	subject612e34bd1e60d	12I
11674.000	12035.000	386.000	325.102	142.367	0.000	0.000	0.323	0.146	0.196	0.484	1.184	subject612e34bd1e60d	12I
12085.000	13447.000	1385.000	310.889	394.713	0.000	0.000	0.323	0.309	15.441	3.320	14.189	subject612e34bd1e60d	12I
13491.000	13707.000	242.000	427.034	649.403	0.000	0.000	0.323	0.125	0.186	0.956	0.332	subject612e34bd1e60d	12I
13757.000	14273.000	541.000	414.046	644.300	0.000	0.000	0.323	0.173	0.676	2.376	1.275	subject612e34bd1e60d	12I
14323.000	14904.000	606.000	425.704	665.595	0.000	0.000	0.323	0.136	1.067	2.225	0.935	subject612e34bd1e60d	12I
14954.000	15107.000	178.000	433.338	704.137	0.000	0.000	0.323	0.172	0.073	0.903	0.462	subject612e34bd1e60d	12I
15157.000	15258.000	122.000	396.870	703.116	0.000	0.000	0.323	0.118	0.050	0.299	0.282	subject612e34bd1e60d	12I
15305.000	16198.000	918.000	395.287	534.437	0.000	0.000	0.323	0.259	6.785	1.287	7.817	subject612e34bd1e60d	12I
16246.000	17013.000	792.000	405.459	469.039	0.000	0.000	0.323	0.118	0.979	1.798	1.587	subject612e34bd1e60d	12I
17092.000	18904.000	1838.000	236.022	227.964	0.000	0.000	0.323	0.405	51.901	7.791	12.291	subject612e34bd1e60d	12I
18954.000	19221.000	288.000	126.734	95.534	0.000	0.000	0.323	0.132	0.192	0.981	0.333	subject612e34bd1e60d	12I
19289.000	22192.000	2928.000	385.309	133.351	0.000	0.000	0.323	0.802	67.467	30.948	4.451	subject612e34bd1e60d	12I
22243.000	22495.000	277.000	175.161	181.373	0.000	0.000	0.323	0.394	1.118	2.723	2.215	subject612e34bd1e60d	12I
22544.000	25728.000	3208.000	156.261	202.308	0.000	0.000	0.323	0.327	49.405	11.351	15.135	subject612e34bd1e60d	12I
25777.000	26507.000	755.000	290.069	366.734	0.000	0.000	0.323	0.736	27.931	10.236	15.936	subject612e34bd1e60d	12I
26558.000	26732.000	200.000	61.380	6.019	0.000	0.000	0.323	0.366	1.116	1.109	1.525	subject612e34bd1e60d	12I
26781.000	27593.000	836.000	3.823	182.107	0.000	0.000	0.323	0.388	18.045	6.540	5.171	subject612e34bd1e60d	12I
27642.000	27785.000	171.000	146.231	281.917	0.000	0.000	0.323	0.200	0.198	0.225	1.113	subject612e34bd1e60d	12I
27837.000	28834.000	1020.000	261.057	458.020	0.000	0.000	0.323	0.377	10.661	9.472	8.777	subject612e34bd1e60d	12I
28882.000	30643.000	1784.000	176.733	137.635	0.000	0.000	0.323	0.597	122.200	13.562	17.162	subject612e34bd1e60d	12I
30693.000	33778.000	3108.000	607.771	231.849	0.000	0.000	0.323	0.596	185.211	18.383	14.844	subject612e34bd1e60d	12I
33826.000	34777.000	976.000	489.497	160.995	0.000	0.000	0.323	0.558	20.678	9.621	3.491	subject612e34bd1e60d	12I
34828.000	36222.000	1418.000	355.874	110.514	0.000	0.000	0.323	0.285	10.323	5.960	3.461	subject612e34bd1e60d	12I
36270.000	36370.000	121.000	481.144	189.611	0.000	0.000	0.323	0.198	0.126	0.397	0.589	subject612e34bd1e60d	12I
36414.000	37254.000	864.000	295.962	158.152	0.000	0.000	0.323	0.237	3.712	5.723	0.930	subject612e34bd1e60d	12I
37302.000	38226.000	948.000	318.401	267.445	0.000	0.000	0.323	0.437	24.743	7.140	5.792	subject612e34bd1e60d	12I
38275.000	38348.000	96.000	228.192	111.441	0.000	0.000	0.323	0.225	0.040	0.546	0.301	subject612e34bd1e60d	12I
38395.000	39108.000	737.000	185.862	112.359	0.000	0.000	0.323	0.216	3.900	2.283	2.393	subject612e34bd1e60d	12I
39157.000	40403.000	1273.000	402.633	188.051	0.000	0.000	0.323	0.602	88.044	13.957	12.680	subject612e34bd1e60d	12I
40455.000	40573.000	139.000	405.737	490.541	0.000	0.000	0.323	0.376	0.304	0.881	0.334	subject612e34bd1e60d	12I
40619.000	40766.000	172.000	424.613	509.951	0.000	0.000	0.323	0.140	0.061	0.708	0.122	subject612e34bd1e60d	12I
40814.000	42276.000	1485.000	518.485	526.522	0.000	0.000	0.323	0.485	18.377	11.607	2.845	subject612e34bd1e60d	12I
42325.000	43019.000	717.000	253.680	537.633	0.000	0.000	0.323	0.496	16.948	11.525	3.734	subject612e34bd1e60d	12I
43066.000	43531.000	489.000	317.708	471.495	0.000	0.000	0.323	0.404	3.786	5.724	2.241	subject612e34bd1e60d	12I
43579.000	43942.000	386.000	242.213	508.003	0.000	0.000	0.323	0.308	1.513	3.859	0.981	subject612e34bd1e60d	12I
43989.000	44653.000	689.000	297.432	446.148	0.000	0.000	0.323	0.255	2.276	2.802	1.614	subject612e34bd1e60d	12I
44702.000	44797.000	119.000	305.027	407.027	0.000	0.000	0.323	0.252	0.071	0.978	0.148	subject612e34bd1e60d	12I
44844.000	45501.000	681.000	355.873	480.597	0.000	0.000	0.323	0.222	2.461	1.378	4.386	subject612e34bd1e60d	12I
45550.000	45890.000	363.000	371.469	563.369	0.000	0.000	0.323	0.238	0.695	2.406	0.378	subject612e34bd1e60d	12I
45934.000	46296.000	386.000	500.592	555.955	0.000	0.000	0.323	0.212	0.708	2.613	0.406	subject612e34bd1e60d	12I
46345.000	46419.000	97.000	540.012	559.103	0.000	0.000	0.323	0.094	0.016	0.170	0.108	subject612e34bd1e60d	12I
46467.000	46536.000	93.000	528.937	557.960	0.000	0.000	0.323	0.238	0.031	0.348	0.125	subject612e34bd1e60d	12I
46584.000	47555.000	995.000	677.440	515.832	0.000	0.000	0.323	0.196	2.482	5.891	1.149	subject612e34bd1e60d	12I
47601.000	47895.000	318.000	774.976	492.429	0.000	0.000	0.323	0.097	0.107	0.311	0.528	subject612e34bd1e60d	12I
47944.000	48259.000	339.000	772.703	457.869	0.000	0.000	0.323	0.163	0.267	0.962	1.112	subject612e34bd1e60d	12I
48307.000	49670.000	1391.000	363.722	203.108	0.000	0.000	0.323	0.625	66.588	19.535	10.046	subject612e34bd1e60d	12I
49720.000	49839.000	143.000	437.832	159.060	0.000	0.000	0.323	0.066	0.016	0.212	0.078	subject612e34bd1e60d	12I
49887.000	51546.000	1683.000	389.069	181.202	0.000	0.000	0.323	0.431	57.141	7.895	10.133	subject612e34bd1e60d	12I
51595.000	51775.000	205.000	354.040	242.061	0.000	0.000	0.323	0.352	0.327	1.728	0.654	subject612e34bd1e60d	12I
51846.000	52224.000	401.000	284.319	256.755	0.000	0.000	0.323	0.194	0.791	2.224	0.544	subject612e34bd1e60d	12I
52271.000	53664.000	1416.000	435.223	222.533	0.000	0.000	0.323	0.400	31.443	8.991	6.741	subject612e34bd1e60d	12I
53711.000	54675.000	987.000	478.425	230.939	0.000	0.000	0.323	0.411	15.320	2.765	7.950	subject612e34bd1e60d	12I
54721.000	55546.000	849.000	327.967	151.745	0.000	0.000	0.323	0.281	2.520	7.826	0.935	subject612e34bd1e60d	12I
55595.000	56807.000	1237.000	304.361	273.323	0.000	0.000	0.323	0.536	33.487	10.504	6.550	subject612e34bd1e60d	12I
56856.000	56979.000	148.000	72.107	170.552	0.000	0.000	0.323	0.114	0.061	0.231	0.256	subject612e34bd1e60d	12I
57026.000	57804.000	801.000	215.024	182.594	0.000	0.000	0.323	0.274	3.886	7.651	0.921	subject612e34bd1e60d	12I
57851.000	57998.000	170.000	366.740	178.653	0.000	0.000	0.323	0.087	0.028	0.361	0.231	subject612e34bd1e60d	12I
58046.000	59288.000	1264.000	464.086	217.417	0.000	0.000	0.323	0.433	5.278	8.304	4.537	subject612e34bd1e60d	12I
59335.000	60042.000	731.000	297.538	230.742	0.000	0.000	0.323	0.239	2.884	4.577	2.249	subject612e34bd1e60d	12I
60091.000	60264.000	198.000	317.963	232.987	0.000	0.000	0.323	0.345	0.237	2.278	0.264	subject612e34bd1e60d	12I
60313.000	61034.000	745.000	328.603	243.242	0.000	0.000	0.323	0.258	2.961	5.494	1.606	subject612e34bd1e60d	12I
61082.000	61155.000	97.000	227.797	190.729	0.000	0.000	0.323	0.072	0.008	0.121	0.079	subject612e34bd1e60d	12I
61203.000	63169.000	1989.000	401.844	242.004	0.000	0.000	0.323	0.246	34.835	8.151	7.224	subject612e34bd1e60d	12I
63216.000	63265.000	72.000	386.573	424.792	0.000	0.000	0.323	0.176	0.022	0.060	0.341	subject612e34bd1e60d	12I
63311.000	63687.000	399.000	333.304	464.057	0.000	0.000	0.323	0.157	0.250	2.195	0.822	subject612e34bd1e60d	12I
63734.000	64855.000	1145.000	257.363	421.710	0.000	0.000	0.323	0.490	39.306	14.372	3.399	subject612e34bd1e60d	12I
64949.000	65043.000	119.000	582.139	478.334	0.000	0.000	0.323	0.149	0.047	0.228	0.479	subject612e34bd1e60d	12I
65091.000	65807.000	740.000	675.928	490.378	0.000	0.000	0.323	0.248	1.102	3.879	0.630	subject612e34bd1e60d	12I
65855.000	66501.000	672.000	586.977	528.099	0.000	0.000	0.323	0.257	2.119	3.915	2.893	subject612e34bd1e60d	12I
66551.000	66670.000	142.000	539.959	574.548	0.000	0.000	0.323	0.195	0.117	0.675	0.285	subject612e34bd1e60d	12I
66716.000	67218.000	525.000	703.322	503.378	0.000	0.000	0.323	0.295	1.652	4.503	1.544	subject612e34bd1e60d	12I
67265.000	67383.000	141.000	744.273	491.094	0.000	0.000	0.323	0.108	0.022	0.370	0.057	subject612e34bd1e60d	12I
67431.000	67597.000	193.000	784.900	485.578	0.000	0.000	0.323	0.120	0.140	0.369	0.416	subject612e34bd1e60d	12I
67649.000	68158.000	533.000	883.398	500.330	0.000	0.000	0.323	0.355	1.472	6.844	0.952	subject612e34bd1e60d	12I
68208.000	70860.000	2676.000	714.165	481.838	0.000	0.000	0.323	0.260	42.542	17.939	4.678	subject612e34bd1e60d	12I
70908.000	71468.000	584.000	450.814	552.354	0.000	0.000	0.323	0.188	2.030	2.217	1.533	subject612e34bd1e60d	12I
71512.000	72946.000	1458.000	735.966	531.557	0.000	0.000	0.323	0.361	8.605	17.480	2.674	subject612e34bd1e60d	12I
72994.000	73814.000	844.000	1086.452	584.291	0.000	0.000	0.323	0.499	18.921	9.193	4.003	subject612e34bd1e60d	12I
1.000	676.000	700.000	498.639	308.031	0.000	0.000	0.332	1.455	40.190	26.300	20.231	subject612e34bd1e60d	1S
725.000	1875.000	1174.000	271.551	207.562	0.000	0.000	0.332	0.486	27.080	5.924	8.160	subject612e34bd1e60d	1S
1920.000	2137.000	246.000	210.080	60.142	0.000	0.000	0.332	0.210	0.428	1.040	0.662	subject612e34bd1e60d	1S
2190.000	2239.000	70.000	223.676	91.436	0.000	0.000	0.332	0.177	0.025	0.061	0.319	subject612e34bd1e60d	1S
2283.000	3576.000	1319.000	578.215	209.393	0.000	0.000	0.332	0.483	76.295	15.629	7.268	subject612e34bd1e60d	1S
3625.000	4527.000	926.000	422.147	150.541	0.000	0.000	0.332	0.997	36.419	28.670	3.079	subject612e34bd1e60d	1S
4575.000	5226.000	674.000	291.177	313.147	0.000	0.000	0.332	0.667	23.079	9.298	5.223	subject612e34bd1e60d	1S
5272.000	5491.000	243.000	222.910	152.932	0.000	0.000	0.332	0.413	1.174	1.750	0.982	subject612e34bd1e60d	1S
5540.000	5761.000	247.000	347.262	152.566	0.000	0.000	0.332	0.229	0.228	1.475	0.426	subject612e34bd1e60d	1S
5813.000	6036.000	246.000	330.955	145.340	0.000	0.000	0.332	0.135	0.176	0.543	0.584	subject612e34bd1e60d	1S
6107.000	6835.000	752.000	252.587	258.413	0.000	0.000	0.332	0.390	12.267	2.765	7.588	subject612e34bd1e60d	1S
6883.000	7013.000	155.000	305.400	308.917	0.000	0.000	0.332	0.378	0.147	0.186	1.768	subject612e34bd1e60d	1S
7062.000	7616.000	577.000	417.400	218.842	0.000	0.000	0.332	0.550	6.441	10.241	1.183	subject612e34bd1e60d	1S
7662.000	8569.000	931.000	264.134	198.664	0.000	0.000	0.332	0.909	82.840	22.899	4.986	subject612e34bd1e60d	1S
8617.000	8995.000	402.000	168.323	295.766	0.000	0.000	0.332	0.391	6.057	2.644	3.309	subject612e34bd1e60d	1S
9043.000	9111.000	94.000	125.217	152.413	0.000	0.000	0.332	0.390	0.094	0.609	0.580	subject612e34bd1e60d	1S
9160.000	10649.000	1509.000	483.172	194.308	0.000	0.000	0.332	0.367	30.737	19.416	2.584	subject612e34bd1e60d	1S
10713.000	11611.000	938.000	428.864	212.584	0.000	0.000	0.332	0.901	67.549	24.742	4.616	subject612e34bd1e60d	1S
11678.000	12208.000	555.000	140.149	345.145	0.000	0.000	0.332	0.465	12.516	5.811	3.701	subject612e34bd1e60d	1S
12258.000	13966.000	1733.000	521.241	177.449	0.000	0.000	0.332	0.463	53.040	25.029	3.864	subject612e34bd1e60d	1S
14013.000	14902.000	909.000	391.463	243.464	0.000	0.000	0.332	1.021	18.687	30.539	5.391	subject612e34bd1e60d	1S
14947.000	16053.000	1132.000	257.726	241.456	0.000	0.000	0.332	0.439	4.403	17.787	4.406	subject612e34bd1e60d	1S
16102.000	16176.000	98.000	548.668	315.684	0.000	0.000	0.332	0.211	0.076	0.461	0.246	subject612e34bd1e60d	1S
16224.000	17095.000	896.000	645.416	254.355	0.000	0.000	0.332	0.312	6.485	8.986	3.686	subject612e34bd1e60d	1S
17167.000	18062.000	920.000	437.407	272.275	0.000	0.000	0.332	0.967	108.730	25.328	6.368	subject612e34bd1e60d	1S
18111.000	18669.000	581.000	272.678	379.550	0.000	0.000	0.332	0.485	10.582	1.839	7.327	subject612e34bd1e60d	1S
18714.000	19743.000	1055.000	360.676	248.653	0.000	0.000	0.332	0.256	3.654	8.633	2.049	subject612e34bd1e60d	1S
19793.000	20644.000	874.000	573.782	643.484	0.000	0.000	0.332	0.800	56.365	5.650	21.868	subject612e34bd1e60d	1S
20697.000	21037.000	364.000	649.971	851.019	0.000	0.000	0.332	0.540	4.323	5.798	2.193	subject612e34bd1e60d	1S
21086.000	21203.000	145.000	667.728	840.762	0.000	0.000	0.332	0.237	0.136	0.914	0.432	subject612e34bd1e60d	1S
21255.000	22190.000	959.000	583.730	613.006	0.000	0.000	0.332	0.653	66.814	14.273	14.640	subject612e34bd1e60d	1S
22237.000	22411.000	195.000	139.812	359.526	0.000	0.000	0.332	0.203	0.197	0.856	0.406	subject612e34bd1e60d	1S
22455.000	26978.000	4548.000	694.683	548.363	0.000	0.000	0.332	0.590	147.964	24.392	15.272	subject612e34bd1e60d	1S
27027.000	29238.000	2239.000	585.735	578.765	0.000	0.000	0.332	0.515	44.722	16.339	5.553	subject612e34bd1e60d	1S
29289.000	29460.000	194.000	568.889	467.183	0.000	0.000	0.332	0.148	0.050	0.930	0.276	subject612e34bd1e60d	1S
29508.000	31948.000	2464.000	575.261	556.034	0.000	0.000	0.332	0.474	36.414	14.716	5.037	subject612e34bd1e60d	1S
31997.000	32914.000	941.000	561.991	591.662	0.000	0.000	0.332	0.619	22.312	18.944	2.361	subject612e34bd1e60d	1S
32963.000	34761.000	1823.000	614.109	705.250	0.000	0.000	0.332	0.500	148.902	21.782	11.212	subject612e34bd1e60d	1S
34807.000	34853.000	72.000	930.264	701.725	0.000	0.000	0.332	0.131	0.034	0.205	0.092	subject612e34bd1e60d	1S
34902.000	34926.000	48.000	967.579	701.247	0.000	0.000	0.332	0.300	0.000	0.297	0.043	subject612e34bd1e60d	1S
34975.000	37529.000	2578.000	565.883	715.614	0.000	0.000	0.332	0.658	54.146	28.411	6.814	subject612e34bd1e60d	1S
37576.000	38806.000	1254.000	571.408	733.244	0.000	0.000	0.332	0.713	26.707	19.402	3.267	subject612e34bd1e60d	1S
38853.000	41380.000	2551.000	645.963	782.710	0.000	0.000	0.332	0.621	23.973	23.894	5.070	subject612e34bd1e60d	1S
41440.000	41588.000	171.000	973.332	862.902	0.000	0.000	0.332	0.173	0.118	0.369	0.372	subject612e34bd1e60d	1S
41635.000	42061.000	451.000	931.464	851.683	0.000	0.000	0.332	0.205	1.752	1.460	1.935	subject612e34bd1e60d	1S
42106.000	42991.000	910.000	837.960	878.546	0.000	0.000	0.332	0.695	34.719	18.514	4.948	subject612e34bd1e60d	1S
43037.000	43533.000	516.000	648.928	903.301	0.000	0.000	0.332	0.369	2.010	5.686	0.560	subject612e34bd1e60d	1S
43577.000	44550.000	996.000	863.252	826.575	0.000	0.000	0.332	0.560	10.921	8.929	5.482	subject612e34bd1e60d	1S
44597.000	45430.000	858.000	905.772	855.604	0.000	0.000	0.332	0.623	18.866	13.082	8.859	subject612e34bd1e60d	1S
45479.000	45750.000	298.000	916.691	755.922	0.000	0.000	0.332	0.258	0.761	1.734	1.314	subject612e34bd1e60d	1S
45803.000	45952.000	175.000	904.177	785.654	0.000	0.000	0.332	0.130	0.098	0.344	0.330	subject612e34bd1e60d	1S
46003.000	46183.000	201.000	899.780	794.361	0.000	0.000	0.332	0.139	0.037	0.285	0.178	subject612e34bd1e60d	1S
46228.000	46343.000	141.000	916.581	785.374	0.000	0.000	0.332	0.138	0.036	0.243	0.158	subject612e34bd1e60d	1S
46394.000	46490.000	120.000	898.423	792.767	0.000	0.000	0.332	0.147	0.064	0.343	0.252	subject612e34bd1e60d	1S
46539.000	46587.000	73.000	917.145	798.601	0.000	0.000	0.332	0.136	0.003	0.247	0.113	subject612e34bd1e60d	1S
46637.000	46781.000	169.000	948.305	798.535	0.000	0.000	0.332	0.167	0.131	0.589	0.293	subject612e34bd1e60d	1S
46835.000	46983.000	173.000	976.831	810.695	0.000	0.000	0.332	0.089	0.006	0.388	0.258	subject612e34bd1e60d	1S
47032.000	47100.000	92.000	984.074	814.552	0.000	0.000	0.332	0.050	0.006	0.085	0.075	subject612e34bd1e60d	1S
47148.000	47417.000	294.000	947.829	803.520	0.000	0.000	0.332	0.176	0.148	1.507	0.167	subject612e34bd1e60d	1S
47467.000	47609.000	167.000	918.536	801.921	0.000	0.000	0.332	0.067	0.020	0.219	0.245	subject612e34bd1e60d	1S
47655.000	47726.000	95.000	904.091	802.949	0.000	0.000	0.332	0.096	0.014	0.117	0.134	subject612e34bd1e60d	1S
47774.000	47823.000	75.000	912.868	805.919	0.000	0.000	0.332	0.086	0.006	0.135	0.053	subject612e34bd1e60d	1S
47874.000	47977.000	127.000	909.404	804.284	0.000	0.000	0.332	0.040	0.002	0.044	0.075	subject612e34bd1e60d	1S
48025.000	48123.000	119.000	899.593	802.387	0.000	0.000	0.332	0.062	0.007	0.233	0.039	subject612e34bd1e60d	1S
48167.000	48310.000	168.000	880.352	803.545	0.000	0.000	0.332	0.084	0.020	0.204	0.099	subject612e34bd1e60d	1S
48359.000	48408.000	74.000	891.911	805.426	0.000	0.000	0.332	0.086	0.001	0.119	0.006	subject612e34bd1e60d	1S
48458.000	48824.000	390.000	906.483	802.041	0.000	0.000	0.332	0.077	0.133	0.663	0.560	subject612e34bd1e60d	1S
48873.000	49145.000	295.000	938.065	829.706	0.000	0.000	0.332	0.074	0.056	0.462	0.320	subject612e34bd1e60d	1S
49192.000	49555.000	384.000	967.922	818.015	0.000	0.000	0.332	0.110	0.215	0.827	1.167	subject612e34bd1e60d	1S
49599.000	49798.000	221.000	958.380	783.395	0.000	0.000	0.332	0.097	0.090	0.371	0.461	subject612e34bd1e60d	1S
49844.000	50202.000	383.000	915.821	791.976	0.000	0.000	0.332	0.151	0.113	1.629	0.888	subject612e34bd1e60d	1S
50251.000	50424.000	197.000	877.238	811.281	0.000	0.000	0.332	0.045	0.005	0.135	0.046	subject612e34bd1e60d	1S
50472.000	50594.000	149.000	875.782	805.139	0.000	0.000	0.332	0.061	0.016	0.260	0.099	subject612e34bd1e60d	1S
50645.000	50797.000	178.000	878.127	793.826	0.000	0.000	0.332	0.107	0.027	0.153	0.211	subject612e34bd1e60d	1S
50848.000	50971.000	148.000	867.595	809.395	0.000	0.000	0.332	0.123	0.058	0.260	0.428	subject612e34bd1e60d	1S
51020.000	51350.000	355.000	859.899	855.466	0.000	0.000	0.332	0.205	0.859	1.644	1.203	subject612e34bd1e60d	1S
51400.000	52056.000	689.000	854.974	823.047	0.000	0.000	0.332	0.311	5.654	5.857	1.804	subject612e34bd1e60d	1S
52122.000	52832.000	736.000	986.319	838.881	0.000	0.000	0.332	0.236	4.023	2.635	2.641	subject612e34bd1e60d	1S
139036.000	140105.000	1092.000	1423.283	504.551	0.000	0.000	0.384	0.245	0.809	2.811	1.661	subject612e34bd1e60d	1V
123143.000	124230.000	1111.000	270.068	589.379	0.000	0.000	0.384	0.433	4.656	9.059	1.527	subject612e34bd1e60d	1V
125789.000	126880.000	1116.000	341.150	1022.158	0.000	0.000	0.384	0.217	3.728	3.193	2.560	subject612e34bd1e60d	1V
128449.000	129552.000	1130.000	1508.540	1037.321	0.000	0.000	0.384	0.178	3.618	3.215	2.176	subject612e34bd1e60d	1V
131111.000	132190.000	1105.000	683.975	613.397	0.000	0.000	0.384	0.272	6.629	3.860	3.513	subject612e34bd1e60d	1V
133739.000	134260.000	547.000	-114.031	183.054	0.000	0.000	0.384	0.136	0.860	2.336	0.545	subject612e34bd1e60d	1V
134308.000	134808.000	525.000	-96.868	147.764	0.000	0.000	0.384	0.385	2.117	6.463	1.203	subject612e34bd1e60d	1V
136364.000	137497.000	1157.000	1418.060	121.398	0.000	0.000	0.384	0.298	2.828	5.500	3.722	subject612e34bd1e60d	1V
361209.000	362283.000	1099.000	142.434	577.442	0.000	0.000	0.374	0.140	2.871	4.071	1.732	subject612e34bd1e60d	2V
363850.000	364939.000	1114.000	295.299	24.252	0.000	0.000	0.374	0.260	1.611	3.891	1.096	subject612e34bd1e60d	2V
366496.000	367591.000	1119.000	1430.317	83.317	0.000	0.000	0.374	0.086	0.644	2.719	0.624	subject612e34bd1e60d	2V
369155.000	370241.000	1110.000	660.600	541.347	0.000	0.000	0.374	0.456	5.104	9.110	1.330	subject612e34bd1e60d	2V
371782.000	372862.000	1106.000	229.732	960.409	0.000	0.000	0.374	0.133	2.655	4.255	1.086	subject612e34bd1e60d	2V
374424.000	375516.000	1116.000	1378.123	481.443	0.000	0.000	0.374	0.104	1.107	2.258	1.287	subject612e34bd1e60d	2V
377069.000	378148.000	1104.000	1446.442	967.860	0.000	0.000	0.374	0.254	2.695	4.725	1.276	subject612e34bd1e60d	2V
1.000	84.000	106.000	1006.592	765.003	0.000	0.000	0.335	0.867	0.562	1.411	2.145	subject612e34bd1e60d	6I
131.000	1683.000	1576.000	861.861	349.649	0.000	0.000	0.335	1.140	358.663	28.849	17.375	subject612e34bd1e60d	6I
1731.000	1831.000	125.000	1143.068	649.981	0.000	0.000	0.335	0.085	0.005	0.102	0.113	subject612e34bd1e60d	6I
1881.000	2117.000	257.000	1140.733	635.375	0.000	0.000	0.335	0.069	0.027	0.158	0.343	subject612e34bd1e60d	6I
2161.000	2258.000	122.000	1153.105	641.487	0.000	0.000	0.335	0.125	0.073	0.153	0.382	subject612e34bd1e60d	6I
2308.000	2454.000	167.000	1141.887	661.674	0.000	0.000	0.335	0.138	0.093	0.409	0.222	subject612e34bd1e60d	6I
2500.000	2546.000	70.000	1182.088	655.820	0.000	0.000	0.335	0.248	0.010	0.444	0.178	subject612e34bd1e60d	6I
2596.000	3420.000	845.000	688.637	483.581	0.000	0.000	0.335	1.333	94.816	33.872	20.258	subject612e34bd1e60d	6I
3466.000	3539.000	99.000	112.935	-16.006	0.000	0.000	0.335	0.478	0.367	0.488	0.772	subject612e34bd1e60d	6I
3591.000	4581.000	1015.000	252.649	186.559	0.000	0.000	0.335	0.487	32.624	6.055	7.092	subject612e34bd1e60d	6I
4631.000	4930.000	322.000	295.835	100.042	0.000	0.000	0.335	0.303	0.862	2.806	0.845	subject612e34bd1e60d	6I
4977.000	5085.000	132.000	172.684	113.096	0.000	0.000	0.335	0.192	0.008	0.566	0.076	subject612e34bd1e60d	6I
5134.000	5256.000	147.000	167.586	121.316	0.000	0.000	0.335	0.080	0.017	0.128	0.150	subject612e34bd1e60d	6I
5307.000	5388.000	105.000	186.383	112.081	0.000	0.000	0.335	0.170	0.051	0.414	0.190	subject612e34bd1e60d	6I
5436.000	5534.000	122.000	192.552	83.248	0.000	0.000	0.335	0.276	0.178	0.335	0.523	subject612e34bd1e60d	6I
5581.000	5966.000	409.000	241.408	207.344	0.000	0.000	0.335	0.307	1.591	0.602	4.354	subject612e34bd1e60d	6I
6014.000	6440.000	449.000	247.601	242.061	0.000	0.000	0.335	0.326	2.402	0.838	4.052	subject612e34bd1e60d	6I
6487.000	6628.000	161.000	278.705	155.364	0.000	0.000	0.335	0.134	0.067	0.317	0.228	subject612e34bd1e60d	6I
6671.000	7058.000	412.000	254.950	129.075	0.000	0.000	0.335	0.164	0.892	1.997	0.747	subject612e34bd1e60d	6I
7107.000	8118.000	1034.000	431.235	170.161	0.000	0.000	0.335	0.367	6.866	13.481	2.014	subject612e34bd1e60d	6I
8167.000	9647.000	1501.000	456.613	205.535	0.000	0.000	0.335	0.342	13.691	10.626	1.638	subject612e34bd1e60d	6I
9691.000	9789.000	121.000	545.306	234.673	0.000	0.000	0.335	0.149	0.039	0.367	0.147	subject612e34bd1e60d	6I
9837.000	11767.000	1954.000	504.033	268.327	0.000	0.000	0.335	0.483	69.024	14.278	6.908	subject612e34bd1e60d	6I
11815.000	11960.000	168.000	303.660	462.184	0.000	0.000	0.335	0.143	0.046	0.540	0.093	subject612e34bd1e60d	6I
12031.000	12250.000	244.000	327.135	447.903	0.000	0.000	0.335	0.082	0.035	0.406	0.212	subject612e34bd1e60d	6I
12298.000	12396.000	121.000	320.839	438.927	0.000	0.000	0.335	0.084	0.017	0.179	0.084	subject612e34bd1e60d	6I
12442.000	15176.000	2758.000	424.279	387.396	0.000	0.000	0.335	0.515	37.436	15.704	7.382	subject612e34bd1e60d	6I
15225.000	15250.000	47.000	332.700	452.803	0.000	0.000	0.335	0.080	0.000	0.080	0.004	subject612e34bd1e60d	6I
15296.000	15446.000	175.000	347.020	458.186	0.000	0.000	0.335	0.066	0.010	0.228	0.044	subject612e34bd1e60d	6I
15495.000	15855.000	384.000	372.312	454.378	0.000	0.000	0.335	0.069	0.037	0.386	0.199	subject612e34bd1e60d	6I
15902.000	16463.000	584.000	322.844	481.487	0.000	0.000	0.335	0.154	0.917	2.558	1.507	subject612e34bd1e60d	6I
16509.000	16553.000	67.000	273.060	519.349	0.000	0.000	0.335	0.058	0.002	0.110	0.017	subject612e34bd1e60d	6I
16600.000	16673.000	95.000	280.847	510.760	0.000	0.000	0.335	0.081	0.016	0.166	0.142	subject612e34bd1e60d	6I
16741.000	17032.000	314.000	315.699	485.890	0.000	0.000	0.335	0.152	0.444	0.953	0.889	subject612e34bd1e60d	6I
17078.000	18500.000	1445.000	330.768	556.088	0.000	0.000	0.335	0.516	46.331	6.140	13.092	subject612e34bd1e60d	6I
18549.000	19320.000	795.000	360.446	490.966	0.000	0.000	0.335	0.313	10.657	3.906	6.635	subject612e34bd1e60d	6I
19367.000	19536.000	192.000	265.161	576.644	0.000	0.000	0.335	0.151	0.170	0.571	0.476	subject612e34bd1e60d	6I
19583.000	19952.000	394.000	335.777	601.182	0.000	0.000	0.335	0.261	0.958	3.497	0.476	subject612e34bd1e60d	6I
20001.000	20058.000	81.000	452.000	596.696	0.000	0.000	0.335	0.234	0.043	0.389	0.071	subject612e34bd1e60d	6I
20108.000	20631.000	546.000	491.900	594.498	0.000	0.000	0.335	0.099	0.569	0.962	1.117	subject612e34bd1e60d	6I
20678.000	21054.000	399.000	488.453	636.006	0.000	0.000	0.335	0.091	0.069	0.411	0.316	subject612e34bd1e60d	6I
21100.000	22078.000	1002.000	374.603	625.112	0.000	0.000	0.335	0.288	5.354	8.659	1.879	subject612e34bd1e60d	6I
22126.000	23529.000	1426.000	422.331	624.436	0.000	0.000	0.335	0.439	64.468	9.717	8.002	subject612e34bd1e60d	6I
23574.000	23670.000	120.000	367.950	512.408	0.000	0.000	0.335	0.118	0.052	0.174	0.286	subject612e34bd1e60d	6I
23741.000	25658.000	1941.000	417.422	543.270	0.000	0.000	0.335	0.229	10.441	6.464	3.681	subject612e34bd1e60d	6I
25702.000	26154.000	476.000	549.228	615.251	0.000	0.000	0.335	0.152	0.481	1.860	0.925	subject612e34bd1e60d	6I
26201.000	26818.000	641.000	568.187	579.873	0.000	0.000	0.335	0.378	6.936	7.367	1.877	subject612e34bd1e60d	6I
26865.000	27055.000	211.000	368.108	478.793	0.000	0.000	0.335	0.205	0.240	0.231	1.426	subject612e34bd1e60d	6I
27100.000	27244.000	166.000	395.403	451.848	0.000	0.000	0.335	0.170	0.151	0.699	0.381	subject612e34bd1e60d	6I
27291.000	27410.000	144.000	391.874	476.359	0.000	0.000	0.335	0.201	0.019	0.540	0.679	subject612e34bd1e60d	6I
27459.000	28024.000	590.000	321.130	537.529	0.000	0.000	0.335	0.180	0.670	2.148	1.561	subject612e34bd1e60d	6I
28072.000	28242.000	195.000	264.555	574.399	0.000	0.000	0.335	0.157	0.088	0.615	0.224	subject612e34bd1e60d	6I
28289.000	28645.000	382.000	338.943	579.619	0.000	0.000	0.335	0.244	0.364	2.641	0.422	subject612e34bd1e60d	6I
28694.000	29602.000	933.000	197.567	556.590	0.000	0.000	0.335	0.352	4.932	6.838	1.032	subject612e34bd1e60d	6I
29652.000	30799.000	1170.000	264.361	534.648	0.000	0.000	0.335	0.698	43.882	4.547	20.265	subject612e34bd1e60d	6I
30843.000	31145.000	326.000	154.294	46.914	0.000	0.000	0.335	0.140	0.344	0.995	0.744	subject612e34bd1e60d	6I
31193.000	32855.000	1686.000	522.336	476.191	0.000	0.000	0.335	0.992	333.593	28.718	17.792	subject612e34bd1e60d	6I
32904.000	33784.000	904.000	274.149	314.909	0.000	0.000	0.335	0.511	46.360	4.002	13.236	subject612e34bd1e60d	6I
33832.000	34295.000	486.000	328.633	93.576	0.000	0.000	0.335	0.330	0.779	5.036	0.467	subject612e34bd1e60d	6I
34343.000	34414.000	96.000	185.827	89.468	0.000	0.000	0.335	0.159	0.019	0.446	0.158	subject612e34bd1e60d	6I
34463.000	34639.000	200.000	145.220	75.477	0.000	0.000	0.335	0.146	0.057	0.791	0.255	subject612e34bd1e60d	6I
34688.000	38223.000	3561.000	304.774	546.572	0.000	0.000	0.335	0.406	132.925	18.704	17.649	subject612e34bd1e60d	6I
38273.000	38343.000	94.000	370.538	554.977	0.000	0.000	0.335	0.181	0.021	0.396	0.182	subject612e34bd1e60d	6I
38392.000	38510.000	142.000	363.844	548.302	0.000	0.000	0.335	0.104	0.051	0.290	0.224	subject612e34bd1e60d	6I
38560.000	38632.000	95.000	354.157	545.967	0.000	0.000	0.335	0.066	0.011	0.113	0.102	subject612e34bd1e60d	6I
38680.000	38902.000	248.000	318.457	520.097	0.000	0.000	0.335	0.177	0.253	0.516	0.725	subject612e34bd1e60d	6I
38951.000	39026.000	98.000	305.419	503.881	0.000	0.000	0.335	0.171	0.069	0.275	0.180	subject612e34bd1e60d	6I
39074.000	39147.000	99.000	296.724	510.646	0.000	0.000	0.335	0.089	0.019	0.125	0.200	subject612e34bd1e60d	6I
39194.000	39248.000	78.000	287.472	518.607	0.000	0.000	0.335	0.099	0.009	0.186	0.049	subject612e34bd1e60d	6I
39297.000	39371.000	98.000	269.970	511.710	0.000	0.000	0.335	0.151	0.013	0.210	0.157	subject612e34bd1e60d	6I
39419.000	39440.000	43.000	284.688	514.868	0.000	0.000	0.335	0.212	0.000	0.203	0.060	subject612e34bd1e60d	6I
39486.000	41227.000	1764.000	527.946	453.207	0.000	0.000	0.335	0.579	91.252	16.559	10.149	subject612e34bd1e60d	6I
41297.000	43003.000	1731.000	603.211	353.645	0.000	0.000	0.335	0.593	36.551	17.117	6.943	subject612e34bd1e60d	6I
43054.000	44560.000	1531.000	495.393	421.233	0.000	0.000	0.335	0.582	41.562	15.647	6.562	subject612e34bd1e60d	6I
44612.000	44826.000	238.000	395.913	443.908	0.000	0.000	0.335	0.135	0.143	0.485	0.491	subject612e34bd1e60d	6I
44871.000	45360.000	514.000	414.657	464.108	0.000	0.000	0.335	0.124	0.427	1.552	0.766	subject612e34bd1e60d	6I
45407.000	46439.000	1055.000	594.021	355.661	0.000	0.000	0.335	0.346	22.117	6.556	8.088	subject612e34bd1e60d	6I
46484.000	46655.000	195.000	525.156	250.758	0.000	0.000	0.335	0.224	0.145	1.001	0.190	subject612e34bd1e60d	6I
46699.000	47860.000	1184.000	652.636	283.355	0.000	0.000	0.335	0.561	49.937	12.526	7.776	subject612e34bd1e60d	6I
47906.000	47954.000	71.000	471.361	496.316	0.000	0.000	0.335	0.232	0.055	0.262	0.149	subject612e34bd1e60d	6I
48001.000	49921.000	1944.000	474.097	341.384	0.000	0.000	0.335	0.479	98.405	13.124	9.339	subject612e34bd1e60d	6I
49965.000	50178.000	235.000	481.543	434.927	0.000	0.000	0.335	0.193	0.178	0.579	0.307	subject612e34bd1e60d	6I
50225.000	50320.000	119.000	454.729	433.340	0.000	0.000	0.335	0.080	0.017	0.209	0.064	subject612e34bd1e60d	6I
50366.000	50437.000	95.000	463.520	444.730	0.000	0.000	0.335	0.123	0.020	0.161	0.178	subject612e34bd1e60d	6I
50486.000	50957.000	496.000	437.529	441.061	0.000	0.000	0.335	0.158	0.335	2.173	0.319	subject612e34bd1e60d	6I
51007.000	51249.000	265.000	372.965	446.701	0.000	0.000	0.335	0.119	0.169	0.539	0.589	subject612e34bd1e60d	6I
51296.000	51465.000	193.000	402.748	480.142	0.000	0.000	0.335	0.141	0.133	0.347	0.605	subject612e34bd1e60d	6I
51513.000	51583.000	96.000	412.054	504.120	0.000	0.000	0.335	0.134	0.049	0.162	0.232	subject612e34bd1e60d	6I
51633.000	52044.000	437.000	388.456	515.457	0.000	0.000	0.335	0.207	0.450	1.822	1.730	subject612e34bd1e60d	6I
52096.000	52145.000	72.000	328.928	575.868	0.000	0.000	0.335	0.068	0.007	0.045	0.113	subject612e34bd1e60d	6I
52191.000	52335.000	170.000	326.294	571.444	0.000	0.000	0.335	0.047	0.006	0.075	0.095	subject612e34bd1e60d	6I
52384.000	55374.000	3015.000	511.831	356.816	0.000	0.000	0.335	0.464	52.578	16.675	10.201	subject612e34bd1e60d	6I
55423.000	55523.000	124.000	405.386	446.992	0.000	0.000	0.335	0.142	0.050	0.202	0.454	subject612e34bd1e60d	6I
55573.000	57566.000	2020.000	1123.822	705.551	0.000	0.000	0.335	0.516	42.454	26.148	9.692	subject612e34bd1e60d	6I
1.000	1353.000	1378.000	183.969	262.567	0.000	0.000	0.324	1.169	203.746	50.399	13.656	subject612e34bd1e60d	9S
1404.000	3221.000	1841.000	275.911	159.589	0.000	0.000	0.324	0.514	33.531	21.667	3.295	subject612e34bd1e60d	9S
3268.000	4380.000	1137.000	55.224	125.952	0.000	0.000	0.324	0.904	50.999	25.375	3.981	subject612e34bd1e60d	9S
4428.000	4622.000	217.000	57.079	56.515	0.000	0.000	0.324	0.256	0.237	0.790	0.544	subject612e34bd1e60d	9S
4670.000	4794.000	148.000	96.913	66.649	0.000	0.000	0.324	0.291	0.048	0.785	0.063	subject612e34bd1e60d	9S
4841.000	4914.000	97.000	44.926	76.413	0.000	0.000	0.324	0.178	0.043	0.300	0.233	subject612e34bd1e60d	9S
4963.000	6493.000	1554.000	213.159	170.096	0.000	0.000	0.324	0.467	42.042	18.813	6.228	subject612e34bd1e60d	9S
6541.000	6640.000	123.000	608.316	207.257	0.000	0.000	0.324	0.230	0.113	0.202	0.549	subject612e34bd1e60d	9S
6688.000	6835.000	170.000	587.670	251.306	0.000	0.000	0.324	0.201	0.161	0.436	0.852	subject612e34bd1e60d	9S
6884.000	7008.000	149.000	609.447	257.469	0.000	0.000	0.324	0.120	0.052	0.426	0.130	subject612e34bd1e60d	9S
7058.000	7176.000	143.000	629.573	241.529	0.000	0.000	0.324	0.156	0.119	0.182	0.592	subject612e34bd1e60d	9S
7226.000	7337.000	138.000	648.885	210.367	0.000	0.000	0.324	0.159	0.066	0.204	0.287	subject612e34bd1e60d	9S
7387.000	7601.000	239.000	610.766	230.133	0.000	0.000	0.324	0.156	0.304	0.527	0.673	subject612e34bd1e60d	9S
7648.000	8551.000	929.000	429.830	212.013	0.000	0.000	0.324	0.979	17.149	28.031	0.829	subject612e34bd1e60d	9S
8600.000	9454.000	879.000	99.649	287.180	0.000	0.000	0.324	0.463	28.179	12.786	3.374	subject612e34bd1e60d	9S
9503.000	10577.000	1097.000	410.512	305.234	0.000	0.000	0.324	0.386	32.850	11.985	4.981	subject612e34bd1e60d	9S
10627.000	11113.000	511.000	738.812	178.130	0.000	0.000	0.324	0.414	0.852	7.370	0.301	subject612e34bd1e60d	9S
11162.000	12037.000	900.000	489.696	228.746	0.000	0.000	0.324	1.230	31.215	36.273	1.569	subject612e34bd1e60d	9S
12087.000	12819.000	757.000	124.867	236.225	0.000	0.000	0.324	0.463	4.909	11.901	2.081	subject612e34bd1e60d	9S
12869.000	14391.000	1547.000	375.499	282.230	0.000	0.000	0.324	0.770	31.596	25.618	2.965	subject612e34bd1e60d	9S
14439.000	14509.000	93.000	-29.087	372.128	0.000	0.000	0.324	0.148	0.066	0.296	0.178	subject612e34bd1e60d	9S
14557.000	15688.000	1156.000	273.355	361.445	0.000	0.000	0.324	0.498	36.502	17.050	2.849	subject612e34bd1e60d	9S
15733.000	15931.000	219.000	488.462	269.764	0.000	0.000	0.324	0.307	0.856	1.439	0.822	subject612e34bd1e60d	9S
15976.000	16562.000	611.000	579.846	282.088	0.000	0.000	0.324	0.339	0.747	3.837	1.420	subject612e34bd1e60d	9S
16617.000	16841.000	248.000	445.640	335.334	0.000	0.000	0.324	0.138	0.075	0.662	0.168	subject612e34bd1e60d	9S
16940.000	17573.000	659.000	599.237	312.731	0.000	0.000	0.324	0.419	6.776	7.593	1.073	subject612e34bd1e60d	9S
17624.000	18243.000	642.000	190.115	248.309	0.000	0.000	0.324	1.119	33.955	25.081	1.605	subject612e34bd1e60d	9S
18288.000	18310.000	48.000	-71.097	269.796	0.000	0.000	0.324	0.294	0.000	0.287	0.066	subject612e34bd1e60d	9S
18360.000	18683.000	346.000	-1.597	269.904	0.000	0.000	0.324	0.154	0.090	1.856	0.110	subject612e34bd1e60d	9S
18727.000	18798.000	93.000	41.194	272.798	0.000	0.000	0.324	0.093	0.006	0.224	0.026	subject612e34bd1e60d	9S
18845.000	19034.000	212.000	24.830	275.212	0.000	0.000	0.324	0.098	0.015	0.280	0.090	subject612e34bd1e60d	9S
19081.000	20039.000	980.000	249.611	301.687	0.000	0.000	0.324	0.469	27.849	16.047	2.652	subject612e34bd1e60d	9S
20084.000	20999.000	938.000	397.295	234.796	0.000	0.000	0.324	1.084	23.863	29.062	3.654	subject612e34bd1e60d	9S
21072.000	22013.000	967.000	237.867	344.152	0.000	0.000	0.324	0.425	8.761	15.367	1.223	subject612e34bd1e60d	9S
22062.000	22926.000	887.000	471.365	292.692	0.000	0.000	0.324	0.577	7.869	14.630	1.598	subject612e34bd1e60d	9S
22968.000	23583.000	640.000	311.844	304.312	0.000	0.000	0.324	0.326	3.675	7.140	0.667	subject612e34bd1e60d	9S
23628.000	23752.000	147.000	433.468	315.789	0.000	0.000	0.324	0.458	0.135	2.198	0.093	subject612e34bd1e60d	9S
23798.000	25151.000	1377.000	256.094	316.979	0.000	0.000	0.324	0.761	8.924	21.859	0.967	subject612e34bd1e60d	9S
25201.000	26126.000	950.000	193.535	363.621	0.000	0.000	0.324	0.511	14.005	9.988	3.304	subject612e34bd1e60d	9S
26195.000	26320.000	146.000	305.957	408.364	0.000	0.000	0.324	0.176	0.067	0.637	0.241	subject612e34bd1e60d	9S
26366.000	28292.000	1949.000	218.181	347.528	0.000	0.000	0.324	0.600	35.852	17.610	3.760	subject612e34bd1e60d	9S
28340.000	28527.000	211.000	178.831	309.795	0.000	0.000	0.324	0.189	0.288	0.272	1.179	subject612e34bd1e60d	9S
28574.000	28803.000	253.000	169.929	380.250	0.000	0.000	0.324	0.252	0.818	1.532	0.989	subject612e34bd1e60d	9S
28850.000	29711.000	881.000	505.516	325.730	0.000	0.000	0.324	0.401	6.305	12.520	2.218	subject612e34bd1e60d	9S
29755.000	30673.000	943.000	518.144	279.827	0.000	0.000	0.324	0.870	25.061	25.220	2.780	subject612e34bd1e60d	9S
30721.000	31558.000	860.000	211.956	353.000	0.000	0.000	0.324	0.250	4.912	6.915	1.020	subject612e34bd1e60d	9S
31604.000	33706.000	2125.000	592.777	347.185	0.000	0.000	0.324	0.701	50.902	27.188	3.073	subject612e34bd1e60d	9S
33752.000	34931.000	1202.000	354.710	357.359	0.000	0.000	0.324	0.782	23.542	17.846	1.956	subject612e34bd1e60d	9S
34977.000	36563.000	1611.000	365.672	355.401	0.000	0.000	0.324	0.663	29.713	18.222	2.559	subject612e34bd1e60d	9S
36614.000	36802.000	213.000	23.070	375.678	0.000	0.000	0.324	0.412	0.554	1.229	0.423	subject612e34bd1e60d	9S
36852.000	36877.000	50.000	121.019	379.663	0.000	0.000	0.324	0.559	0.000	0.559	0.013	subject612e34bd1e60d	9S
36925.000	38980.000	2081.000	697.729	417.069	0.000	0.000	0.324	0.849	297.652	27.545	20.172	subject612e34bd1e60d	9S
39032.000	39246.000	239.000	588.255	94.732	0.000	0.000	0.324	0.133	0.084	0.277	0.547	subject612e34bd1e60d	9S
39299.000	40250.000	976.000	838.586	280.012	0.000	0.000	0.324	0.705	9.889	18.299	14.642	subject612e34bd1e60d	9S
40299.000	40371.000	97.000	1072.704	521.691	0.000	0.000	0.324	1.126	0.118	3.071	1.297	subject612e34bd1e60d	9S
