FixStart	FixEnd	FixDur	XPos	YPos	FlankedByDataLoss	Fraction Interpolated	WeightCutoff	RMSxy	BCEA	FixRangeX	FixRangeY	Participant	Trial
50.000	759.000	745.000	616.051	256.508	0.000	0.000	0.581	2.816	109.321	33.066	18.463	subject613b769da5ed2	13I
831.000	1200.000	408.000	243.338	86.412	0.000	0.000	0.581	0.726	8.397	4.211	2.589	subject613b769da5ed2	13I
1277.000	1783.000	545.000	251.793	-49.819	0.000	0.000	0.581	0.480	0.595	0.587	1.598	subject613b769da5ed2	13I
1859.000	1896.000	73.000	275.842	-42.076	0.000	0.000	0.581	0.354	0.000	0.044	0.351	subject613b769da5ed2	13I
1985.000	2165.000	233.000	322.762	-43.238	0.000	0.000	0.581	0.308	0.205	0.940	0.453	subject613b769da5ed2	13I
2267.000	2935.000	716.000	286.121	-60.108	0.000	0.000	0.581	0.372	3.604	1.818	2.770	subject613b769da5ed2	13I
3022.000	3173.000	195.000	335.447	47.848	0.000	0.000	0.581	0.321	0.255	0.296	0.811	subject613b769da5ed2	13I
3255.000	5434.000	2223.000	224.036	378.297	0.000	0.000	0.581	0.774	64.362	7.174	16.616	subject613b769da5ed2	13I
5517.000	6318.000	850.000	405.157	554.913	0.000	0.000	0.581	0.751	6.585	6.646	1.257	subject613b769da5ed2	13I
6408.000	7242.000	875.000	223.370	309.252	0.000	0.000	0.581	1.351	32.387	3.037	19.477	subject613b769da5ed2	13I
7317.000	7800.000	522.000	267.353	122.388	0.000	0.000	0.581	0.588	4.245	2.430	3.949	subject613b769da5ed2	13I
7880.000	8114.000	286.000	394.804	149.186	0.000	0.000	0.581	0.248	0.195	0.397	0.545	subject613b769da5ed2	13I
8201.000	8692.000	529.000	331.052	73.182	0.000	0.000	0.581	0.575	4.549	2.648	2.277	subject613b769da5ed2	13I
8800.000	9167.000	403.000	446.205	64.688	0.000	0.000	0.581	0.352	1.007	1.557	0.753	subject613b769da5ed2	13I
9251.000	9367.000	153.000	402.056	85.635	0.000	0.000	0.581	0.358	0.222	0.494	0.341	subject613b769da5ed2	13I
9451.000	10411.000	995.000	451.108	91.801	0.000	0.000	0.581	0.530	4.084	4.267	1.437	subject613b769da5ed2	13I
10481.000	12866.000	2422.000	534.816	103.888	0.000	0.000	0.581	0.779	18.323	15.301	3.016	subject613b769da5ed2	13I
12939.000	13227.000	325.000	349.271	147.475	0.000	0.000	0.581	0.458	0.605	3.027	0.306	subject613b769da5ed2	13I
13299.000	13558.000	296.000	444.730	115.445	0.000	0.000	0.581	0.339	0.335	0.644	1.264	subject613b769da5ed2	13I
13630.000	14301.000	706.000	316.633	83.317	0.000	0.000	0.581	0.513	7.392	3.935	2.650	subject613b769da5ed2	13I
14385.000	14838.000	495.000	409.898	163.429	0.000	0.000	0.581	0.291	0.164	0.499	0.658	subject613b769da5ed2	13I
14934.000	15217.000	326.000	340.097	152.441	0.000	0.000	0.581	0.358	0.498	1.542	0.333	subject613b769da5ed2	13I
15297.000	15297.000	53.000	351.709	166.698	0.000	0.000	0.581	NaN	NaN	0.000	0.000	subject613b769da5ed2	13I
15389.000	15899.000	561.000	354.493	175.845	0.000	0.000	0.581	0.380	0.933	2.901	0.416	subject613b769da5ed2	13I
16001.000	16557.000	593.000	412.244	186.082	0.000	0.000	0.581	0.499	1.362	4.713	0.619	subject613b769da5ed2	13I
16628.000	16869.000	277.000	306.656	212.609	0.000	0.000	0.581	0.272	0.438	0.640	0.599	subject613b769da5ed2	13I
16939.000	17772.000	879.000	322.113	277.290	0.000	0.000	0.581	1.313	31.506	2.715	16.955	subject613b769da5ed2	13I
17855.000	18084.000	279.000	350.021	522.747	0.000	0.000	0.581	0.424	0.684	0.998	1.140	subject613b769da5ed2	13I
18170.000	18567.000	433.000	347.911	460.498	0.000	0.000	0.581	0.413	0.981	1.129	2.080	subject613b769da5ed2	13I
18638.000	20330.000	1727.000	234.052	444.201	0.000	0.000	0.581	0.927	43.109	8.167	8.484	subject613b769da5ed2	13I
20415.000	20924.000	567.000	330.066	507.992	0.000	0.000	0.581	0.290	0.898	0.948	1.303	subject613b769da5ed2	13I
21025.000	22099.000	1113.000	208.730	472.510	0.000	0.000	0.581	0.345	4.138	4.841	1.909	subject613b769da5ed2	13I
22179.000	22251.000	109.000	167.142	452.290	0.000	0.000	0.581	0.179	0.046	0.295	0.088	subject613b769da5ed2	13I
22333.000	22447.000	149.000	171.375	435.830	0.000	0.000	0.581	0.224	0.115	0.353	0.344	subject613b769da5ed2	13I
22515.000	22639.000	159.000	198.702	438.245	0.000	0.000	0.581	0.323	0.233	0.667	0.357	subject613b769da5ed2	13I
22710.000	24400.000	1740.000	226.501	510.193	0.000	0.000	0.581	0.397	6.917	7.367	2.114	subject613b769da5ed2	13I
24486.000	26433.000	1998.000	247.646	628.093	0.000	0.000	0.581	1.217	84.799	16.067	9.596	subject613b769da5ed2	13I
26519.000	26787.000	315.000	138.247	588.292	0.000	0.000	0.581	0.195	0.181	0.417	0.592	subject613b769da5ed2	13I
26868.000	27165.000	331.000	77.282	565.308	0.000	0.000	0.581	0.264	0.416	1.231	0.866	subject613b769da5ed2	13I
27250.000	27833.000	619.000	83.875	593.309	0.000	0.000	0.581	0.362	1.888	3.178	2.191	subject613b769da5ed2	13I
27904.000	28021.000	155.000	183.913	621.776	0.000	0.000	0.581	0.227	0.089	0.347	0.348	subject613b769da5ed2	13I
28100.000	28136.000	72.000	198.986	598.530	0.000	0.000	0.581	0.199	0.000	0.191	0.055	subject613b769da5ed2	13I
28216.000	29451.000	1300.000	118.862	549.235	0.000	0.000	0.581	0.789	39.479	7.288	7.553	subject613b769da5ed2	13I
29566.000	29939.000	434.000	218.078	517.337	0.000	0.000	0.581	0.491	1.860	2.969	0.840	subject613b769da5ed2	13I
30048.000	30380.000	368.000	245.842	541.365	0.000	0.000	0.581	0.420	0.598	1.863	0.503	subject613b769da5ed2	13I
30467.000	30844.000	434.000	359.157	511.706	0.000	0.000	0.581	0.241	0.571	1.052	0.870	subject613b769da5ed2	13I
30940.000	31067.000	162.000	376.045	505.845	0.000	0.000	0.581	0.208	0.046	0.240	0.119	subject613b769da5ed2	13I
31144.000	31937.000	828.000	217.158	502.359	0.000	0.000	0.581	0.545	9.558	7.697	2.270	subject613b769da5ed2	13I
32013.000	32483.000	510.000	140.778	587.955	0.000	0.000	0.581	0.316	0.651	1.705	1.373	subject613b769da5ed2	13I
32561.000	33117.000	605.000	221.608	618.228	0.000	0.000	0.581	0.315	1.167	2.437	0.726	subject613b769da5ed2	13I
33204.000	33283.000	119.000	300.004	604.666	0.000	0.000	0.581	0.252	0.051	0.386	0.307	subject613b769da5ed2	13I
33364.000	33605.000	279.000	325.566	642.450	0.000	0.000	0.581	0.459	1.081	0.919	1.510	subject613b769da5ed2	13I
33680.000	34685.000	1054.000	193.981	434.900	0.000	0.000	0.581	1.605	104.324	7.530	15.794	subject613b769da5ed2	13I
34773.000	35333.000	595.000	129.755	636.672	0.000	0.000	0.581	0.569	3.144	2.474	1.987	subject613b769da5ed2	13I
35417.000	36627.000	1245.000	98.514	578.955	0.000	0.000	0.581	1.823	56.812	7.193	19.842	subject613b769da5ed2	13I
36700.000	37111.000	445.000	109.530	680.550	0.000	0.000	0.581	0.332	0.261	1.511	0.816	subject613b769da5ed2	13I
37182.000	37354.000	208.000	69.917	658.524	0.000	0.000	0.581	0.280	0.081	0.691	0.626	subject613b769da5ed2	13I
37432.000	38109.000	716.000	126.134	611.502	0.000	0.000	0.581	0.493	6.975	4.210	2.456	subject613b769da5ed2	13I
38199.000	39472.000	1310.000	287.096	617.518	0.000	0.000	0.581	0.603	34.710	7.530	5.744	subject613b769da5ed2	13I
39547.000	39829.000	321.000	310.974	471.685	0.000	0.000	0.581	0.273	0.330	0.902	0.584	subject613b769da5ed2	13I
39916.000	40252.000	371.000	332.094	494.342	0.000	0.000	0.581	0.289	0.517	1.331	0.380	subject613b769da5ed2	13I
40327.000	40614.000	340.000	429.779	467.049	0.000	0.000	0.581	0.454	1.068	2.101	0.512	subject613b769da5ed2	13I
40704.000	40740.000	79.000	480.605	455.172	0.000	0.000	0.581	0.237	0.000	0.213	0.104	subject613b769da5ed2	13I
40821.000	41467.000	696.000	454.247	500.798	0.000	0.000	0.581	0.572	2.825	6.709	2.546	subject613b769da5ed2	13I
41567.000	41766.000	238.000	267.398	525.822	0.000	0.000	0.581	0.552	0.512	2.048	0.983	subject613b769da5ed2	13I
41849.000	44425.000	2613.000	443.723	530.953	0.000	0.000	0.581	0.718	21.665	20.428	2.720	subject613b769da5ed2	13I
44498.000	44730.000	271.000	296.081	473.458	0.000	0.000	0.581	0.500	0.796	1.035	2.279	subject613b769da5ed2	13I
44809.000	46597.000	1824.000	220.581	501.334	0.000	0.000	0.581	1.385	61.250	6.338	18.276	subject613b769da5ed2	13I
46668.000	46814.000	182.000	333.366	541.560	0.000	0.000	0.581	0.309	0.265	0.406	0.710	subject613b769da5ed2	13I
46900.000	47008.000	146.000	319.239	505.163	0.000	0.000	0.581	0.216	0.034	0.089	0.381	subject613b769da5ed2	13I
47100.000	47770.000	709.000	268.468	384.584	0.000	0.000	0.581	0.680	8.377	1.515	8.517	subject613b769da5ed2	13I
47844.000	48686.000	877.000	342.860	445.818	0.000	0.000	0.581	0.706	19.670	4.805	10.617	subject613b769da5ed2	13I
48754.000	48873.000	160.000	244.906	596.265	0.000	0.000	0.581	0.259	0.193	0.317	0.490	subject613b769da5ed2	13I
48966.000	49133.000	206.000	208.507	618.827	0.000	0.000	0.581	0.248	0.137	0.328	0.423	subject613b769da5ed2	13I
49206.000	49555.000	384.000	201.243	607.725	0.000	0.000	0.581	0.387	0.865	1.001	2.057	subject613b769da5ed2	13I
49633.000	49818.000	221.000	303.594	555.207	0.000	0.000	0.581	0.475	0.482	1.850	0.477	subject613b769da5ed2	13I
49900.000	51814.000	1949.000	312.299	584.232	0.000	0.000	0.581	0.730	115.564	12.210	15.389	subject613b769da5ed2	13I
51900.000	52103.000	249.000	624.127	126.988	0.000	0.000	0.581	0.386	0.290	1.374	1.007	subject613b769da5ed2	13I
52187.000	52282.000	128.000	618.410	182.783	0.000	0.000	0.581	0.337	0.188	0.285	0.397	subject613b769da5ed2	13I
52366.000	52478.000	146.000	573.949	180.400	0.000	0.000	0.581	0.342	0.289	0.440	0.581	subject613b769da5ed2	13I
52546.000	53895.000	1385.000	494.228	244.281	0.000	0.000	0.581	0.444	8.751	4.408	4.052	subject613b769da5ed2	13I
53983.000	54782.000	836.000	352.476	243.056	0.000	0.000	0.581	0.698	7.390	3.200	5.300	subject613b769da5ed2	13I
54866.000	55016.000	191.000	245.311	318.835	0.000	0.000	0.581	0.670	0.787	0.273	2.503	subject613b769da5ed2	13I
55097.000	55387.000	336.000	292.076	178.584	0.000	0.000	0.581	0.472	1.568	2.201	1.457	subject613b769da5ed2	13I
55469.000	55578.000	146.000	394.928	179.620	0.000	0.000	0.581	0.373	0.253	0.775	0.370	subject613b769da5ed2	13I
55649.000	56017.000	406.000	429.166	192.563	0.000	0.000	0.581	0.361	0.652	0.949	1.399	subject613b769da5ed2	13I
56092.000	56303.000	247.000	420.018	245.306	0.000	0.000	0.581	0.360	0.315	0.534	0.775	subject613b769da5ed2	13I
56382.000	56855.000	513.000	388.678	209.999	0.000	0.000	0.581	0.426	1.458	1.330	1.749	subject613b769da5ed2	13I
56931.000	57044.000	154.000	364.284	194.067	0.000	0.000	0.581	0.274	0.090	0.287	0.200	subject613b769da5ed2	13I
57128.000	57216.000	128.000	394.356	175.234	0.000	0.000	0.581	0.514	0.367	0.760	0.517	subject613b769da5ed2	13I
57300.000	57584.000	321.000	338.748	260.882	0.000	0.000	0.581	0.667	2.343	1.486	3.317	subject613b769da5ed2	13I
57659.000	57961.000	338.000	293.508	361.654	0.000	0.000	0.581	0.528	0.739	1.266	1.472	subject613b769da5ed2	13I
58031.000	58159.000	164.000	396.036	244.762	0.000	0.000	0.581	0.573	0.562	1.210	0.342	subject613b769da5ed2	13I
58230.000	58466.000	286.000	451.011	231.003	0.000	0.000	0.581	0.590	0.347	1.053	0.382	subject613b769da5ed2	13I
58632.000	59265.000	667.000	412.928	210.591	0.000	0.000	0.581	0.412	0.820	1.675	0.720	subject613b769da5ed2	13I
59333.000	60064.000	782.000	474.745	169.487	0.000	0.000	0.581	0.559	4.118	7.218	2.690	subject613b769da5ed2	13I
60150.000	60538.000	434.000	632.555	136.850	0.000	0.000	0.581	0.458	1.439	2.772	0.631	subject613b769da5ed2	13I
60621.000	60903.000	320.000	680.646	103.283	0.000	0.000	0.581	0.357	0.325	0.743	0.607	subject613b769da5ed2	13I
60976.000	61065.000	125.000	600.959	123.117	0.000	0.000	0.581	0.351	0.000	0.612	0.345	subject613b769da5ed2	13I
61137.000	61280.000	198.000	577.606	147.496	0.000	0.000	0.581	0.385	0.241	0.425	0.446	subject613b769da5ed2	13I
61372.000	61448.000	128.000	586.068	119.592	0.000	0.000	0.581	0.185	0.058	0.298	0.143	subject613b769da5ed2	13I
61537.000	62104.000	608.000	651.456	118.711	0.000	0.000	0.581	0.356	1.063	1.601	1.044	subject613b769da5ed2	13I
62200.000	62424.000	260.000	627.982	151.763	0.000	0.000	0.581	0.356	0.296	0.505	0.521	subject613b769da5ed2	13I
62494.000	62617.000	173.000	597.900	132.337	0.000	0.000	0.581	0.196	0.090	0.443	0.157	subject613b769da5ed2	13I
62704.000	62988.000	328.000	615.452	160.652	0.000	0.000	0.581	0.322	0.228	0.407	0.611	subject613b769da5ed2	13I
63140.000	63251.000	148.000	678.226	197.607	0.000	0.000	0.581	0.346	0.243	0.531	0.309	subject613b769da5ed2	13I
63325.000	63676.000	385.000	661.597	183.194	0.000	0.000	0.581	0.356	0.457	1.912	0.291	subject613b769da5ed2	13I
63766.000	64282.000	553.000	497.124	198.903	0.000	0.000	0.581	0.345	0.953	3.116	0.762	subject613b769da5ed2	13I
64366.000	64773.000	443.000	464.617	225.850	0.000	0.000	0.581	0.438	0.555	0.926	1.170	subject613b769da5ed2	13I
64849.000	65016.000	202.000	498.496	115.051	0.000	0.000	0.581	0.544	0.658	0.577	1.293	subject613b769da5ed2	13I
65099.000	65602.000	540.000	424.562	232.160	0.000	0.000	0.581	0.463	3.717	2.008	4.349	subject613b769da5ed2	13I
65676.000	65943.000	303.000	510.247	218.274	0.000	0.000	0.581	0.440	0.830	2.368	0.488	subject613b769da5ed2	13I
66016.000	66100.000	133.000	563.242	200.657	0.000	0.000	0.581	0.143	0.017	0.165	0.104	subject613b769da5ed2	13I
66186.000	66308.000	157.000	573.507	189.605	0.000	0.000	0.581	0.087	0.008	0.160	0.046	subject613b769da5ed2	13I
66381.000	66628.000	283.000	554.911	229.369	0.000	0.000	0.581	0.325	0.522	0.503	1.256	subject613b769da5ed2	13I
66717.000	67401.000	725.000	581.349	138.868	0.000	0.000	0.581	0.384	2.132	1.140	4.244	subject613b769da5ed2	13I
67477.000	67549.000	123.000	612.421	85.358	0.000	0.000	0.581	0.128	0.027	0.176	0.145	subject613b769da5ed2	13I
67639.000	67712.000	109.000	610.162	105.425	0.000	0.000	0.581	0.261	0.056	0.472	0.073	subject613b769da5ed2	13I
67799.000	68083.000	320.000	580.013	107.769	0.000	0.000	0.581	0.435	0.258	1.119	0.390	subject613b769da5ed2	13I
68159.000	68231.000	124.000	567.433	120.864	0.000	0.000	0.581	0.241	0.039	0.254	0.262	subject613b769da5ed2	13I
68320.000	69756.000	1473.000	655.151	128.180	0.000	0.000	0.581	0.559	6.816	7.069	2.033	subject613b769da5ed2	13I
69831.000	69999.000	218.000	514.247	255.824	0.000	0.000	0.581	0.415	0.243	0.286	1.183	subject613b769da5ed2	13I
70088.000	70382.000	332.000	568.530	227.049	0.000	0.000	0.581	0.534	1.352	2.305	2.232	subject613b769da5ed2	13I
70455.000	70697.000	277.000	594.399	153.542	0.000	0.000	0.581	0.495	1.238	1.892	1.231	subject613b769da5ed2	13I
70782.000	71366.000	617.000	641.052	197.814	0.000	0.000	0.581	0.571	4.587	4.181	1.740	subject613b769da5ed2	13I
71449.000	72692.000	1278.000	510.978	506.798	0.000	0.000	0.581	1.646	206.233	14.185	24.116	subject613b769da5ed2	13I
72768.000	73754.000	1025.000	266.238	417.063	0.000	0.000	0.581	1.241	28.102	3.202	11.831	subject613b769da5ed2	13I
73829.000	74316.000	525.000	248.574	516.169	0.000	0.000	0.581	0.396	1.336	2.494	1.622	subject613b769da5ed2	13I
74394.000	74556.000	198.000	247.380	546.221	0.000	0.000	0.581	0.257	0.092	0.371	0.198	subject613b769da5ed2	13I
74625.000	75149.000	566.000	307.734	573.992	0.000	0.000	0.581	0.408	1.172	1.923	0.874	subject613b769da5ed2	13I
75230.000	75515.000	325.000	268.577	546.575	0.000	0.000	0.581	0.373	0.209	1.595	0.462	subject613b769da5ed2	13I
75596.000	76393.000	831.000	365.574	533.765	0.000	0.000	0.581	0.379	1.869	2.348	1.801	subject613b769da5ed2	13I
76461.000	76965.000	542.000	415.570	521.223	0.000	0.000	0.581	0.617	1.202	5.678	1.009	subject613b769da5ed2	13I
77054.000	77470.000	453.000	395.085	559.414	0.000	0.000	0.581	0.830	4.793	6.891	1.540	subject613b769da5ed2	13I
77544.000	80482.000	2978.000	334.461	524.014	0.000	0.000	0.581	1.308	98.279	9.137	19.931	subject613b769da5ed2	13I
80556.000	80716.000	235.000	533.096	503.874	0.000	0.000	0.581	0.242	0.097	0.214	0.324	subject613b769da5ed2	13I
80870.000	80937.000	105.000	542.351	495.957	0.000	0.000	0.581	0.128	0.001	0.189	0.171	subject613b769da5ed2	13I
81011.000	81621.000	645.000	404.462	503.525	0.000	0.000	0.581	0.602	5.249	5.441	1.238	subject613b769da5ed2	13I
81699.000	81820.000	158.000	490.768	434.190	0.000	0.000	0.581	0.611	0.461	1.461	0.654	subject613b769da5ed2	13I
81894.000	83318.000	1478.000	371.979	490.936	0.000	0.000	0.581	0.790	16.642	8.847	5.768	subject613b769da5ed2	13I
83405.000	83957.000	589.000	430.040	463.236	0.000	0.000	0.581	1.561	19.877	10.047	13.021	subject613b769da5ed2	13I
84029.000	84357.000	366.000	250.024	395.738	0.000	0.000	0.581	0.978	2.612	1.211	6.387	subject613b769da5ed2	13I
84449.000	86453.000	2039.000	341.589	439.768	0.000	0.000	0.581	1.344	73.017	17.415	11.503	subject613b769da5ed2	13I
86532.000	86637.000	148.000	565.296	406.819	0.000	0.000	0.581	0.445	0.407	0.590	0.420	subject613b769da5ed2	13I
86765.000	87316.000	589.000	417.251	443.253	0.000	0.000	0.581	0.565	3.408	5.794	1.228	subject613b769da5ed2	13I
87393.000	87432.000	73.000	376.237	470.882	0.000	0.000	0.581	0.317	0.000	0.207	0.240	subject613b769da5ed2	13I
87517.000	87777.000	295.000	448.030	472.435	0.000	0.000	0.581	0.395	0.659	1.389	0.532	subject613b769da5ed2	13I
87865.000	87948.000	122.000	446.724	452.637	0.000	0.000	0.581	0.217	0.089	0.161	0.319	subject613b769da5ed2	13I
88024.000	89218.000	1241.000	354.535	432.975	0.000	0.000	0.581	1.653	170.497	12.222	17.936	subject613b769da5ed2	13I
89299.000	91683.000	2420.000	374.843	502.045	0.000	0.000	0.581	1.267	172.919	17.491	14.836	subject613b769da5ed2	13I
91754.000	91792.000	73.000	651.278	440.275	0.000	0.000	0.581	0.518	0.000	0.164	0.491	subject613b769da5ed2	13I
91866.000	91965.000	137.000	669.546	417.201	0.000	0.000	0.581	0.193	0.041	0.091	0.238	subject613b769da5ed2	13I
92039.000	92908.000	906.000	493.943	443.203	0.000	0.000	0.581	1.339	41.265	20.299	8.448	subject613b769da5ed2	13I
92980.000	93648.000	720.000	536.736	523.496	0.000	0.000	0.581	1.236	16.985	17.402	6.931	subject613b769da5ed2	13I
93741.000	93776.000	74.000	700.292	441.559	0.000	0.000	0.581	0.247	0.000	0.189	0.160	subject613b769da5ed2	13I
93851.000	93932.000	120.000	726.194	416.714	0.000	0.000	0.581	0.193	0.006	0.260	0.222	subject613b769da5ed2	13I
94082.000	94332.000	293.000	691.454	393.820	0.000	0.000	0.581	0.305	0.250	0.490	0.911	subject613b769da5ed2	13I
94412.000	94542.000	168.000	655.989	403.402	0.000	0.000	0.581	0.283	0.194	0.590	0.306	subject613b769da5ed2	13I
94616.000	94684.000	103.000	638.730	419.382	0.000	0.000	0.581	0.352	0.192	0.242	0.464	subject613b769da5ed2	13I
94765.000	94903.000	176.000	697.324	403.223	0.000	0.000	0.581	0.481	0.340	0.714	0.406	subject613b769da5ed2	13I
94975.000	96377.000	1437.000	455.115	439.117	0.000	0.000	0.581	1.173	69.015	15.869	6.808	subject613b769da5ed2	13I
96448.000	97652.000	1240.000	400.850	350.080	0.000	0.000	0.581	1.077	93.319	12.774	12.070	subject613b769da5ed2	13I
97728.000	98645.000	974.000	297.536	381.890	0.000	0.000	0.581	0.361	2.675	1.883	1.985	subject613b769da5ed2	13I
98737.000	98846.000	145.000	317.247	386.830	0.000	0.000	0.581	0.231	0.138	0.336	0.437	subject613b769da5ed2	13I
98933.000	100115.000	1232.000	278.950	401.694	0.000	0.000	0.581	0.481	1.528	2.178	1.880	subject613b769da5ed2	13I
100200.000	100938.000	772.000	309.772	301.983	0.000	0.000	0.581	0.802	12.251	2.169	8.598	subject613b769da5ed2	13I
101007.000	101564.000	591.000	356.931	378.928	0.000	0.000	0.581	0.451	1.365	1.075	1.964	subject613b769da5ed2	13I
101630.000	101762.000	167.000	358.890	400.422	0.000	0.000	0.581	0.424	0.422	0.651	0.403	subject613b769da5ed2	13I
101831.000	102001.000	218.000	340.446	408.844	0.000	0.000	0.581	0.147	0.052	0.421	0.261	subject613b769da5ed2	13I
102087.000	102393.000	342.000	292.189	328.832	0.000	0.000	0.581	1.069	4.575	1.679	6.380	subject613b769da5ed2	13I
102464.000	102971.000	546.000	276.715	356.713	0.000	0.000	0.581	0.862	4.841	1.594	8.294	subject613b769da5ed2	13I
103047.000	103413.000	402.000	336.659	476.512	0.000	0.000	0.581	0.406	1.365	1.340	1.259	subject613b769da5ed2	13I
103498.000	104010.000	547.000	324.179	424.696	0.000	0.000	0.581	0.340	1.199	1.285	2.355	subject613b769da5ed2	13I
104099.000	104553.000	488.000	379.378	381.324	0.000	0.000	0.581	0.510	1.651	3.423	1.290	subject613b769da5ed2	13I
104632.000	105038.000	444.000	261.161	429.543	0.000	0.000	0.581	0.781	2.946	5.285	1.238	subject613b769da5ed2	13I
105112.000	105199.000	126.000	453.040	390.815	0.000	0.000	0.581	0.220	0.039	0.423	0.046	subject613b769da5ed2	13I
105280.000	105666.000	424.000	400.619	404.791	0.000	0.000	0.581	0.465	1.603	3.216	1.078	subject613b769da5ed2	13I
105744.000	105815.000	105.000	316.974	455.488	0.000	0.000	0.581	0.607	0.427	0.403	0.643	subject613b769da5ed2	13I
105886.000	106603.000	752.000	257.297	321.929	0.000	0.000	0.581	0.802	13.984	2.359	8.038	subject613b769da5ed2	13I
106673.000	106785.000	160.000	354.721	471.606	0.000	0.000	0.581	0.422	0.200	0.571	0.550	subject613b769da5ed2	13I
106871.000	107604.000	769.000	251.941	278.830	0.000	0.000	0.581	0.997	32.925	4.657	9.252	subject613b769da5ed2	13I
107677.000	107906.000	289.000	314.270	417.874	0.000	0.000	0.581	0.581	1.006	1.135	1.083	subject613b769da5ed2	13I
108005.000	108515.000	549.000	309.590	426.115	0.000	0.000	0.581	0.280	0.645	1.922	0.769	subject613b769da5ed2	13I
108587.000	108708.000	157.000	307.899	438.454	0.000	0.000	0.581	0.285	0.104	0.774	0.184	subject613b769da5ed2	13I
108779.000	109503.000	771.000	324.071	364.912	0.000	0.000	0.581	0.680	3.433	2.564	4.081	subject613b769da5ed2	13I
109589.000	109746.000	192.000	271.897	443.040	0.000	0.000	0.581	0.442	0.354	0.146	1.705	subject613b769da5ed2	13I
109813.000	111520.000	1750.000	281.903	409.828	0.000	0.000	0.581	1.196	69.269	10.546	18.870	subject613b769da5ed2	13I
111616.000	111799.000	233.000	452.658	162.967	0.000	0.000	0.581	0.508	1.067	1.180	1.695	subject613b769da5ed2	13I
111899.000	112521.000	661.000	376.303	217.762	0.000	0.000	0.581	0.303	0.872	1.930	0.871	subject613b769da5ed2	13I
112615.000	113038.000	457.000	312.723	237.951	0.000	0.000	0.581	0.759	3.437	1.849	2.732	subject613b769da5ed2	13I
113116.000	113691.000	610.000	374.768	276.439	0.000	0.000	0.581	0.394	2.176	1.870	2.305	subject613b769da5ed2	13I
113765.000	114758.000	1031.000	369.480	185.953	0.000	0.000	0.581	0.519	10.999	2.298	7.941	subject613b769da5ed2	13I
114832.000	114903.000	106.000	424.484	526.429	0.000	0.000	0.581	0.877	0.973	0.820	1.062	subject613b769da5ed2	13I
114983.000	117665.000	2732.000	411.107	442.446	0.000	0.000	0.581	1.025	120.143	17.316	14.291	subject613b769da5ed2	13I
117766.000	118337.000	615.000	323.401	390.217	0.000	0.000	0.581	0.507	3.660	3.196	3.570	subject613b769da5ed2	13I
118421.000	118902.000	523.000	232.625	493.937	0.000	0.000	0.581	0.324	0.603	1.075	1.078	subject613b769da5ed2	13I
118979.000	119264.000	338.000	184.095	477.167	0.000	0.000	0.581	0.304	0.313	1.183	0.687	subject613b769da5ed2	13I
119365.000	121219.000	1900.000	270.327	480.177	0.000	0.000	0.581	1.222	64.319	17.774	7.783	subject613b769da5ed2	13I
121305.000	122371.000	1111.000	363.305	663.535	0.000	0.000	0.581	1.334	28.174	14.830	8.365	subject613b769da5ed2	13I
122456.000	123297.000	875.000	423.253	546.343	0.000	0.000	0.581	1.497	25.606	22.750	10.459	subject613b769da5ed2	13I
123381.000	123459.000	116.000	800.130	461.763	0.000	0.000	0.581	0.412	0.009	0.258	0.758	subject613b769da5ed2	13I
123549.000	126392.000	2880.000	432.309	295.666	0.000	0.000	0.581	1.434	112.939	18.541	13.665	subject613b769da5ed2	13I
126465.000	129096.000	2667.000	220.597	495.403	0.000	0.000	0.581	1.432	164.335	19.254	15.553	subject613b769da5ed2	13I
129172.000	129216.000	80.000	177.331	684.632	0.000	0.000	0.581	0.521	0.000	0.494	0.165	subject613b769da5ed2	13I
129289.000	130118.000	874.000	289.064	545.627	0.000	0.000	0.581	1.347	37.726	17.599	5.619	subject613b769da5ed2	13I
130199.000	130925.000	761.000	353.029	354.683	0.000	0.000	0.581	1.242	30.158	14.323	3.047	subject613b769da5ed2	13I
131082.000	131333.000	292.000	392.224	394.188	0.000	0.000	0.581	0.300	0.425	0.657	0.783	subject613b769da5ed2	13I
131411.000	132332.000	958.000	193.747	431.776	0.000	0.000	0.581	0.842	43.634	8.261	10.150	subject613b769da5ed2	13I
132405.000	133714.000	1361.000	213.932	413.234	0.000	0.000	0.581	1.960	424.947	21.343	25.040	subject613b769da5ed2	13I
133809.000	135115.000	1348.000	540.863	513.242	0.000	0.000	0.581	1.389	27.983	19.581	8.057	subject613b769da5ed2	13I
135198.000	135198.000	53.000	657.623	470.409	0.000	0.000	0.581	NaN	NaN	0.000	0.000	subject613b769da5ed2	13I
135366.000	135486.000	185.000	676.948	460.584	0.000	0.000	0.581	0.182	0.027	0.177	0.211	subject613b769da5ed2	13I
135606.000	135932.000	392.000	707.272	458.731	0.000	0.000	0.581	0.322	0.112	0.889	0.345	subject613b769da5ed2	13I
136040.000	136291.000	289.000	710.042	427.173	0.000	0.000	0.581	0.254	0.195	0.400	0.504	subject613b769da5ed2	13I
136364.000	136812.000	485.000	610.045	423.444	0.000	0.000	0.581	0.540	2.852	3.531	1.580	subject613b769da5ed2	13I
136900.000	137313.000	465.000	681.902	455.967	0.000	0.000	0.581	0.577	1.103	2.402	0.538	subject613b769da5ed2	13I
137406.000	138099.000	751.000	659.444	446.736	0.000	0.000	0.581	0.694	0.920	3.849	1.389	subject613b769da5ed2	13I
1.000	1657.000	1690.000	307.883	77.621	0.000	0.000	0.504	1.961	231.898	26.216	18.379	subject613b769da5ed2	14S
1739.000	1941.000	251.000	409.582	-41.793	0.000	0.000	0.504	0.230	0.132	0.360	0.604	subject613b769da5ed2	14S
2028.000	2157.000	166.000	474.170	-7.415	0.000	0.000	0.504	0.754	0.920	1.948	0.939	subject613b769da5ed2	14S
2228.000	3223.000	1030.000	411.873	33.550	0.000	0.000	0.504	1.309	30.050	18.868	1.663	subject613b769da5ed2	14S
3293.000	5446.000	2197.000	489.209	72.553	0.000	0.000	0.504	1.398	124.463	29.308	10.086	subject613b769da5ed2	14S
5529.000	6607.000	1128.000	35.005	594.852	0.000	0.000	0.504	1.081	109.353	8.919	18.744	subject613b769da5ed2	14S
6698.000	10579.000	3916.000	314.980	104.845	0.000	0.000	0.504	1.206	235.402	24.154	20.120	subject613b769da5ed2	14S
10675.000	14606.000	3972.000	382.953	161.359	0.000	0.000	0.504	1.197	401.354	34.527	17.896	subject613b769da5ed2	14S
14684.000	15527.000	876.000	790.278	504.849	0.000	0.000	0.504	1.514	70.576	21.831	12.009	subject613b769da5ed2	14S
15595.000	16395.000	836.000	236.747	380.418	0.000	0.000	0.504	1.208	27.461	15.096	9.234	subject613b769da5ed2	14S
16469.000	18051.000	1620.000	726.581	464.444	0.000	0.000	0.504	1.228	130.993	31.934	9.456	subject613b769da5ed2	14S
38.000	818.000	833.000	735.185	365.307	0.000	0.000	0.570	2.146	40.337	29.976	14.393	subject613b769da5ed2	15I
908.000	1985.000	1113.000	318.227	221.115	0.000	0.000	0.570	0.990	26.618	2.822	17.509	subject613b769da5ed2	15I
2071.000	2151.000	116.000	329.098	645.836	0.000	0.000	0.570	0.215	0.013	0.262	0.276	subject613b769da5ed2	15I
2238.000	2681.000	488.000	416.167	708.589	0.000	0.000	0.570	0.538	1.624	3.908	2.457	subject613b769da5ed2	15I
2766.000	2988.000	261.000	503.558	771.281	0.000	0.000	0.570	0.315	0.214	0.608	0.470	subject613b769da5ed2	15I
3071.000	3243.000	208.000	540.450	717.364	0.000	0.000	0.570	0.312	0.120	0.181	0.545	subject613b769da5ed2	15I
3316.000	4236.000	972.000	273.232	279.826	0.000	0.000	0.570	1.361	60.750	10.680	21.756	subject613b769da5ed2	15I
4326.000	5336.000	1061.000	308.221	65.534	0.000	0.000	0.570	0.916	43.850	8.348	8.995	subject613b769da5ed2	15I
5426.000	5729.000	345.000	342.063	161.308	0.000	0.000	0.570	0.924	2.795	4.770	4.313	subject613b769da5ed2	15I
5807.000	7501.000	1736.000	224.685	261.655	0.000	0.000	0.570	0.601	34.102	9.371	6.793	subject613b769da5ed2	15I
7614.000	9597.000	2021.000	443.962	559.929	0.000	0.000	0.570	0.857	71.843	13.793	8.950	subject613b769da5ed2	15I
9669.000	9761.000	135.000	387.694	581.914	0.000	0.000	0.570	0.239	0.030	0.155	0.273	subject613b769da5ed2	15I
9840.000	10337.000	534.000	314.886	578.231	0.000	0.000	0.570	0.404	1.841	3.728	1.606	subject613b769da5ed2	15I
10416.000	11255.000	878.000	369.110	587.940	0.000	0.000	0.570	0.435	4.312	4.696	1.748	subject613b769da5ed2	15I
11331.000	11788.000	499.000	431.964	597.672	0.000	0.000	0.570	0.607	1.935	5.378	0.835	subject613b769da5ed2	15I
11864.000	12606.000	794.000	514.971	624.196	0.000	0.000	0.570	0.502	6.647	7.556	1.117	subject613b769da5ed2	15I
12694.000	12988.000	345.000	398.325	629.257	0.000	0.000	0.570	0.296	0.325	1.203	0.493	subject613b769da5ed2	15I
13093.000	14380.000	1345.000	445.175	689.190	0.000	0.000	0.570	0.679	27.761	13.125	2.543	subject613b769da5ed2	15I
14475.000	14519.000	96.000	671.100	634.147	0.000	0.000	0.570	0.284	0.000	0.125	0.255	subject613b769da5ed2	15I
14608.000	14776.000	206.000	629.852	638.882	0.000	0.000	0.570	0.310	0.188	1.127	0.242	subject613b769da5ed2	15I
14850.000	15751.000	954.000	647.916	618.065	0.000	0.000	0.570	0.540	7.458	6.871	1.659	subject613b769da5ed2	15I
15845.000	15883.000	75.000	499.597	663.337	0.000	0.000	0.570	0.303	0.000	0.196	0.231	subject613b769da5ed2	15I
15971.000	16084.000	166.000	499.655	650.968	0.000	0.000	0.570	0.141	0.023	0.177	0.241	subject613b769da5ed2	15I
16176.000	16356.000	216.000	522.228	638.772	0.000	0.000	0.570	0.221	0.181	0.755	0.291	subject613b769da5ed2	15I
16429.000	16954.000	563.000	608.635	691.167	0.000	0.000	0.570	0.335	1.628	2.924	1.523	subject613b769da5ed2	15I
17027.000	17109.000	119.000	655.458	716.051	0.000	0.000	0.570	0.143	0.014	0.198	0.033	subject613b769da5ed2	15I
17183.000	18454.000	1306.000	654.786	683.178	0.000	0.000	0.570	0.529	10.111	8.294	2.294	subject613b769da5ed2	15I
18537.000	19383.000	881.000	543.642	683.066	0.000	0.000	0.570	0.414	9.657	4.843	4.081	subject613b769da5ed2	15I
19453.000	19884.000	467.000	561.363	664.545	0.000	0.000	0.570	0.277	0.519	1.650	1.193	subject613b769da5ed2	15I
19971.000	20010.000	75.000	550.026	652.817	0.000	0.000	0.570	0.248	0.000	0.245	0.039	subject613b769da5ed2	15I
20087.000	20404.000	355.000	515.015	652.809	0.000	0.000	0.570	0.243	0.197	1.170	0.467	subject613b769da5ed2	15I
20483.000	20982.000	554.000	552.927	655.280	0.000	0.000	0.570	0.198	0.405	1.410	0.354	subject613b769da5ed2	15I
21073.000	22503.000	1467.000	547.597	647.356	0.000	0.000	0.570	0.603	7.995	8.871	2.238	subject613b769da5ed2	15I
22574.000	22814.000	276.000	584.113	684.786	0.000	0.000	0.570	0.355	0.538	0.671	0.999	subject613b769da5ed2	15I
22886.000	23020.000	184.000	586.328	666.611	0.000	0.000	0.570	0.230	0.063	0.383	0.513	subject613b769da5ed2	15I
23108.000	23402.000	330.000	483.911	605.402	0.000	0.000	0.570	0.586	0.912	3.480	1.489	subject613b769da5ed2	15I
23486.000	23821.000	377.000	423.053	621.353	0.000	0.000	0.570	0.501	0.854	2.473	0.494	subject613b769da5ed2	15I
23901.000	23936.000	69.000	512.357	629.582	0.000	0.000	0.570	0.425	0.000	0.375	0.199	subject613b769da5ed2	15I
24021.000	24300.000	318.000	558.322	638.950	0.000	0.000	0.570	0.260	0.292	0.952	0.662	subject613b769da5ed2	15I
24387.000	25004.000	667.000	586.839	661.111	0.000	0.000	0.570	0.312	0.966	1.792	1.914	subject613b769da5ed2	15I
25095.000	25337.000	276.000	663.977	655.793	0.000	0.000	0.570	0.270	0.297	0.675	0.585	subject613b769da5ed2	15I
25408.000	25497.000	127.000	677.978	658.201	0.000	0.000	0.570	0.212	0.035	0.249	0.092	subject613b769da5ed2	15I
25587.000	26077.000	532.000	604.075	605.707	0.000	0.000	0.570	0.505	3.973	3.881	2.043	subject613b769da5ed2	15I
26171.000	26605.000	471.000	400.263	551.275	0.000	0.000	0.570	0.516	0.909	4.488	1.804	subject613b769da5ed2	15I
26675.000	27199.000	578.000	333.192	472.242	0.000	0.000	0.570	0.432	1.632	4.171	0.858	subject613b769da5ed2	15I
27295.000	27554.000	295.000	476.451	426.341	0.000	0.000	0.570	0.430	0.528	1.542	1.008	subject613b769da5ed2	15I
27630.000	27922.000	332.000	481.154	418.086	0.000	0.000	0.570	0.295	0.349	0.459	1.051	subject613b769da5ed2	15I
28000.000	28385.000	436.000	442.781	482.781	0.000	0.000	0.570	0.322	0.648	1.061	1.207	subject613b769da5ed2	15I
28476.000	28918.000	495.000	426.077	508.880	0.000	0.000	0.570	0.462	1.806	2.764	1.716	subject613b769da5ed2	15I
29010.000	29083.000	127.000	535.562	573.054	0.000	0.000	0.570	0.462	0.070	0.633	0.102	subject613b769da5ed2	15I
29176.000	29633.000	494.000	600.969	595.272	0.000	0.000	0.570	0.526	2.810	4.098	1.363	subject613b769da5ed2	15I
29720.000	30038.000	354.000	625.162	628.245	0.000	0.000	0.570	0.812	1.306	4.760	0.290	subject613b769da5ed2	15I
30111.000	30360.000	287.000	420.843	643.048	0.000	0.000	0.570	0.319	0.169	0.896	0.416	subject613b769da5ed2	15I
30455.000	31387.000	968.000	336.574	492.880	0.000	0.000	0.570	0.567	16.418	4.352	8.536	subject613b769da5ed2	15I
31458.000	33188.000	1780.000	322.195	197.586	0.000	0.000	0.570	0.571	25.044	5.510	7.609	subject613b769da5ed2	15I
33281.000	34754.000	1511.000	358.567	407.911	0.000	0.000	0.570	0.660	49.338	5.197	14.713	subject613b769da5ed2	15I
34831.000	34987.000	196.000	395.988	567.015	0.000	0.000	0.570	0.169	0.045	0.251	0.294	subject613b769da5ed2	15I
35067.000	36653.000	1634.000	455.645	594.909	0.000	0.000	0.570	0.620	17.584	6.980	3.588	subject613b769da5ed2	15I
36754.000	36844.000	129.000	496.707	545.313	0.000	0.000	0.570	0.307	0.180	0.323	0.349	subject613b769da5ed2	15I
36938.000	37010.000	111.000	462.098	542.882	0.000	0.000	0.570	0.287	0.031	0.528	0.217	subject613b769da5ed2	15I
37084.000	37275.000	227.000	404.823	512.543	0.000	0.000	0.570	0.528	0.978	2.189	1.096	subject613b769da5ed2	15I
37350.000	37471.000	157.000	345.774	430.307	0.000	0.000	0.570	0.303	0.140	0.238	0.713	subject613b769da5ed2	15I
37544.000	37797.000	289.000	307.977	412.241	0.000	0.000	0.570	0.419	0.360	2.088	0.662	subject613b769da5ed2	15I
37873.000	38637.000	798.000	326.906	389.354	0.000	0.000	0.570	0.584	11.281	5.483	4.565	subject613b769da5ed2	15I
38710.000	40418.000	1761.000	282.277	82.733	0.000	0.000	0.570	0.552	38.274	5.648	10.219	subject613b769da5ed2	15I
40507.000	42420.000	1964.000	288.868	204.031	0.000	0.000	0.570	0.782	51.162	10.272	8.883	subject613b769da5ed2	15I
42509.000	42755.000	294.000	342.530	214.062	0.000	0.000	0.570	0.387	0.987	1.608	0.952	subject613b769da5ed2	15I
42841.000	43203.000	402.000	442.911	224.571	0.000	0.000	0.570	0.326	0.680	1.527	0.766	subject613b769da5ed2	15I
43277.000	43350.000	110.000	460.049	228.055	0.000	0.000	0.570	0.151	0.026	0.186	0.110	subject613b769da5ed2	15I
43438.000	44953.000	1567.000	382.901	430.495	0.000	0.000	0.570	0.609	16.685	3.486	8.685	subject613b769da5ed2	15I
45045.000	46977.000	1991.000	353.630	436.158	0.000	0.000	0.570	0.409	7.211	8.836	1.710	subject613b769da5ed2	15I
47075.000	49929.000	2894.000	431.900	517.124	0.000	0.000	0.570	0.709	27.014	13.663	3.319	subject613b769da5ed2	15I
50022.000	50535.000	565.000	378.542	534.023	0.000	0.000	0.570	0.336	0.833	1.259	1.016	subject613b769da5ed2	15I
50626.000	50734.000	144.000	400.821	547.421	0.000	0.000	0.570	0.210	0.049	0.198	0.529	subject613b769da5ed2	15I
50821.000	52420.000	1638.000	595.044	567.999	0.000	0.000	0.570	0.629	7.931	10.921	1.292	subject613b769da5ed2	15I
52503.000	54060.000	1600.000	426.863	545.686	0.000	0.000	0.570	0.505	16.520	6.582	3.671	subject613b769da5ed2	15I
54138.000	54666.000	562.000	429.308	539.939	0.000	0.000	0.570	0.573	2.397	5.876	0.979	subject613b769da5ed2	15I
54738.000	55383.000	682.000	540.490	512.109	0.000	0.000	0.570	0.578	5.101	6.444	2.229	subject613b769da5ed2	15I
55471.000	56070.000	642.000	442.846	526.519	0.000	0.000	0.570	0.250	0.465	0.758	1.518	subject613b769da5ed2	15I
56153.000	56366.000	268.000	412.612	544.679	0.000	0.000	0.570	0.242	0.226	0.818	0.510	subject613b769da5ed2	15I
56458.000	57137.000	719.000	430.035	529.172	0.000	0.000	0.570	0.615	2.501	6.640	0.490	subject613b769da5ed2	15I
57215.000	57522.000	356.000	416.306	505.137	0.000	0.000	0.570	0.537	1.267	3.119	0.630	subject613b769da5ed2	15I
57621.000	58299.000	716.000	524.654	576.647	0.000	0.000	0.570	0.546	5.825	6.636	1.495	subject613b769da5ed2	15I
58388.000	58604.000	256.000	704.884	558.472	0.000	0.000	0.570	0.284	0.334	0.713	0.663	subject613b769da5ed2	15I
58680.000	58771.000	132.000	631.357	574.760	0.000	0.000	0.570	0.801	0.051	1.485	0.522	subject613b769da5ed2	15I
58852.000	59903.000	1085.000	501.081	580.962	0.000	0.000	0.570	0.404	3.596	2.591	2.276	subject613b769da5ed2	15I
59973.000	61185.000	1263.000	481.643	554.544	0.000	0.000	0.570	0.516	15.969	6.009	5.397	subject613b769da5ed2	15I
61276.000	61692.000	456.000	347.928	439.925	0.000	0.000	0.570	0.335	0.753	0.836	1.832	subject613b769da5ed2	15I
61770.000	61770.000	50.000	300.875	417.672	0.000	0.000	0.570	NaN	NaN	0.000	0.000	subject613b769da5ed2	15I
61865.000	62592.000	764.000	393.866	483.021	0.000	0.000	0.570	0.593	5.616	7.521	2.319	subject613b769da5ed2	15I
62667.000	62667.000	53.000	409.379	471.935	0.000	0.000	0.570	NaN	NaN	0.000	0.000	subject613b769da5ed2	15I
62771.000	63426.000	732.000	434.272	493.785	0.000	0.000	0.570	0.535	4.220	6.380	0.882	subject613b769da5ed2	15I
63554.000	63737.000	221.000	626.855	536.933	0.000	0.000	0.570	0.192	0.098	0.601	0.209	subject613b769da5ed2	15I
63815.000	69633.000	5853.000	599.414	541.182	0.000	0.000	0.570	1.262	79.775	29.008	5.926	subject613b769da5ed2	15I
69720.000	69797.000	112.000	442.322	527.948	0.000	0.000	0.570	0.397	0.218	0.730	0.204	subject613b769da5ed2	15I
69871.000	71184.000	1365.000	447.189	521.334	0.000	0.000	0.570	0.582	3.391	6.668	1.040	subject613b769da5ed2	15I
71273.000	71382.000	148.000	434.559	470.832	0.000	0.000	0.570	0.414	0.162	1.193	0.221	subject613b769da5ed2	15I
71471.000	72637.000	1216.000	607.333	566.245	0.000	0.000	0.570	0.432	8.653	6.622	2.846	subject613b769da5ed2	15I
72725.000	73510.000	823.000	559.533	544.042	0.000	0.000	0.570	0.455	3.541	3.557	1.460	subject613b769da5ed2	15I
73582.000	73877.000	336.000	588.405	562.642	0.000	0.000	0.570	0.202	0.405	0.672	0.768	subject613b769da5ed2	15I
73953.000	74286.000	368.000	551.227	551.480	0.000	0.000	0.570	0.247	0.211	0.649	0.455	subject613b769da5ed2	15I
74358.000	74434.000	115.000	604.628	550.601	0.000	0.000	0.570	0.338	0.063	0.617	0.215	subject613b769da5ed2	15I
74511.000	74708.000	232.000	650.419	551.749	0.000	0.000	0.570	0.224	0.067	0.747	0.148	subject613b769da5ed2	15I
74781.000	74926.000	183.000	635.200	549.337	0.000	0.000	0.570	0.165	0.045	0.302	0.132	subject613b769da5ed2	15I
75000.000	75180.000	218.000	692.865	545.539	0.000	0.000	0.570	0.269	0.256	0.829	0.520	subject613b769da5ed2	15I
75270.000	75728.000	496.000	640.474	551.315	0.000	0.000	0.570	0.560	2.272	5.087	1.472	subject613b769da5ed2	15I
75806.000	75905.000	136.000	485.391	596.077	0.000	0.000	0.570	0.142	0.005	0.205	0.149	subject613b769da5ed2	15I
75986.000	76233.000	300.000	485.423	588.135	0.000	0.000	0.570	0.297	0.299	0.783	0.478	subject613b769da5ed2	15I
76325.000	76596.000	306.000	508.081	573.522	0.000	0.000	0.570	0.331	0.337	1.681	0.523	subject613b769da5ed2	15I
76667.000	77564.000	934.000	428.298	560.130	0.000	0.000	0.570	0.619	6.269	8.507	1.606	subject613b769da5ed2	15I
77636.000	77844.000	245.000	598.796	591.947	0.000	0.000	0.570	0.248	0.223	0.571	0.554	subject613b769da5ed2	15I
77917.000	78053.000	174.000	586.608	605.004	0.000	0.000	0.570	0.243	0.077	0.225	0.303	subject613b769da5ed2	15I
78131.000	78485.000	390.000	500.947	592.976	0.000	0.000	0.570	0.638	2.385	4.591	0.570	subject613b769da5ed2	15I
78559.000	79162.000	642.000	561.258	602.902	0.000	0.000	0.570	0.464	2.516	5.276	1.083	subject613b769da5ed2	15I
79235.000	79379.000	180.000	620.217	592.380	0.000	0.000	0.570	0.324	0.480	0.518	0.778	subject613b769da5ed2	15I
79451.000	80626.000	1212.000	439.564	550.565	0.000	0.000	0.570	0.509	6.871	5.621	2.442	subject613b769da5ed2	15I
80703.000	81020.000	376.000	546.203	559.402	0.000	0.000	0.570	0.425	0.770	0.886	1.370	subject613b769da5ed2	15I
81115.000	81295.000	215.000	509.260	575.122	0.000	0.000	0.570	0.214	0.179	0.506	0.310	subject613b769da5ed2	15I
81367.000	82018.000	703.000	495.716	568.441	0.000	0.000	0.570	0.368	1.509	3.547	0.648	subject613b769da5ed2	15I
82117.000	82843.000	771.000	607.251	572.823	0.000	0.000	0.570	0.483	2.077	5.647	0.878	subject613b769da5ed2	15I
82927.000	83036.000	160.000	418.912	565.988	0.000	0.000	0.570	0.197	0.069	0.314	0.257	subject613b769da5ed2	15I
83128.000	83269.000	187.000	365.809	562.520	0.000	0.000	0.570	0.282	0.136	0.421	0.226	subject613b769da5ed2	15I
83353.000	84135.000	834.000	471.819	586.974	0.000	0.000	0.570	0.554	11.796	5.942	3.155	subject613b769da5ed2	15I
84226.000	84728.000	543.000	600.017	647.359	0.000	0.000	0.570	0.463	1.882	2.070	3.856	subject613b769da5ed2	15I
84807.000	85925.000	1155.000	623.268	564.766	0.000	0.000	0.570	0.397	5.917	6.332	1.132	subject613b769da5ed2	15I
86000.000	86087.000	129.000	511.550	542.191	0.000	0.000	0.570	0.112	0.001	0.133	0.060	subject613b769da5ed2	15I
86187.000	86559.000	406.000	496.673	562.200	0.000	0.000	0.570	0.170	0.150	0.308	0.580	subject613b769da5ed2	15I
86636.000	86770.000	171.000	476.930	573.063	0.000	0.000	0.570	0.096	0.003	0.163	0.032	subject613b769da5ed2	15I
86848.000	87103.000	297.000	532.808	564.061	0.000	0.000	0.570	0.419	0.450	2.039	0.452	subject613b769da5ed2	15I
87184.000	88100.000	969.000	654.458	560.019	0.000	0.000	0.570	0.516	2.710	5.990	0.976	subject613b769da5ed2	15I
88190.000	88263.000	130.000	472.316	541.485	0.000	0.000	0.570	0.238	0.030	0.473	0.033	subject613b769da5ed2	15I
88360.000	90417.000	2093.000	480.534	539.817	0.000	0.000	0.570	0.490	29.488	10.533	4.546	subject613b769da5ed2	15I
90503.000	91196.000	733.000	705.404	536.116	0.000	0.000	0.570	0.398	4.532	2.065	3.414	subject613b769da5ed2	15I
91286.000	91369.000	133.000	734.035	540.623	0.000	0.000	0.570	0.466	0.275	0.344	0.810	subject613b769da5ed2	15I
91460.000	91760.000	341.000	708.845	530.092	0.000	0.000	0.570	0.283	0.254	0.610	0.592	subject613b769da5ed2	15I
91853.000	94914.000	3117.000	923.618	562.437	0.000	0.000	0.570	0.957	24.661	23.215	2.137	subject613b769da5ed2	15I
95015.000	95887.000	911.000	780.369	578.785	0.000	0.000	0.570	0.499	2.829	5.437	1.192	subject613b769da5ed2	15I
95963.000	96800.000	872.000	712.356	581.422	0.000	0.000	0.570	0.866	10.098	14.079	1.920	subject613b769da5ed2	15I
96869.000	97064.000	234.000	1163.710	538.681	0.000	0.000	0.570	0.337	0.234	1.039	0.463	subject613b769da5ed2	15I
97164.000	97263.000	135.000	1157.704	550.655	0.000	0.000	0.570	0.242	0.060	0.229	0.326	subject613b769da5ed2	15I
97334.000	98156.000	869.000	862.836	562.259	0.000	0.000	0.570	1.364	20.415	22.120	2.357	subject613b769da5ed2	15I
98243.000	99686.000	1481.000	598.023	543.981	0.000	0.000	0.570	0.665	19.163	11.275	4.257	subject613b769da5ed2	15I
99759.000	100387.000	667.000	534.827	588.042	0.000	0.000	0.570	0.689	5.288	6.384	5.388	subject613b769da5ed2	15I
100466.000	100466.000	54.000	540.998	662.022	0.000	0.000	0.570	NaN	NaN	0.000	0.000	subject613b769da5ed2	15I
100559.000	101514.000	1003.000	518.405	594.336	0.000	0.000	0.570	0.405	3.109	2.582	2.659	subject613b769da5ed2	15I
101620.000	103643.000	2067.000	510.391	510.254	0.000	0.000	0.570	0.787	48.449	13.083	7.913	subject613b769da5ed2	15I
103723.000	104057.000	369.000	596.994	551.839	0.000	0.000	0.570	0.600	1.590	3.343	1.120	subject613b769da5ed2	15I
104127.000	105753.000	1679.000	1031.330	542.891	0.000	0.000	0.570	0.885	55.145	17.942	6.078	subject613b769da5ed2	15I
1.000	1061.000	1098.000	233.231	129.257	0.000	0.000	0.545	1.560	94.206	8.118	16.524	subject613b769da5ed2	15S
1151.000	2089.000	974.000	239.423	112.042	0.000	0.000	0.545	0.931	41.489	8.834	7.978	subject613b769da5ed2	15S
2162.000	2284.000	173.000	401.281	179.899	0.000	0.000	0.545	0.380	0.294	0.484	0.420	subject613b769da5ed2	15S
2374.000	2749.000	427.000	473.805	143.444	0.000	0.000	0.545	0.340	1.117	1.829	1.086	subject613b769da5ed2	15S
2852.000	4351.000	1541.000	312.042	225.623	0.000	0.000	0.545	0.738	47.669	7.834	9.418	subject613b769da5ed2	15S
4453.000	5116.000	699.000	362.903	256.080	0.000	0.000	0.545	1.182	15.522	1.767	14.621	subject613b769da5ed2	15S
5202.000	6149.000	1000.000	418.700	75.435	0.000	0.000	0.545	0.592	11.094	8.188	2.940	subject613b769da5ed2	15S
6243.000	6243.000	40.000	617.430	110.184	0.000	0.000	0.545	NaN	NaN	0.000	0.000	subject613b769da5ed2	15S
6334.000	7685.000	1401.000	308.442	135.080	0.000	0.000	0.545	1.060	18.593	18.775	1.402	subject613b769da5ed2	15S
7771.000	7847.000	113.000	333.093	140.779	0.000	0.000	0.545	0.428	0.209	0.379	0.369	subject613b769da5ed2	15S
7940.000	8235.000	334.000	251.059	151.369	0.000	0.000	0.545	0.351	0.887	1.576	0.701	subject613b769da5ed2	15S
8314.000	9165.000	904.000	483.165	197.060	0.000	0.000	0.545	0.737	8.745	12.419	4.558	subject613b769da5ed2	15S
9259.000	9863.000	642.000	317.798	230.178	0.000	0.000	0.545	1.223	12.396	14.272	3.419	subject613b769da5ed2	15S
9951.000	10557.000	647.000	440.894	182.593	0.000	0.000	0.545	0.824	9.284	9.483	2.319	subject613b769da5ed2	15S
10635.000	11478.000	878.000	400.515	226.098	0.000	0.000	0.545	0.999	9.567	14.732	1.951	subject613b769da5ed2	15S
11568.000	11678.000	147.000	229.760	223.846	0.000	0.000	0.545	0.611	0.298	0.944	0.234	subject613b769da5ed2	15S
11768.000	12397.000	683.000	169.611	233.593	0.000	0.000	0.545	0.350	0.650	2.456	0.389	subject613b769da5ed2	15S
12502.000	13835.000	1371.000	277.707	237.401	0.000	0.000	0.545	0.820	13.623	12.516	3.076	subject613b769da5ed2	15S
13909.000	15040.000	1167.000	322.234	199.885	0.000	0.000	0.545	0.644	14.092	13.855	1.811	subject613b769da5ed2	15S
15113.000	17367.000	2305.000	597.220	262.400	0.000	0.000	0.545	1.682	264.288	28.589	17.281	subject613b769da5ed2	15S
17459.000	19100.000	1694.000	492.171	158.656	0.000	0.000	0.545	1.372	304.703	15.668	23.416	subject613b769da5ed2	15S
19198.000	20567.000	1422.000	661.600	244.581	0.000	0.000	0.545	1.697	48.527	24.612	6.998	subject613b769da5ed2	15S
1.000	1986.000	2025.000	331.547	44.898	0.000	0.000	0.551	1.218	103.360	25.003	7.179	subject613b769da5ed2	1I
2063.000	2164.000	142.000	170.619	-19.543	0.000	0.000	0.551	0.215	0.014	0.097	0.229	subject613b769da5ed2	1I
2246.000	2396.000	202.000	204.394	-7.424	0.000	0.000	0.551	0.252	0.120	0.143	0.664	subject613b769da5ed2	1I
2486.000	3347.000	912.000	259.537	198.568	0.000	0.000	0.551	0.902	21.997	4.997	9.090	subject613b769da5ed2	1I
3444.000	3731.000	337.000	109.189	66.589	0.000	0.000	0.551	0.500	1.143	1.366	1.026	subject613b769da5ed2	1I
3818.000	4081.000	303.000	171.021	38.352	0.000	0.000	0.551	0.348	0.501	1.726	0.466	subject613b769da5ed2	1I
4162.000	4364.000	244.000	241.740	55.251	0.000	0.000	0.551	0.264	0.172	0.865	0.388	subject613b769da5ed2	1I
4447.000	4641.000	232.000	214.197	39.860	0.000	0.000	0.551	0.430	0.505	1.063	0.468	subject613b769da5ed2	1I
4753.000	5079.000	368.000	174.094	42.506	0.000	0.000	0.551	0.208	0.110	0.367	0.415	subject613b769da5ed2	1I
5160.000	5985.000	862.000	264.002	109.861	0.000	0.000	0.551	0.678	12.050	6.794	2.349	subject613b769da5ed2	1I
6066.000	6247.000	221.000	172.065	45.242	0.000	0.000	0.551	0.329	0.344	0.352	1.058	subject613b769da5ed2	1I
6330.000	7802.000	1518.000	228.422	270.696	0.000	0.000	0.551	0.987	42.420	5.675	13.662	subject613b769da5ed2	1I
7885.000	7999.000	162.000	393.086	201.785	0.000	0.000	0.551	0.354	0.175	0.634	0.604	subject613b769da5ed2	1I
8092.000	8248.000	197.000	364.307	185.140	0.000	0.000	0.551	0.321	0.255	0.625	0.273	subject613b769da5ed2	1I
8347.000	8737.000	428.000	232.822	245.305	0.000	0.000	0.551	0.515	1.120	3.210	1.532	subject613b769da5ed2	1I
8813.000	10581.000	1818.000	307.315	286.054	0.000	0.000	0.551	0.608	20.659	9.146	3.175	subject613b769da5ed2	1I
10672.000	10715.000	91.000	260.484	343.820	0.000	0.000	0.551	0.029	0.000	0.008	0.028	subject613b769da5ed2	1I
10813.000	11130.000	368.000	218.241	372.840	0.000	0.000	0.551	0.411	0.647	2.154	0.697	subject613b769da5ed2	1I
11226.000	12714.000	1530.000	352.941	428.924	0.000	0.000	0.551	0.884	87.225	9.476	11.194	subject613b769da5ed2	1I
12794.000	13798.000	1046.000	405.788	239.014	0.000	0.000	0.551	0.411	4.485	2.644	2.238	subject613b769da5ed2	1I
13897.000	14254.000	394.000	474.620	340.748	0.000	0.000	0.551	0.254	0.360	1.534	0.437	subject613b769da5ed2	1I
14330.000	15452.000	1160.000	537.614	287.940	0.000	0.000	0.551	0.321	5.390	3.200	2.841	subject613b769da5ed2	1I
15527.000	15583.000	95.000	463.796	227.311	0.000	0.000	0.551	0.190	0.000	0.180	0.062	subject613b769da5ed2	1I
15658.000	15658.000	54.000	486.402	219.635	0.000	0.000	0.551	NaN	NaN	0.000	0.000	subject613b769da5ed2	1I
15766.000	16005.000	283.000	513.493	205.374	0.000	0.000	0.551	0.239	0.033	0.439	0.267	subject613b769da5ed2	1I
16098.000	18151.000	2088.000	487.044	226.079	0.000	0.000	0.551	0.500	17.107	7.140	4.430	subject613b769da5ed2	1I
18226.000	19044.000	853.000	459.446	503.286	0.000	0.000	0.551	0.934	46.220	5.885	11.596	subject613b769da5ed2	1I
19131.000	19697.000	606.000	386.439	393.606	0.000	0.000	0.551	0.609	5.072	3.966	2.551	subject613b769da5ed2	1I
19781.000	20025.000	283.000	373.600	378.052	0.000	0.000	0.551	0.301	0.371	1.046	0.946	subject613b769da5ed2	1I
20102.000	20386.000	319.000	339.275	364.122	0.000	0.000	0.551	0.210	0.055	0.509	0.151	subject613b769da5ed2	1I
20457.000	20493.000	89.000	345.717	380.592	0.000	0.000	0.551	0.219	0.000	0.151	0.158	subject613b769da5ed2	1I
20585.000	22062.000	1511.000	410.975	404.312	0.000	0.000	0.551	0.728	40.115	7.198	11.888	subject613b769da5ed2	1I
22147.000	23147.000	1039.000	384.651	225.069	0.000	0.000	0.551	0.748	26.525	3.786	9.032	subject613b769da5ed2	1I
23225.000	25717.000	2531.000	475.539	342.338	0.000	0.000	0.551	0.782	43.052	9.009	9.839	subject613b769da5ed2	1I
25793.000	26498.000	746.000	376.192	349.856	0.000	0.000	0.551	0.332	2.856	1.560	2.338	subject613b769da5ed2	1I
26577.000	27030.000	491.000	355.852	368.154	0.000	0.000	0.551	0.315	1.135	1.406	0.747	subject613b769da5ed2	1I
27103.000	28436.000	1371.000	294.661	156.499	0.000	0.000	0.551	0.482	25.733	3.511	11.041	subject613b769da5ed2	1I
28532.000	29104.000	612.000	402.428	113.183	0.000	0.000	0.551	0.709	8.130	2.521	6.593	subject613b769da5ed2	1I
29181.000	29739.000	597.000	345.773	91.326	0.000	0.000	0.551	0.715	10.045	3.502	5.321	subject613b769da5ed2	1I
29813.000	29984.000	207.000	447.449	78.492	0.000	0.000	0.551	0.168	0.059	0.130	0.575	subject613b769da5ed2	1I
30063.000	30391.000	364.000	425.768	80.660	0.000	0.000	0.551	0.815	4.583	1.225	6.096	subject613b769da5ed2	1I
30479.000	31185.000	747.000	328.209	147.569	0.000	0.000	0.551	0.717	6.700	1.436	6.744	subject613b769da5ed2	1I
31263.000	31336.000	111.000	343.579	77.779	0.000	0.000	0.551	0.128	0.007	0.054	0.149	subject613b769da5ed2	1I
31410.000	35545.000	4188.000	456.808	260.941	0.000	0.000	0.551	0.875	90.709	12.088	14.610	subject613b769da5ed2	1I
35634.000	37118.000	1525.000	263.538	229.115	0.000	0.000	0.551	0.747	52.085	6.841	9.035	subject613b769da5ed2	1I
37195.000	40963.000	3830.000	320.486	234.045	0.000	0.000	0.551	0.708	61.432	10.114	11.358	subject613b769da5ed2	1I
41061.000	42757.000	1731.000	334.268	454.077	0.000	0.000	0.551	0.650	23.102	5.117	6.508	subject613b769da5ed2	1I
42847.000	43750.000	942.000	199.485	396.831	0.000	0.000	0.551	0.467	8.324	3.157	6.016	subject613b769da5ed2	1I
43824.000	44196.000	415.000	392.316	277.139	0.000	0.000	0.551	0.544	1.828	3.861	0.588	subject613b769da5ed2	1I
44280.000	44401.000	159.000	489.984	281.499	0.000	0.000	0.551	0.136	0.038	0.203	0.159	subject613b769da5ed2	1I
44477.000	44741.000	302.000	395.129	275.250	0.000	0.000	0.551	0.727	0.818	4.133	0.212	subject613b769da5ed2	1I
44830.000	46345.000	1568.000	386.711	427.245	0.000	0.000	0.551	0.854	71.759	9.059	12.654	subject613b769da5ed2	1I
46439.000	48096.000	1694.000	737.786	401.865	0.000	0.000	0.551	1.394	30.839	21.691	12.417	subject613b769da5ed2	1I
48172.000	48570.000	433.000	487.640	295.037	0.000	0.000	0.551	0.683	4.420	3.396	4.195	subject613b769da5ed2	1I
48645.000	50029.000	1423.000	595.096	599.372	0.000	0.000	0.551	1.159	116.254	21.121	8.394	subject613b769da5ed2	1I
50102.000	51574.000	1510.000	880.966	499.312	0.000	0.000	0.551	1.328	73.432	17.023	9.070	subject613b769da5ed2	1I
51664.000	51822.000	195.000	983.758	541.949	0.000	0.000	0.551	0.549	0.398	1.512	0.787	subject613b769da5ed2	1I
51914.000	52215.000	340.000	971.099	568.954	0.000	0.000	0.551	0.197	0.195	0.827	0.325	subject613b769da5ed2	1I
52290.000	52514.000	263.000	1031.638	548.770	0.000	0.000	0.551	0.214	0.108	0.280	0.480	subject613b769da5ed2	1I
52589.000	53463.000	924.000	849.841	491.291	0.000	0.000	0.551	1.474	33.383	18.844	16.621	subject613b769da5ed2	1I
53552.000	54677.000	1178.000	682.026	137.387	0.000	0.000	0.551	1.822	36.249	28.081	11.706	subject613b769da5ed2	1I
54789.000	55168.000	456.000	1155.383	270.889	0.000	0.000	0.551	0.434	1.259	2.014	0.821	subject613b769da5ed2	1I
55285.000	55382.000	138.000	1192.193	348.905	0.000	0.000	0.551	0.505	0.281	0.218	0.666	subject613b769da5ed2	1I
55463.000	55554.000	129.000	1196.358	372.067	0.000	0.000	0.551	0.468	0.115	0.633	0.107	subject613b769da5ed2	1I
55629.000	55829.000	253.000	1178.641	406.783	0.000	0.000	0.551	0.207	0.094	0.421	0.465	subject613b769da5ed2	1I
55918.000	56157.000	295.000	1189.861	409.338	0.000	0.000	0.551	0.292	0.087	0.516	0.222	subject613b769da5ed2	1I
56253.000	56479.000	276.000	1171.997	398.410	0.000	0.000	0.551	0.357	0.221	0.470	0.671	subject613b769da5ed2	1I
56580.000	57376.000	850.000	1197.148	382.090	0.000	0.000	0.551	0.481	5.333	4.867	2.311	subject613b769da5ed2	1I
57473.000	58029.000	596.000	1101.791	509.394	0.000	0.000	0.551	0.351	0.899	3.464	1.204	subject613b769da5ed2	1I
58110.000	59022.000	948.000	740.210	520.932	0.000	0.000	0.551	1.738	70.702	30.461	3.594	subject613b769da5ed2	1I
59095.000	59306.000	247.000	193.829	601.735	0.000	0.000	0.551	0.500	0.544	0.430	1.196	subject613b769da5ed2	1I
59380.000	59586.000	244.000	222.050	651.636	0.000	0.000	0.551	0.283	0.238	0.385	0.793	subject613b769da5ed2	1I
59662.000	59985.000	368.000	228.505	696.288	0.000	0.000	0.551	0.632	2.046	1.043	2.899	subject613b769da5ed2	1I
60080.000	60263.000	233.000	236.541	494.013	0.000	0.000	0.551	0.564	0.748	0.337	1.929	subject613b769da5ed2	1I
60365.000	61304.000	981.000	248.033	503.499	0.000	0.000	0.551	1.604	35.569	24.765	5.590	subject613b769da5ed2	1I
61398.000	64675.000	3313.000	722.765	564.075	0.000	0.000	0.551	1.296	160.393	24.845	12.949	subject613b769da5ed2	1I
64763.000	66867.000	2139.000	576.606	497.583	0.000	0.000	0.551	1.104	206.965	20.936	13.643	subject613b769da5ed2	1I
66941.000	67079.000	176.000	1076.816	518.131	0.000	0.000	0.551	0.301	0.227	0.529	0.353	subject613b769da5ed2	1I
67154.000	67196.000	92.000	1074.120	535.999	0.000	0.000	0.551	0.348	0.000	0.055	0.344	subject613b769da5ed2	1I
67287.000	67494.000	244.000	1015.437	528.544	0.000	0.000	0.551	0.370	0.400	1.504	0.413	subject613b769da5ed2	1I
67581.000	69112.000	1582.000	968.760	619.310	0.000	0.000	0.551	0.612	12.408	5.673	6.733	subject613b769da5ed2	1I
69205.000	69368.000	199.000	1051.427	534.020	0.000	0.000	0.551	0.203	0.071	0.366	0.166	subject613b769da5ed2	1I
69443.000	69575.000	169.000	1060.996	556.744	0.000	0.000	0.551	0.222	0.114	0.330	0.282	subject613b769da5ed2	1I
69663.000	69830.000	209.000	1032.437	554.057	0.000	0.000	0.551	0.296	0.208	0.900	0.344	subject613b769da5ed2	1I
69908.000	70067.000	194.000	1065.712	551.487	0.000	0.000	0.551	0.154	0.023	0.250	0.094	subject613b769da5ed2	1I
70140.000	71401.000	1303.000	332.654	499.300	0.000	0.000	0.551	1.574	186.738	27.688	10.877	subject613b769da5ed2	1I
71486.000	71534.000	143.000	212.044	395.695	0.000	0.000	0.551	0.397	0.000	0.124	0.377	subject613b769da5ed2	1I
71668.000	72197.000	579.000	237.680	390.375	0.000	0.000	0.551	0.703	6.238	4.748	3.598	subject613b769da5ed2	1I
72296.000	73273.000	1014.000	252.017	435.433	0.000	0.000	0.551	0.824	48.705	8.826	7.911	subject613b769da5ed2	1I
73366.000	74113.000	786.000	201.981	455.627	0.000	0.000	0.551	0.550	9.248	2.345	5.680	subject613b769da5ed2	1I
74192.000	75656.000	1500.000	226.606	424.189	0.000	0.000	0.551	1.079	42.649	4.714	11.359	subject613b769da5ed2	1I
75729.000	76589.000	899.000	648.848	518.151	0.000	0.000	0.551	1.616	86.373	25.786	4.957	subject613b769da5ed2	1I
76681.000	76756.000	112.000	1051.452	568.962	0.000	0.000	0.551	0.293	0.128	0.233	0.309	subject613b769da5ed2	1I
76845.000	77015.000	212.000	1099.518	567.527	0.000	0.000	0.551	0.297	0.182	0.918	0.208	subject613b769da5ed2	1I
77095.000	77298.000	242.000	1053.011	556.535	0.000	0.000	0.551	0.340	0.526	1.105	0.597	subject613b769da5ed2	1I
77381.000	77506.000	165.000	1045.703	600.950	0.000	0.000	0.551	0.352	0.318	0.388	0.590	subject613b769da5ed2	1I
77585.000	78546.000	998.000	1082.499	606.562	0.000	0.000	0.551	0.312	1.449	2.334	0.999	subject613b769da5ed2	1I
78623.000	78830.000	291.000	1076.476	578.111	0.000	0.000	0.551	0.190	0.131	0.290	0.491	subject613b769da5ed2	1I
78950.000	79035.000	123.000	1047.384	587.161	0.000	0.000	0.551	0.325	0.037	0.461	0.118	subject613b769da5ed2	1I
79113.000	79443.000	383.000	1003.793	562.822	0.000	0.000	0.551	0.260	0.105	0.742	0.258	subject613b769da5ed2	1I
79534.000	79696.000	198.000	1018.043	599.287	0.000	0.000	0.551	0.371	0.438	0.338	1.183	subject613b769da5ed2	1I
79770.000	81313.000	1596.000	910.829	607.022	0.000	0.000	0.551	1.779	20.054	23.896	2.682	subject613b769da5ed2	1I
1.000	965.000	1002.000	630.546	428.274	0.000	0.000	0.512	3.284	254.849	28.103	14.746	subject613b769da5ed2	1S
1063.000	1719.000	695.000	170.675	249.471	0.000	0.000	0.512	1.215	15.353	1.875	14.368	subject613b769da5ed2	1S
1792.000	2322.000	566.000	304.206	514.326	0.000	0.000	0.512	0.671	4.129	7.063	0.944	subject613b769da5ed2	1S
2414.000	2500.000	122.000	522.908	477.935	0.000	0.000	0.512	1.015	1.245	1.859	0.574	subject613b769da5ed2	1S
2597.000	3746.000	1187.000	258.673	51.804	0.000	0.000	0.512	1.447	125.904	16.029	19.880	subject613b769da5ed2	1S
3829.000	4687.000	893.000	583.820	-67.777	0.000	0.000	0.512	0.864	16.922	14.203	2.162	subject613b769da5ed2	1S
4757.000	5606.000	889.000	583.644	-117.407	0.000	0.000	0.512	1.679	124.307	22.194	10.014	subject613b769da5ed2	1S
5696.000	6388.000	729.000	337.106	105.969	0.000	0.000	0.512	0.927	27.136	5.642	7.732	subject613b769da5ed2	1S
6479.000	8341.000	1917.000	478.051	-57.966	0.000	0.000	0.512	0.899	24.685	16.270	4.327	subject613b769da5ed2	1S
8435.000	9686.000	1291.000	392.594	-80.907	0.000	0.000	0.512	1.291	14.509	20.855	3.382	subject613b769da5ed2	1S
9779.000	9860.000	134.000	542.987	-84.883	0.000	0.000	0.512	0.523	0.455	0.671	0.578	subject613b769da5ed2	1S
9965.000	10403.000	480.000	759.424	-93.790	0.000	0.000	0.512	0.832	2.348	7.647	0.428	subject613b769da5ed2	1S
10497.000	11272.000	812.000	565.091	-80.650	0.000	0.000	0.512	1.873	143.994	26.065	10.617	subject613b769da5ed2	1S
11345.000	12579.000	1284.000	494.184	47.768	0.000	0.000	0.512	0.928	73.963	17.585	12.401	subject613b769da5ed2	1S
12669.000	24862.000	12230.000	468.512	210.182	0.000	0.000	0.512	1.437	462.851	36.399	25.826	subject613b769da5ed2	1S
24941.000	25197.000	296.000	1105.037	486.857	0.000	0.000	0.512	0.351	0.520	1.564	0.788	subject613b769da5ed2	1S
25275.000	25546.000	310.000	1093.391	489.520	0.000	0.000	0.512	0.248	0.087	0.204	0.486	subject613b769da5ed2	1S
25622.000	25660.000	74.000	1129.281	491.971	0.000	0.000	0.512	0.321	0.000	0.292	0.134	subject613b769da5ed2	1S
25746.000	26772.000	1069.000	924.476	634.718	0.000	0.000	0.512	1.280	20.914	12.878	7.600	subject613b769da5ed2	1S
130162.000	130162.000	48.000	541.746	444.744	0.000	0.000	0.459	NaN	NaN	0.000	0.000	subject613b769da5ed2	1V
130248.000	131360.000	1147.000	629.181	461.018	0.000	0.000	0.459	0.208	1.561	2.147	1.548	subject613b769da5ed2	1V
113179.000	114431.000	1298.000	152.141	-9.983	0.000	0.000	0.459	0.224	2.343	2.003	2.123	subject613b769da5ed2	1V
116021.000	117233.000	1254.000	949.510	409.770	0.000	0.000	0.459	0.077	0.465	1.266	1.279	subject613b769da5ed2	1V
118829.000	120052.000	1257.000	335.240	745.896	0.000	0.000	0.459	0.076	0.177	0.749	1.302	subject613b769da5ed2	1V
121630.000	122869.000	1279.000	588.308	187.391	0.000	0.000	0.459	1.307	33.352	3.117	17.584	subject613b769da5ed2	1V
124451.000	125735.000	1319.000	219.257	546.382	0.000	0.000	0.459	0.426	7.779	5.303	3.387	subject613b769da5ed2	1V
127309.000	128610.000	1346.000	1011.143	117.576	0.000	0.000	0.459	0.477	5.474	4.153	3.399	subject613b769da5ed2	1V
1.000	1.000	54.000	132.246	75.818	0.000	0.000	0.498	NaN	NaN	0.000	0.000	subject613b769da5ed2	2S
198.000	2838.000	2683.000	494.486	149.474	0.000	0.000	0.498	1.757	462.910	28.213	21.323	subject613b769da5ed2	2S
2915.000	3232.000	353.000	346.948	553.757	0.000	0.000	0.498	0.389	0.538	2.488	0.817	subject613b769da5ed2	2S
3321.000	5312.000	2033.000	460.580	556.041	0.000	0.000	0.498	1.886	418.299	28.580	19.746	subject613b769da5ed2	2S
5392.000	8401.000	3062.000	513.717	76.955	0.000	0.000	0.498	1.344	120.076	28.885	8.482	subject613b769da5ed2	2S
8497.000	9270.000	824.000	588.868	59.789	0.000	0.000	0.498	1.957	31.052	30.246	1.399	subject613b769da5ed2	2S
9360.000	10346.000	1026.000	537.235	88.973	0.000	0.000	0.498	0.928	34.551	21.812	2.755	subject613b769da5ed2	2S
10436.000	12069.000	1670.000	473.270	92.155	0.000	0.000	0.498	1.518	46.201	29.300	2.480	subject613b769da5ed2	2S
12142.000	15890.000	3787.000	656.071	285.117	0.000	0.000	0.498	1.392	412.355	32.433	18.862	subject613b769da5ed2	2S
15968.000	16560.000	630.000	586.920	591.944	0.000	0.000	0.498	0.580	4.188	6.700	1.292	subject613b769da5ed2	2S
16636.000	16837.000	239.000	512.032	571.898	0.000	0.000	0.498	0.346	0.501	1.187	0.522	subject613b769da5ed2	2S
16993.000	20277.000	3342.000	646.343	527.577	0.000	0.000	0.498	1.705	291.792	29.127	14.595	subject613b769da5ed2	2S
367543.000	368836.000	1349.000	697.437	380.312	0.000	0.000	0.524	1.825	80.908	23.853	19.550	subject613b769da5ed2	2V
370436.000	371574.000	1185.000	931.410	749.410	0.000	0.000	0.524	0.415	1.305	3.521	1.597	subject613b769da5ed2	2V
373170.000	373791.000	662.000	1106.590	51.819	0.000	0.000	0.524	0.065	0.077	0.390	0.525	subject613b769da5ed2	2V
373872.000	374449.000	616.000	1120.060	88.552	0.000	0.000	0.524	0.157	0.618	0.433	1.793	subject613b769da5ed2	2V
376033.000	377282.000	1286.000	202.431	130.755	0.000	0.000	0.524	0.769	8.017	7.651	8.629	subject613b769da5ed2	2V
378860.000	380140.000	1327.000	344.200	752.139	0.000	0.000	0.524	0.452	1.272	4.477	0.312	subject613b769da5ed2	2V
381733.000	382895.000	1207.000	927.637	540.493	0.000	0.000	0.524	0.433	1.076	4.524	0.376	subject613b769da5ed2	2V
384488.000	385822.000	1384.000	221.937	527.389	0.000	0.000	0.524	0.175	1.684	1.538	2.754	subject613b769da5ed2	2V
603279.000	603279.000	58.000	353.769	-4.540	0.000	0.000	0.498	NaN	NaN	0.000	0.000	subject613b769da5ed2	3V
603378.000	604561.000	1220.000	254.926	-14.040	0.000	0.000	0.498	1.821	27.611	39.603	5.461	subject613b769da5ed2	3V
606147.000	607512.000	1406.000	856.704	779.215	0.000	0.000	0.498	0.408	7.090	2.401	5.477	subject613b769da5ed2	3V
609099.000	610379.000	1316.000	1003.620	249.584	0.000	0.000	0.498	0.607	9.698	3.451	11.445	subject613b769da5ed2	3V
611957.000	613181.000	1279.000	190.373	310.528	0.000	0.000	0.498	0.300	4.431	2.982	2.317	subject613b769da5ed2	3V
614783.000	615415.000	687.000	651.266	318.742	0.000	0.000	0.498	0.221	0.064	1.937	1.525	subject613b769da5ed2	3V
615509.000	616108.000	636.000	645.411	317.318	0.000	0.000	0.498	0.115	0.198	0.318	0.915	subject613b769da5ed2	3V
617708.000	618937.000	1276.000	945.159	-13.060	0.000	0.000	0.498	0.437	6.273	4.181	3.421	subject613b769da5ed2	3V
620532.000	621791.000	1297.000	161.232	745.069	0.000	0.000	0.498	0.249	5.939	2.944	2.176	subject613b769da5ed2	3V
800276.000	801517.000	1292.000	1063.332	71.873	0.000	0.000	0.515	0.440	6.574	2.984	2.815	subject613b769da5ed2	4V
803120.000	803701.000	633.000	895.595	618.874	0.000	0.000	0.515	0.265	1.292	1.005	1.981	subject613b769da5ed2	4V
803791.000	804310.000	558.000	940.268	661.109	0.000	0.000	0.515	0.489	0.383	1.820	3.312	subject613b769da5ed2	4V
805901.000	807143.000	1280.000	218.218	241.634	0.000	0.000	0.515	0.728	16.159	3.010	8.937	subject613b769da5ed2	4V
808729.000	809264.000	589.000	262.283	368.583	0.000	0.000	0.515	0.432	2.650	3.318	1.400	subject613b769da5ed2	4V
809367.000	809883.000	563.000	297.052	313.846	0.000	0.000	0.515	0.225	0.518	1.543	1.276	subject613b769da5ed2	4V
811480.000	812784.000	1342.000	705.892	246.329	0.000	0.000	0.515	0.258	1.715	1.416	2.356	subject613b769da5ed2	4V
814372.000	815567.000	1237.000	1041.627	186.155	0.000	0.000	0.515	0.197	3.218	1.906	2.237	subject613b769da5ed2	4V
817167.000	818434.000	1317.000	221.618	535.084	0.000	0.000	0.515	0.203	2.196	1.181	2.834	subject613b769da5ed2	4V
1009278.000	1009278.000	53.000	991.945	252.891	0.000	0.000	0.491	NaN	NaN	0.000	0.000	subject613b769da5ed2	5V
1009368.000	1010619.000	1312.000	1014.661	158.316	0.000	0.000	0.491	0.407	3.293	1.241	5.220	subject613b769da5ed2	5V
1012237.000	1013465.000	1270.000	277.561	352.778	0.000	0.000	0.491	0.299	3.936	2.875	2.518	subject613b769da5ed2	5V
1015058.000	1016305.000	1283.000	734.220	332.491	0.000	0.000	0.491	0.326	1.984	2.233	2.357	subject613b769da5ed2	5V
1017880.000	1019181.000	1344.000	1148.261	-61.793	0.000	0.000	0.491	0.936	14.300	8.955	12.988	subject613b769da5ed2	5V
1020782.000	1022048.000	1325.000	321.062	737.444	0.000	0.000	0.491	0.255	2.403	0.970	3.770	subject613b769da5ed2	5V
1023682.000	1024904.000	1259.000	272.144	69.219	0.000	0.000	0.491	0.230	2.429	1.776	2.240	subject613b769da5ed2	5V
1026486.000	1027718.000	1288.000	784.981	734.056	0.000	0.000	0.491	0.552	9.299	5.581	2.607	subject613b769da5ed2	5V
1.000	1404.000	1445.000	292.774	76.628	0.000	0.000	0.576	1.367	84.541	16.082	9.580	subject613b769da5ed2	6I
1496.000	1696.000	240.000	306.817	-126.277	0.000	0.000	0.576	0.252	0.127	0.321	0.403	subject613b769da5ed2	6I
1773.000	3012.000	1276.000	366.758	26.566	0.000	0.000	0.576	1.129	42.407	6.247	12.210	subject613b769da5ed2	6I
3088.000	3129.000	81.000	276.962	-69.866	0.000	0.000	0.576	0.369	0.000	0.360	0.081	subject613b769da5ed2	6I
3205.000	3412.000	258.000	339.091	-75.398	0.000	0.000	0.576	0.309	0.161	0.706	0.544	subject613b769da5ed2	6I
3505.000	3844.000	391.000	304.578	23.021	0.000	0.000	0.576	0.728	1.771	2.972	4.641	subject613b769da5ed2	6I
3942.000	4038.000	132.000	213.019	191.415	0.000	0.000	0.576	0.558	0.557	0.428	0.841	subject613b769da5ed2	6I
4110.000	4679.000	609.000	294.017	240.339	0.000	0.000	0.576	0.659	2.247	6.766	1.031	subject613b769da5ed2	6I
4755.000	4884.000	172.000	502.694	252.032	0.000	0.000	0.576	0.295	0.121	0.760	0.157	subject613b769da5ed2	6I
4979.000	5111.000	167.000	562.391	238.250	0.000	0.000	0.576	0.140	0.025	0.244	0.122	subject613b769da5ed2	6I
5183.000	5488.000	341.000	589.527	260.622	0.000	0.000	0.576	0.383	0.433	1.825	0.690	subject613b769da5ed2	6I
5580.000	6912.000	1374.000	344.586	439.926	0.000	0.000	0.576	1.014	107.052	16.002	9.697	subject613b769da5ed2	6I
6994.000	8429.000	1486.000	439.544	427.164	0.000	0.000	0.576	0.811	65.596	11.661	6.919	subject613b769da5ed2	6I
8547.000	10822.000	2313.000	403.422	377.965	0.000	0.000	0.576	0.664	13.444	11.229	3.460	subject613b769da5ed2	6I
10896.000	12128.000	1273.000	427.804	345.377	0.000	0.000	0.576	0.392	6.090	3.124	2.221	subject613b769da5ed2	6I
12296.000	12429.000	172.000	557.815	388.792	0.000	0.000	0.576	0.388	0.408	0.411	0.768	subject613b769da5ed2	6I
12505.000	12595.000	130.000	617.314	405.943	0.000	0.000	0.576	0.370	0.105	0.508	0.169	subject613b769da5ed2	6I
12673.000	14529.000	1899.000	280.565	57.043	0.000	0.000	0.576	0.777	88.893	10.828	13.976	subject613b769da5ed2	6I
14612.000	15606.000	1050.000	486.298	84.880	0.000	0.000	0.576	0.817	14.433	9.077	12.008	subject613b769da5ed2	6I
15704.000	17378.000	1712.000	580.210	113.118	0.000	0.000	0.576	0.886	20.432	5.421	11.271	subject613b769da5ed2	6I
17451.000	17492.000	95.000	466.738	5.387	0.000	0.000	0.576	0.397	0.000	0.218	0.332	subject613b769da5ed2	6I
17591.000	17841.000	305.000	429.373	6.651	0.000	0.000	0.576	0.295	0.382	0.923	0.436	subject613b769da5ed2	6I
17957.000	18390.000	505.000	379.692	12.271	0.000	0.000	0.576	0.268	0.137	0.374	0.557	subject613b769da5ed2	6I
18509.000	18662.000	201.000	400.372	10.313	0.000	0.000	0.576	0.123	0.012	0.241	0.042	subject613b769da5ed2	6I
18762.000	20010.000	1300.000	372.947	143.562	0.000	0.000	0.576	0.937	38.484	5.657	9.324	subject613b769da5ed2	6I
20113.000	21064.000	988.000	593.157	17.791	0.000	0.000	0.576	0.984	59.752	14.044	6.858	subject613b769da5ed2	6I
21138.000	21328.000	225.000	600.494	191.324	0.000	0.000	0.576	0.449	0.305	1.166	0.261	subject613b769da5ed2	6I
21413.000	22471.000	1094.000	607.893	184.903	0.000	0.000	0.576	0.628	19.167	7.893	4.029	subject613b769da5ed2	6I
22562.000	23914.000	1392.000	332.988	215.087	0.000	0.000	0.576	0.637	33.797	5.325	9.192	subject613b769da5ed2	6I
23993.000	24736.000	785.000	385.993	-1.459	0.000	0.000	0.576	0.518	3.205	5.854	0.876	subject613b769da5ed2	6I
24829.000	25361.000	577.000	466.471	22.176	0.000	0.000	0.576	0.386	1.649	2.722	1.878	subject613b769da5ed2	6I
25446.000	26724.000	1318.000	321.987	163.571	0.000	0.000	0.576	1.272	45.776	4.982	13.693	subject613b769da5ed2	6I
26828.000	27130.000	346.000	305.938	-6.246	0.000	0.000	0.576	0.473	1.359	2.184	0.762	subject613b769da5ed2	6I
27230.000	29512.000	2320.000	463.852	174.795	0.000	0.000	0.576	1.035	102.152	12.742	15.971	subject613b769da5ed2	6I
29609.000	29709.000	153.000	288.734	40.068	0.000	0.000	0.576	0.348	0.086	0.084	0.594	subject613b769da5ed2	6I
29828.000	30295.000	516.000	309.863	5.541	0.000	0.000	0.576	0.303	1.231	1.066	1.250	subject613b769da5ed2	6I
30384.000	30523.000	199.000	246.135	8.446	0.000	0.000	0.576	0.218	0.099	0.562	0.166	subject613b769da5ed2	6I
30623.000	30734.000	156.000	247.947	12.458	0.000	0.000	0.576	0.257	0.046	0.087	0.338	subject613b769da5ed2	6I
30830.000	31194.000	415.000	329.152	22.625	0.000	0.000	0.576	0.461	1.317	3.058	0.999	subject613b769da5ed2	6I
31285.000	31553.000	310.000	469.165	-39.113	0.000	0.000	0.576	0.485	0.500	2.092	0.955	subject613b769da5ed2	6I
31647.000	32610.000	1016.000	487.833	-68.093	0.000	0.000	0.576	0.866	33.275	8.239	7.369	subject613b769da5ed2	6I
32702.000	34024.000	1377.000	538.192	-42.154	0.000	0.000	0.576	0.811	58.031	13.471	9.485	subject613b769da5ed2	6I
34129.000	35495.000	1420.000	653.056	23.346	0.000	0.000	0.576	0.758	16.196	13.538	6.512	subject613b769da5ed2	6I
35612.000	35712.000	144.000	413.285	163.848	0.000	0.000	0.576	0.174	0.010	0.320	0.077	subject613b769da5ed2	6I
35812.000	36179.000	408.000	418.207	199.545	0.000	0.000	0.576	0.347	0.516	1.305	0.913	subject613b769da5ed2	6I
36262.000	36396.000	183.000	475.559	222.051	0.000	0.000	0.576	0.290	0.119	0.475	0.260	subject613b769da5ed2	6I
36495.000	36629.000	173.000	461.752	196.014	0.000	0.000	0.576	0.290	0.207	0.325	0.513	subject613b769da5ed2	6I
36707.000	36812.000	155.000	459.182	175.793	0.000	0.000	0.576	0.092	0.002	0.127	0.009	subject613b769da5ed2	6I
36900.000	37491.000	646.000	506.647	163.139	0.000	0.000	0.576	0.246	0.391	1.369	0.493	subject613b769da5ed2	6I
37589.000	38063.000	515.000	471.130	174.141	0.000	0.000	0.576	0.322	0.738	0.563	2.046	subject613b769da5ed2	6I
38145.000	38538.000	449.000	534.306	132.219	0.000	0.000	0.576	0.250	0.122	0.790	0.277	subject613b769da5ed2	6I
38641.000	38679.000	88.000	544.465	145.352	0.000	0.000	0.576	0.100	0.000	0.073	0.069	subject613b769da5ed2	6I
38768.000	39045.000	328.000	546.636	113.616	0.000	0.000	0.576	0.242	0.149	0.828	0.215	subject613b769da5ed2	6I
39137.000	39262.000	164.000	569.099	146.689	0.000	0.000	0.576	0.259	0.185	0.183	0.605	subject613b769da5ed2	6I
39337.000	39337.000	41.000	549.178	150.258	0.000	0.000	0.576	NaN	NaN	0.000	0.000	subject613b769da5ed2	6I
39416.000	39561.000	195.000	544.601	170.138	0.000	0.000	0.576	0.193	0.056	0.227	0.212	subject613b769da5ed2	6I
39662.000	39796.000	179.000	517.210	161.244	0.000	0.000	0.576	0.203	0.045	0.224	0.178	subject613b769da5ed2	6I
39896.000	40127.000	285.000	489.758	149.537	0.000	0.000	0.576	0.309	0.171	0.403	0.603	subject613b769da5ed2	6I
40246.000	41496.000	1293.000	615.847	45.318	0.000	0.000	0.576	0.741	18.237	8.783	3.252	subject613b769da5ed2	6I
41577.000	42441.000	902.000	449.810	268.724	0.000	0.000	0.576	0.939	17.673	2.200	11.447	subject613b769da5ed2	6I
42528.000	43498.000	1020.000	391.888	160.480	0.000	0.000	0.576	0.674	19.841	7.079	5.267	subject613b769da5ed2	6I
43585.000	43743.000	210.000	472.783	283.552	0.000	0.000	0.576	0.663	0.886	1.275	0.513	subject613b769da5ed2	6I
43845.000	46012.000	2204.000	622.479	328.565	0.000	0.000	0.576	1.628	294.972	27.961	13.235	subject613b769da5ed2	6I
46086.000	46225.000	175.000	492.502	283.898	0.000	0.000	0.576	0.180	0.064	0.248	0.175	subject613b769da5ed2	6I
46312.000	46607.000	385.000	538.943	267.136	0.000	0.000	0.576	0.318	0.350	1.535	0.320	subject613b769da5ed2	6I
46754.000	46945.000	230.000	526.593	229.172	0.000	0.000	0.576	0.519	0.790	1.625	0.657	subject613b769da5ed2	6I
47025.000	47958.000	972.000	486.516	170.558	0.000	0.000	0.576	0.679	13.878	8.490	6.874	subject613b769da5ed2	6I
48045.000	48628.000	620.000	729.991	-3.011	0.000	0.000	0.576	0.452	2.580	2.799	2.780	subject613b769da5ed2	6I
48700.000	48866.000	211.000	706.219	-8.569	0.000	0.000	0.576	0.589	0.610	2.156	0.530	subject613b769da5ed2	6I
48951.000	49789.000	877.000	714.671	35.774	0.000	0.000	0.576	1.015	29.837	12.075	6.058	subject613b769da5ed2	6I
49877.000	50217.000	401.000	552.982	133.992	0.000	0.000	0.576	0.499	0.642	3.337	0.423	subject613b769da5ed2	6I
50321.000	50359.000	90.000	558.315	122.572	0.000	0.000	0.576	0.264	0.000	0.259	0.052	subject613b769da5ed2	6I
50453.000	51512.000	1112.000	1055.019	254.566	0.000	0.000	0.576	1.294	56.144	16.875	10.518	subject613b769da5ed2	6I
51616.000	51764.000	195.000	1153.449	248.120	0.000	0.000	0.576	0.256	0.066	0.548	0.137	subject613b769da5ed2	6I
51878.000	52661.000	835.000	947.934	268.697	0.000	0.000	0.576	1.868	60.120	27.643	3.581	subject613b769da5ed2	6I
1.000	1243.000	1300.000	203.191	247.859	0.000	0.000	0.552	1.020	67.121	6.471	14.338	subject613b769da5ed2	7I
1339.000	1627.000	328.000	303.151	40.428	0.000	0.000	0.552	0.445	0.847	1.997	0.519	subject613b769da5ed2	7I
1719.000	1768.000	92.000	232.784	71.348	0.000	0.000	0.552	0.248	0.000	0.242	0.058	subject613b769da5ed2	7I
1854.000	1941.000	148.000	243.675	86.406	0.000	0.000	0.552	0.099	0.011	0.060	0.095	subject613b769da5ed2	7I
2053.000	3019.000	1009.000	252.680	103.603	0.000	0.000	0.552	0.411	2.073	3.698	0.965	subject613b769da5ed2	7I
3104.000	5019.000	1954.000	213.835	596.724	0.000	0.000	0.552	0.876	39.955	5.725	18.225	subject613b769da5ed2	7I
5096.000	5233.000	189.000	226.357	663.234	0.000	0.000	0.552	0.276	0.163	0.357	0.441	subject613b769da5ed2	7I
5326.000	5366.000	93.000	278.809	628.623	0.000	0.000	0.552	0.635	0.000	0.429	0.468	subject613b769da5ed2	7I
5465.000	7135.000	1720.000	182.198	626.449	0.000	0.000	0.552	0.423	12.957	7.013	4.020	subject613b769da5ed2	7I
7226.000	7742.000	555.000	291.079	653.334	0.000	0.000	0.552	1.014	2.830	8.089	3.158	subject613b769da5ed2	7I
7834.000	8237.000	454.000	465.012	591.401	0.000	0.000	0.552	0.590	0.283	2.155	0.181	subject613b769da5ed2	7I
8346.000	10411.000	2105.000	241.173	596.813	0.000	0.000	0.552	0.680	5.850	8.645	1.313	subject613b769da5ed2	7I
10504.000	11006.000	545.000	144.004	574.252	0.000	0.000	0.552	0.682	2.504	5.767	1.014	subject613b769da5ed2	7I
11100.000	11932.000	884.000	273.852	676.146	0.000	0.000	0.552	0.549	4.144	4.411	2.452	subject613b769da5ed2	7I
12026.000	14394.000	2407.000	316.329	652.938	0.000	0.000	0.552	0.701	29.273	10.638	5.709	subject613b769da5ed2	7I
14483.000	14868.000	424.000	182.760	591.710	0.000	0.000	0.552	0.399	1.035	2.156	0.456	subject613b769da5ed2	7I
14947.000	15729.000	819.000	353.530	565.078	0.000	0.000	0.552	0.531	8.292	6.029	2.721	subject613b769da5ed2	7I
15818.000	17293.000	1535.000	355.023	491.812	0.000	0.000	0.552	0.888	26.282	7.876	13.601	subject613b769da5ed2	7I
17397.000	19300.000	1955.000	185.374	703.214	0.000	0.000	0.552	0.614	14.165	10.376	4.436	subject613b769da5ed2	7I
19401.000	19819.000	456.000	513.175	701.220	0.000	0.000	0.552	0.560	2.407	3.222	1.925	subject613b769da5ed2	7I
19897.000	20197.000	355.000	584.311	606.912	0.000	0.000	0.552	0.376	0.894	1.311	1.216	subject613b769da5ed2	7I
20293.000	21246.000	1011.000	413.235	699.909	0.000	0.000	0.552	1.030	28.653	15.682	3.877	subject613b769da5ed2	7I
21346.000	21485.000	189.000	144.421	726.613	0.000	0.000	0.552	0.190	0.045	0.201	0.189	subject613b769da5ed2	7I
21582.000	21667.000	127.000	150.715	712.116	0.000	0.000	0.552	0.142	0.026	0.170	0.155	subject613b769da5ed2	7I
21746.000	22684.000	990.000	336.683	665.612	0.000	0.000	0.552	0.601	9.546	9.609	1.525	subject613b769da5ed2	7I
22782.000	22931.000	203.000	426.427	653.417	0.000	0.000	0.552	0.182	0.078	0.409	0.183	subject613b769da5ed2	7I
23034.000	23385.000	401.000	549.276	668.236	0.000	0.000	0.552	0.546	1.660	3.574	0.693	subject613b769da5ed2	7I
23477.000	25901.000	2475.000	388.776	377.563	0.000	0.000	0.552	0.754	52.668	12.183	15.041	subject613b769da5ed2	7I
25996.000	26294.000	335.000	299.789	106.342	0.000	0.000	0.552	0.442	0.885	1.593	0.973	subject613b769da5ed2	7I
26385.000	26763.000	415.000	353.528	97.571	0.000	0.000	0.552	0.384	0.429	2.010	0.438	subject613b769da5ed2	7I
26851.000	28027.000	1213.000	268.188	183.617	0.000	0.000	0.552	1.088	50.375	3.161	19.877	subject613b769da5ed2	7I
28100.000	28869.000	806.000	357.544	604.256	0.000	0.000	0.552	0.507	3.824	3.569	2.908	subject613b769da5ed2	7I
28947.000	29313.000	405.000	331.962	559.229	0.000	0.000	0.552	0.297	0.226	0.481	0.555	subject613b769da5ed2	7I
29401.000	30301.000	936.000	308.540	435.305	0.000	0.000	0.552	0.905	17.560	1.948	14.386	subject613b769da5ed2	7I
30373.000	31141.000	804.000	298.935	312.312	0.000	0.000	0.552	0.816	27.030	5.223	9.733	subject613b769da5ed2	7I
31218.000	31847.000	684.000	198.792	278.715	0.000	0.000	0.552	0.594	5.896	5.797	3.244	subject613b769da5ed2	7I
31941.000	32113.000	208.000	361.897	315.777	0.000	0.000	0.552	0.467	0.578	0.874	1.070	subject613b769da5ed2	7I
32203.000	32501.000	341.000	311.980	334.935	0.000	0.000	0.552	0.446	0.750	1.837	0.886	subject613b769da5ed2	7I
32586.000	33578.000	1034.000	377.624	514.207	0.000	0.000	0.552	0.854	21.307	9.394	8.395	subject613b769da5ed2	7I
33668.000	33932.000	317.000	515.115	477.941	0.000	0.000	0.552	0.458	0.804	1.650	1.601	subject613b769da5ed2	7I
34024.000	34159.000	195.000	572.617	419.253	0.000	0.000	0.552	0.355	0.168	0.243	0.422	subject613b769da5ed2	7I
34261.000	34320.000	101.000	546.797	417.337	0.000	0.000	0.552	0.247	0.000	0.145	0.200	subject613b769da5ed2	7I
34401.000	36168.000	1817.000	252.644	465.516	0.000	0.000	0.552	0.745	13.074	10.914	2.741	subject613b769da5ed2	7I
36255.000	38901.000	2682.000	383.976	483.230	0.000	0.000	0.552	0.717	41.840	7.023	14.890	subject613b769da5ed2	7I
38977.000	40860.000	1924.000	386.539	410.749	0.000	0.000	0.552	0.913	50.235	9.269	9.131	subject613b769da5ed2	7I
40951.000	41984.000	1104.000	412.219	562.621	0.000	0.000	0.552	0.668	12.729	5.060	6.890	subject613b769da5ed2	7I
42188.000	43051.000	906.000	390.326	572.634	0.000	0.000	0.552	0.845	3.890	5.465	4.401	subject613b769da5ed2	7I
43131.000	43559.000	486.000	353.357	416.636	0.000	0.000	0.552	0.687	2.659	3.794	0.849	subject613b769da5ed2	7I
43660.000	43835.000	225.000	516.591	352.024	0.000	0.000	0.552	0.494	0.288	0.830	0.457	subject613b769da5ed2	7I
43928.000	44784.000	902.000	641.232	544.534	0.000	0.000	0.552	1.555	75.959	22.910	9.081	subject613b769da5ed2	7I
44885.000	45651.000	816.000	662.722	606.668	0.000	0.000	0.552	1.120	11.791	17.287	1.223	subject613b769da5ed2	7I
45741.000	46800.000	1102.000	649.411	708.076	0.000	0.000	0.552	1.201	68.080	21.799	5.268	subject613b769da5ed2	7I
46883.000	46976.000	134.000	1114.865	613.577	0.000	0.000	0.552	0.231	0.009	0.044	0.319	subject613b769da5ed2	7I
47068.000	47111.000	83.000	1123.390	598.660	0.000	0.000	0.552	0.081	0.000	0.057	0.057	subject613b769da5ed2	7I
47188.000	47266.000	129.000	1085.434	604.802	0.000	0.000	0.552	0.422	0.283	0.627	0.418	subject613b769da5ed2	7I
47354.000	49336.000	2024.000	403.377	609.744	0.000	0.000	0.552	1.281	129.619	28.149	7.908	subject613b769da5ed2	7I
49418.000	51382.000	2000.000	712.837	573.943	0.000	0.000	0.552	1.489	310.839	26.425	17.214	subject613b769da5ed2	7I
51468.000	52002.000	571.000	373.150	223.200	0.000	0.000	0.552	0.543	2.428	0.936	5.036	subject613b769da5ed2	7I
52083.000	52916.000	884.000	719.095	271.283	0.000	0.000	0.552	1.747	75.044	27.753	10.001	subject613b769da5ed2	7I
53011.000	54332.000	1369.000	498.395	545.136	0.000	0.000	0.552	1.152	24.622	25.220	7.406	subject613b769da5ed2	7I
1.000	928.000	973.000	222.911	68.336	0.000	0.000	0.566	1.255	36.855	13.820	14.020	subject613b769da5ed2	7S
1013.000	2236.000	1262.000	252.367	-140.620	0.000	0.000	0.566	1.299	72.401	7.880	18.923	subject613b769da5ed2	7S
2317.000	3139.000	874.000	250.871	126.176	0.000	0.000	0.566	0.977	19.880	4.759	14.199	subject613b769da5ed2	7S
3225.000	3608.000	420.000	408.619	-58.057	0.000	0.000	0.566	1.028	7.213	2.278	7.163	subject613b769da5ed2	7S
3691.000	4514.000	857.000	577.532	33.447	0.000	0.000	0.566	1.123	41.564	11.652	4.671	subject613b769da5ed2	7S
4591.000	4705.000	148.000	281.034	-27.880	0.000	0.000	0.566	0.365	0.122	0.771	0.267	subject613b769da5ed2	7S
4773.000	5036.000	299.000	325.494	-10.330	0.000	0.000	0.566	0.292	0.289	0.464	0.785	subject613b769da5ed2	7S
5107.000	5206.000	136.000	297.973	-12.282	0.000	0.000	0.566	0.265	0.121	0.271	0.353	subject613b769da5ed2	7S
5277.000	5807.000	580.000	486.873	-9.257	0.000	0.000	0.566	0.657	3.801	8.139	0.984	subject613b769da5ed2	7S
5907.000	6929.000	1061.000	481.793	-3.171	0.000	0.000	0.566	0.700	16.154	10.758	3.264	subject613b769da5ed2	7S
7007.000	7657.000	687.000	529.475	-5.672	0.000	0.000	0.566	0.779	5.643	8.558	1.634	subject613b769da5ed2	7S
7730.000	8173.000	482.000	424.789	30.115	0.000	0.000	0.566	0.873	6.133	8.311	1.210	subject613b769da5ed2	7S
8255.000	8293.000	86.000	372.342	57.910	0.000	0.000	0.566	0.369	0.000	0.063	0.363	subject613b769da5ed2	7S
8375.000	8506.000	182.000	398.848	30.486	0.000	0.000	0.566	0.368	0.174	0.633	0.211	subject613b769da5ed2	7S
8593.000	9387.000	848.000	383.486	15.287	0.000	0.000	0.566	0.628	6.549	5.758	2.140	subject613b769da5ed2	7S
9484.000	10692.000	1245.000	570.242	62.623	0.000	0.000	0.566	1.127	110.286	12.003	15.368	subject613b769da5ed2	7S
10767.000	11827.000	1095.000	466.810	466.823	0.000	0.000	0.566	1.466	168.792	20.657	11.493	subject613b769da5ed2	7S
11907.000	12022.000	168.000	88.883	96.598	0.000	0.000	0.566	0.992	0.777	0.737	2.064	subject613b769da5ed2	7S
12113.000	12517.000	440.000	360.060	251.490	0.000	0.000	0.566	1.795	15.558	12.126	9.349	subject613b769da5ed2	7S
12591.000	12669.000	116.000	614.182	543.786	0.000	0.000	0.566	0.468	0.243	0.695	0.425	subject613b769da5ed2	7S
12743.000	12816.000	112.000	606.386	565.835	0.000	0.000	0.566	0.677	0.026	0.620	0.406	subject613b769da5ed2	7S
12890.000	13424.000	569.000	712.241	541.863	0.000	0.000	0.566	0.569	2.956	2.933	1.368	subject613b769da5ed2	7S
47.000	5697.000	5701.000	310.186	153.054	0.000	0.000	0.554	1.439	330.659	31.198	20.482	subject613b769da5ed2	9I
5792.000	10599.000	4845.000	435.229	177.860	0.000	0.000	0.554	0.888	53.731	12.621	10.975	subject613b769da5ed2	9I
10674.000	10774.000	137.000	419.830	100.747	0.000	0.000	0.554	0.261	0.136	0.278	0.262	subject613b769da5ed2	9I
10862.000	11402.000	577.000	452.761	64.962	0.000	0.000	0.554	0.346	1.099	3.330	1.101	subject613b769da5ed2	9I
11475.000	11926.000	504.000	479.094	82.723	0.000	0.000	0.554	0.309	1.823	1.422	1.398	subject613b769da5ed2	9I
12022.000	12061.000	90.000	536.685	94.455	0.000	0.000	0.554	0.271	0.000	0.269	0.029	subject613b769da5ed2	9I
12162.000	12280.000	158.000	562.992	84.939	0.000	0.000	0.554	0.161	0.046	0.186	0.175	subject613b769da5ed2	9I
12357.000	13060.000	754.000	487.887	115.708	0.000	0.000	0.554	0.261	0.658	1.589	1.148	subject613b769da5ed2	9I
13152.000	13246.000	134.000	520.575	104.967	0.000	0.000	0.554	0.199	0.065	0.332	0.134	subject613b769da5ed2	9I
13324.000	13612.000	328.000	544.898	87.644	0.000	0.000	0.554	0.265	0.217	1.022	0.723	subject613b769da5ed2	9I
13689.000	14485.000	833.000	591.041	186.485	0.000	0.000	0.554	0.717	4.707	0.812	8.558	subject613b769da5ed2	9I
14555.000	15237.000	717.000	565.676	84.534	0.000	0.000	0.554	0.256	0.480	1.610	0.725	subject613b769da5ed2	9I
15308.000	15991.000	737.000	540.052	49.158	0.000	0.000	0.554	0.231	0.433	1.141	1.075	subject613b769da5ed2	9I
16095.000	16228.000	172.000	588.056	72.932	0.000	0.000	0.554	0.156	0.028	0.234	0.108	subject613b769da5ed2	9I
16312.000	17228.000	983.000	574.739	89.432	0.000	0.000	0.554	0.269	1.694	2.511	0.970	subject613b769da5ed2	9I
17338.000	17429.000	132.000	624.773	45.360	0.000	0.000	0.554	0.328	0.179	0.216	0.404	subject613b769da5ed2	9I
17508.000	18711.000	1246.000	659.706	497.919	0.000	0.000	0.554	1.199	145.984	17.156	17.167	subject613b769da5ed2	9I
18795.000	19751.000	1016.000	734.239	648.893	0.000	0.000	0.554	1.079	12.386	19.881	0.842	subject613b769da5ed2	9I
19849.000	21642.000	1846.000	1042.502	644.885	0.000	0.000	0.554	0.833	38.694	22.745	3.016	subject613b769da5ed2	9I
21738.000	22217.000	518.000	751.712	629.142	0.000	0.000	0.554	3.208	40.424	26.195	15.137	subject613b769da5ed2	9I
1.000	2991.000	3029.000	224.188	237.365	0.000	0.000	0.513	2.259	307.165	35.199	23.026	subject613b769da5ed2	9S
3067.000	3498.000	470.000	277.399	268.543	0.000	0.000	0.513	0.792	1.647	7.325	0.326	subject613b769da5ed2	9S
3575.000	3797.000	261.000	464.974	243.315	0.000	0.000	0.513	0.350	0.532	1.194	0.646	subject613b769da5ed2	9S
3877.000	4058.000	232.000	573.031	254.211	0.000	0.000	0.513	0.551	1.268	1.102	1.090	subject613b769da5ed2	9S
4149.000	4469.000	359.000	389.625	130.197	0.000	0.000	0.513	1.263	10.244	8.678	1.621	subject613b769da5ed2	9S
4557.000	4714.000	191.000	166.780	159.166	0.000	0.000	0.513	0.501	0.470	0.957	0.472	subject613b769da5ed2	9S
4784.000	5015.000	271.000	278.915	131.074	0.000	0.000	0.513	0.428	1.145	1.877	1.099	subject613b769da5ed2	9S
5108.000	6559.000	1494.000	456.949	32.430	0.000	0.000	0.513	1.309	120.314	19.413	8.271	subject613b769da5ed2	9S
6639.000	9988.000	3386.000	374.592	41.004	0.000	0.000	0.513	1.128	43.015	19.656	6.480	subject613b769da5ed2	9S
10092.000	10848.000	800.000	472.127	59.000	0.000	0.000	0.513	1.492	21.405	24.028	2.748	subject613b769da5ed2	9S
10931.000	13184.000	2293.000	418.996	102.608	0.000	0.000	0.513	1.298	55.474	27.857	3.612	subject613b769da5ed2	9S
13274.000	16601.000	3366.000	571.559	581.517	0.000	0.000	0.513	1.645	587.381	36.526	24.845	subject613b769da5ed2	9S
16692.000	17475.000	825.000	1103.272	649.449	0.000	0.000	0.513	0.610	3.638	4.380	1.586	subject613b769da5ed2	9S
