FixStart	FixEnd	FixDur	XPos	YPos	FlankedByDataLoss	Fraction Interpolated	WeightCutoff	RMSxy	BCEA	FixRangeX	FixRangeY	Participant	Trial
1.000	106159.000	106230.000	553.455	1058.763	0.000	0.000	0.850	1.964	334.006	44.636	38.638	subject612e4c6c9e41d	10I
68.000	45341.000	45332.000	258.775	416.407	0.000	0.000	0.818	2.463	317.571	49.648	31.755	subject612e4c6c9e41d	10S
1.000	80594.000	80668.000	821.153	730.792	0.000	0.000	0.829	1.511	252.489	30.825	26.568	subject612e4c6c9e41d	12I
73.000	45064.000	45063.000	543.558	256.161	0.000	0.000	0.808	2.274	555.695	39.022	33.336	subject612e4c6c9e41d	12S
76.000	167416.000	167424.000	646.691	795.201	0.000	0.000	0.831	1.449	432.321	51.082	44.585	subject612e4c6c9e41d	13I
90.000	37744.000	37718.000	698.385	653.067	0.000	0.000	0.813	2.342	489.588	39.096	37.951	subject612e4c6c9e41d	13S
158824.000	159446.000	705.000	1154.177	80.373	0.000	0.000	0.635	0.735	2.661	2.766	1.474	subject612e4c6c9e41d	1V
159595.000	160243.000	729.000	975.755	27.641	0.000	0.000	0.635	0.527	3.857	2.628	2.502	subject612e4c6c9e41d	1V
139901.000	140585.000	756.000	51.882	730.532	0.000	0.000	0.635	0.649	4.115	3.687	1.329	subject612e4c6c9e41d	1V
140740.000	141431.000	740.000	75.950	803.356	0.000	0.000	0.635	0.435	0.650	0.959	2.144	subject612e4c6c9e41d	1V
143062.000	143696.000	719.000	392.227	97.051	0.000	0.000	0.635	0.423	0.130	2.133	1.534	subject612e4c6c9e41d	1V
143855.000	144475.000	691.000	295.014	10.585	0.000	0.000	0.635	0.905	6.965	5.631	3.519	subject612e4c6c9e41d	1V
146148.000	147705.000	1636.000	1157.712	412.293	0.000	0.000	0.635	0.604	5.958	3.696	3.015	subject612e4c6c9e41d	1V
149356.000	149850.000	577.000	672.487	511.244	0.000	0.000	0.635	0.216	0.207	1.004	0.199	subject612e4c6c9e41d	1V
150030.000	150846.000	893.000	727.123	455.006	0.000	0.000	0.635	0.601	5.003	3.904	2.693	subject612e4c6c9e41d	1V
152520.000	153097.000	646.000	141.980	394.713	0.000	0.000	0.635	0.702	4.270	1.167	3.914	subject612e4c6c9e41d	1V
153241.000	154025.000	858.000	238.656	447.155	0.000	0.000	0.635	0.570	1.056	3.202	0.868	subject612e4c6c9e41d	1V
155667.000	157170.000	1568.000	1015.832	753.903	0.000	0.000	0.635	0.304	1.587	2.689	1.464	subject612e4c6c9e41d	1V
68.000	320435.000	320430.000	470.994	663.447	0.000	0.000	0.843	1.618	365.693	53.007	37.315	subject612e4c6c9e41d	2I
430559.000	450864.000	20385.000	749.474	472.188	0.000	0.000	0.672	4.476	805.278	32.144	28.869	subject612e4c6c9e41d	2V
915927.000	916488.000	628.000	367.634	820.475	0.000	0.000	0.612	0.391	1.326	1.163	1.763	subject612e4c6c9e41d	3V
916619.000	917262.000	717.000	303.662	832.853	0.000	0.000	0.612	0.353	1.081	1.959	1.526	subject612e4c6c9e41d	3V
918918.000	919616.000	770.000	752.887	491.404	0.000	0.000	0.612	0.587	4.238	2.627	4.604	subject612e4c6c9e41d	3V
919755.000	920350.000	674.000	831.888	473.661	0.000	0.000	0.612	0.471	1.903	0.968	2.471	subject612e4c6c9e41d	3V
921998.000	923464.000	1540.000	1040.833	820.472	0.000	0.000	0.612	0.293	1.568	1.618	2.389	subject612e4c6c9e41d	3V
925110.000	926577.000	1561.000	1104.412	467.085	0.000	0.000	0.612	0.287	2.721	2.657	3.643	subject612e4c6c9e41d	3V
928259.000	928874.000	700.000	252.575	76.618	0.000	0.000	0.612	0.527	1.319	2.749	0.828	subject612e4c6c9e41d	3V
929044.000	929730.000	749.000	275.254	111.366	0.000	0.000	0.612	0.200	0.069	1.171	0.307	subject612e4c6c9e41d	3V
931368.000	932039.000	751.000	1194.240	148.478	0.000	0.000	0.612	1.527	8.720	5.046	9.987	subject612e4c6c9e41d	3V
932210.000	932879.000	744.000	1127.457	94.887	0.000	0.000	0.612	0.648	0.914	3.833	1.847	subject612e4c6c9e41d	3V
934536.000	936022.000	1573.000	256.059	344.817	0.000	0.000	0.612	0.466	3.180	3.254	1.296	subject612e4c6c9e41d	3V
85.000	212194.000	212179.000	513.349	464.427	0.000	0.000	0.838	1.582	474.583	37.173	66.521	subject612e4c6c9e41d	4I
1300302.000	1301673.000	1449.000	702.553	477.593	0.000	0.000	0.663	0.480	3.066	4.001	1.073	subject612e4c6c9e41d	4V
1303334.000	1304009.000	749.000	266.903	466.768	0.000	0.000	0.663	0.468	1.601	2.493	1.097	subject612e4c6c9e41d	4V
1304149.000	1304728.000	680.000	214.003	450.461	0.000	0.000	0.663	0.335	0.989	1.041	1.075	subject612e4c6c9e41d	4V
1306417.000	1306958.000	615.000	257.282	741.413	0.000	0.000	0.663	1.354	1.545	4.589	1.022	subject612e4c6c9e41d	4V
1307120.000	1307204.000	153.000	535.217	795.082	0.000	0.000	0.663	2.097	0.000	2.055	0.420	subject612e4c6c9e41d	4V
1307333.000	1307883.000	633.000	687.274	811.392	0.000	0.000	0.663	1.861	5.616	9.396	2.605	subject612e4c6c9e41d	4V
1309549.000	1310208.000	738.000	1087.923	461.098	0.000	0.000	0.663	1.021	6.413	5.759	1.861	subject612e4c6c9e41d	4V
1310361.000	1310949.000	657.000	1007.574	547.131	0.000	0.000	0.663	0.528	1.348	1.872	1.282	subject612e4c6c9e41d	4V
1312585.000	1313204.000	704.000	259.449	113.327	0.000	0.000	0.663	0.594	1.389	3.106	0.685	subject612e4c6c9e41d	4V
1313357.000	1314114.000	819.000	205.541	57.463	0.000	0.000	0.663	0.246	0.281	1.232	0.944	subject612e4c6c9e41d	4V
1315720.000	1316521.000	878.000	1147.229	862.522	0.000	0.000	0.663	0.617	2.849	2.961	3.663	subject612e4c6c9e41d	4V
1316660.000	1317110.000	502.000	1203.723	905.232	0.000	0.000	0.663	0.472	1.013	0.882	1.474	subject612e4c6c9e41d	4V
1318725.000	1319291.000	674.000	1094.772	88.933	0.000	0.000	0.663	1.185	0.294	4.211	0.829	subject612e4c6c9e41d	4V
1319506.000	1319506.000	120.000	1061.278	82.551	0.000	0.000	0.663	NaN	NaN	0.000	0.000	subject612e4c6c9e41d	4V
1319706.000	1320208.000	574.000	1041.596	52.713	0.000	0.000	0.663	0.891	0.735	2.741	2.321	subject612e4c6c9e41d	4V
64.000	30547.000	30549.000	459.897	417.830	0.000	0.000	0.800	2.553	390.375	39.818	29.514	subject612e4c6c9e41d	5S
1668805.000	1688770.000	20043.000	704.408	421.686	0.000	0.000	0.672	5.063	686.273	27.960	24.478	subject612e4c6c9e41d	5V
58.000	42920.000	42947.000	511.388	734.695	0.000	0.000	0.852	2.378	392.201	43.244	33.144	subject612e4c6c9e41d	6S
75.000	36381.000	36379.000	540.868	413.463	0.000	0.000	0.837	1.670	223.851	42.852	23.206	subject612e4c6c9e41d	8I
83.000	40585.000	40582.000	302.212	392.003	0.000	0.000	0.836	1.994	444.037	38.294	40.246	subject612e4c6c9e41d	9S
