time	x	y
1	338.9838337182448	120.8773448773449
76	522.5866050808314	229.3910533910534
145	448.6836027713626	362.1471861471861
193	263.92609699769054	372.5367965367965
250	811.270207852194	509.9105339105339
312	1051.4549653579677	627.6594516594516
370	1243.1408775981522	590.7186147186147
429	1178.475750577367	774.2683982683983
491	427.89838337182454	265.1774891774892
583	352.84064665127016	513.3737373737373
626	310.1154734411086	461.4256854256854
662	381.7090069284065	563.012987012987
710	177.32101616628177	192.45021645021646
745	7.575057736720557	250.17027417027418
776	7.575057736720557	250.17027417027418
810	-54.78060046189376	93.17171717171718
843	93.02540415704388	150.8917748917749
877	171.5473441108545	33.142857142857146
910	171.5473441108545	33.142857142857146
943	119.58429561200924	208.6118326118326
977	119.58429561200924	208.6118326118326
1002	218.89145496535798	13.518037518037518
1036	250.0692840646651	66.62049062049063
1062	131.13163972286372	156.66378066378067
1098	164.6189376443418	92.01731601731603
1144	156.53579676674366	50.45887445887446
1177	221.20092378752886	172.82539682539684
1212	226.97459584295612	190.14141414141415
1248	64.15704387990763	153.20057720057721
1280	64.15704387990763	153.20057720057721
1318	72.24018475750577	-7.26118326118326
1376	138.06004618937646	117.41414141414141
1423	38.75288683602772	19.29004329004329
1454	51.454965357967666	-17.650793650793652
1494	109.19168591224019	237.47186147186147
1528	47.99076212471132	124.34054834054835
1565	86.09699769053118	104.71572871572872
1597	108.03695150115473	70.08369408369408
1633	74.54965357967667	162.43578643578644
1663	104.57274826789839	62.002886002886
1700	158.84526558891454	-13.033189033189032
1734	96.48960739030022	142.81096681096682
1768	238.52193995381063	170.51659451659452
1797	265.08083140877596	187.83261183261183
1833	200.4157043879908	199.3766233766234
1863	200.4157043879908	199.3766233766234
1895	200.4157043879908	199.3766233766234
1928	253.53348729792145	279.03030303030306
1961	263.92609699769054	406.01443001443
1999	253.53348729792145	393.3160173160173
2031	38.75288683602772	422.17604617604616
2067	165.77367205542726	315.97113997113996
2098	6.420323325635107	259.4054834054834
2130	-5.127020785219397	242.0894660894661
2166	-47.85219399538106	490.2857142857143
2200	83.78752886836028	479.8961038961039
2233	75.70438799076213	575.7113997113997
2267	0.6466512702078548	550.3145743145743
2306	-68.63741339491916	496.05772005772
2339	-18.983833718244803	500.6753246753247
2382	16.81293302540416	432.5656565656566
2416	-38.61431870669746	595.3362193362194
2451	173.8568129330254	544.5425685425686
2489	342.4480369515012	910.4877344877344
2529	396.72055427251735	940.5021645021644
2564	437.1362586605081	710.7763347763348
2598	417.50577367205545	741.945165945166
2625	344.75750577367205	840.0692640692641
2654	327.4364896073903	813.5180375180375
2683	241.986143187067	663.4458874458875
2712	260.4618937644342	850.4588744588744
2745	260.4618937644342	823.9076479076479
2773	179.63048498845265	731.5555555555557
2800	262.7713625866051	732.7099567099568
2828	111.50115473441109	654.2106782106782
2855	111.50115473441109	654.2106782106782
2885	337.82909930715937	801.9740259740261
2915	284.71131639722864	892.017316017316
2946	250.0692840646651	663.4458874458875
2979	333.21016166281754	725.7835497835498
3012	351.68591224018473	665.7546897546898
3046	296.25866050808315	831.988455988456
3084	296.25866050808315	831.988455988456
3118	250.0692840646651	819.2900432900434
3150	94.18013856812934	735.018759018759
3182	466.00461893764435	634.5858585858587
3227	378.2448036951501	681.916305916306
3280	523.7413394919168	950.891774891775
3339	452.147806004619	920.877344877345
3398	462.54041570438795	843.5324675324675
3452	283.5565819861432	676.1443001443002
3513	252.37875288683603	574.5569985569986
3563	252.37875288683603	574.5569985569986
3599	228.12933025404158	685.3795093795094
3637	228.12933025404158	685.3795093795094
3669	79.16859122401848	522.6089466089466
3707	191.17782909930716	672.6810966810967
3753	266.2355658198614	602.2626262626263
3814	266.2355658198614	602.2626262626263
3863	232.74826789838338	544.5425685425686
3900	441.7551963048499	955.5093795093794
3934	483.3256351039261	964.7445887445889
3969	441.7551963048499	812.3636363636365
4002	365.54272517321016	653.056277056277
4034	341.2933025404157	714.2395382395382
4068	423.27944572748265	629.968253968254
4100	450.99307159353344	730.4011544011544
4135	423.27944572748265	732.7099567099568
4175	423.27944572748265	732.7099567099568
4214	185.4041570438799	556.08658008658
4248	370.161662817552	846.995670995671
4287	319.3533487297922	680.7619047619048
4331	228.12933025404158	755.7979797979798
4365	190.0230946882217	773.1139971139971
4405	190.0230946882217	773.1139971139971
4439	311.270207852194	741.945165945166
4476	245.4503464203233	619.5786435786437
4514	236.21247113163975	595.3362193362194
4549	241.986143187067	669.2178932178932
4588	258.1524249422633	653.056277056277
4640	360.9237875288684	602.2626262626263
4698	355.15011547344113	703.8499278499279
4739	238.52193995381063	609.1890331890332
4781	315.8891454965358	636.894660894661
4817	315.8891454965358	636.894660894661
4851	385.17321016166284	701.5411255411256
4886	333.21016166281754	733.8643578643579
4931	117.27482678983834	453.3448773448773
4969	171.5473441108545	408.32323232323233
5015	132.2863741339492	490.2857142857143
5053	86.09699769053118	560.7041847041847
5093	166.92840646651268	586.10101010101
5146	217.73672055427252	659.9826839826841
5200	217.73672055427252	659.9826839826841
5254	243.14087759815243	544.5425685425686
5312	545.6812933025404	571.093795093795
5369	414.04157043879906	635.7402597402598
5432	541.0623556581986	674.9898989898991
5487	547.9907621247113	666.909090909091
5533	320.5080831408776	917.4141414141415
5570	431.3625866050808	662.2914862914864
5603	363.23325635103924	581.4834054834055
5632	485.635103926097	532.998556998557
5665	476.3972286374134	576.8658008658009
5699	392.1016166281755	557.2409812409812
5732	397.8752886836028	597.6450216450216
5765	253.53348729792145	565.3217893217893
5799	253.53348729792145	565.3217893217893
5832	374.78060046189375	706.1587301587302
5865	282.4018475750578	643.8210678210678
5899	282.4018475750578	643.8210678210678
5932	270.8545034642033	579.1746031746031
5967	270.8545034642033	579.1746031746031
6004	158.84526558891454	605.7258297258298
6035	73.39491916859123	722.3203463203464
6066	26.05080831408776	539.9249639249639
6096	132.2863741339492	423.3304473304473
6124	124.20323325635104	556.08658008658
6154	124.20323325635104	556.08658008658
6188	95.33487297921478	468.3520923520923
6233	161.15473441108546	472.96969696969694
6268	146.1431870669746	417.55844155844153
6305	136.90531177829098	438.3376623376623
6341	132.2863741339492	470.6608946608946
6375	300.8775981524249	608.0346320346321
6406	300.8775981524249	608.0346320346321
6433	394.41108545034643	619.5786435786437
6466	353.99538106235565	444.1096681096681
6500	335.51963048498845	447.5728715728716
6545	524.8960739030023	583.7922077922077
6593	455.6120092378753	509.9105339105339
6641	455.6120092378753	509.9105339105339
6688	405.95842956120094	491.4401154401154
6725	481.0161662817552	476.4329004329004
6760	347.06697459584296	476.4329004329004
6787	347.06697459584296	476.4329004329004
6817	347.06697459584296	476.4329004329004
6867	230.4387990762125	434.8744588744588
6929	344.75750577367205	549.1601731601731
6988	288.175519630485	559.5497835497836
7032	342.4480369515012	440.6464646464646
7073	203.8799076212471	520.3001443001443
7111	203.8799076212471	520.3001443001443
7163	315.8891454965358	429.1024531024531
7213	493.71824480369514	639.2034632034632
7246	425.58891454965357	628.8138528138528
7284	457.9214780600462	516.8369408369408
7317	460.2309468822171	591.8730158730159
7358	450.99307159353344	545.6969696969697
7407	352.84064665127016	517.991341991342
7453	487.9445727482679	424.48484848484844
7486	343.6027713625866	384.0808080808081
7523	392.1016166281755	371.3823953823954
7557	340.1385681293302	414.095238095238
7637	344.75750577367205	453.3448773448773
7667	344.75750577367205	453.3448773448773
7701	154.22632794457274	530.6897546897547
7734	225.81986143187066	360.992784992785
7768	254.68822170900697	402.55122655122653
7801	193.48729792147807	501.82972582972576
7834	162.3094688221709	438.3376623376623
7868	215.4272517321016	423.3304473304473
7901	220.0461893764434	423.3304473304473
7934	75.70438799076213	538.7705627705627
7968	13.34872979214781	579.1746031746031
8007	13.34872979214781	579.1746031746031
8039	207.34411085450347	462.5800865800866
8074	246.60508083140877	494.9033189033189
8111	90.715935334873	395.62481962481957
8151	4.110854503464206	479.8961038961039
8185	117.27482678983834	415.2496392496392
8218	210.8083140877598	365.6103896103896
8252	143.8337182448037	462.5800865800866
8285	293.9491916859123	538.7705627705627
8326	252.37875288683603	642.6666666666666
8376	240.83140877598152	434.8744588744588
8407	101.10854503464203	676.1443001443002
8452	117.27482678983834	521.4545454545454
8502	158.84526558891454	550.3145743145743
8535	173.8568129330254	445.26406926406924
8568	194.64203233256353	535.3073593073593
8606	194.64203233256353	535.3073593073593
8637	530.6697459584295	387.5440115440115
8672	460.2309468822171	472.96969696969694
8703	408.26789838337186	586.10101010101
8735	429.05311778290996	625.3506493506494
8769	449.838337182448	501.82972582972576
8808	355.15011547344113	606.8802308802309
8852	355.15011547344113	606.8802308802309
8886	263.92609699769054	648.4386724386725
8919	283.5565819861432	676.1443001443002
8958	523.7413394919168	451.036075036075
9002	329.7459584295612	491.4401154401154
9036	303.18706697459584	448.72727272727275
9069	299.7228637413395	545.6969696969697
9103	299.7228637413395	545.6969696969697
9140	422.1247113163972	442.95526695526695
9170	422.1247113163972	442.95526695526695
9207	392.1016166281755	580.3290043290043
9236	434.82678983833716	553.7777777777777
9269	434.82678983833716	553.7777777777777
9303	292.79445727482675	404.8600288600288
9336	292.79445727482675	404.8600288600288
9369	211.96304849884527	717.7027417027418
9408	295.1039260969977	693.4603174603175
9440	308.9607390300231	584.9466089466089
9474	381.7090069284065	441.8008658008658
9507	388.6374133949192	481.05050505050497
9538	453.3025404157044	582.6378066378065
9570	442.90993071593533	626.5050505050506
9603	415.1963048498845	797.3564213564214
9647	452.147806004619	782.3492063492064
9704	232.74826789838338	603.4170274170275
9768	205.03464203233256	710.7763347763348
9826	88.40646651270208	588.4098124098124
9887	185.4041570438799	650.7474747474748
9951	148.4526558891455	419.8672438672438
10012	270.8545034642033	553.7777777777777
10071	233.90300230946883	396.77922077922074
10133	146.1431870669746	537.6161616161615
10193	136.90531177829098	441.8008658008658
10254	73.39491916859123	655.3650793650794
10313	129.9769053117783	566.4761904761905
10374	120.73903002309468	444.1096681096681
10431	192.3325635103926	613.8066378066378
10488	196.95150115473442	530.6897546897547
10548	205.03464203233256	612.6522366522366
10604	240.83140877598152	678.4531024531025
10661	336.6743648960739	557.2409812409812
10715	280.0923787528868	584.9466089466089
10754	327.4364896073903	558.3953823953824
10788	230.4387990762125	617.2698412698413
10823	245.4503464203233	573.4025974025974
10859	276.6281755196305	580.3290043290043
10895	276.6281755196305	580.3290043290043
10938	350.5311778290993	512.2193362193361
10982	405.95842956120094	471.81529581529577
11040	344.75750577367205	707.3131313131314
11105	208.49884526558893	756.952380952381
11161	215.4272517321016	711.930735930736
11209	269.6997690531178	635.7402597402598
11239	237.36720554272517	713.0851370851371
11272	222.35565819861432	669.2178932178932
11305	222.35565819861432	669.2178932178932
11338	123.04849884526558	511.064935064935
11372	123.04849884526558	511.064935064935
11405	149.60739030023095	775.4227994227995
11438	251.2240184757506	798.5108225108225
11472	135.75057736720555	649.5930735930737
11505	209.65357967667435	816.9812409812411
11539	170.39260969976905	730.4011544011544
11572	170.39260969976905	730.4011544011544
11610	120.73903002309468	566.4761904761905
11646	226.97459584295612	699.2323232323232
11689	226.97459584295612	699.2323232323232
11724	345.91224018475754	715.3939393939394
11772	170.39260969976905	551.4689754689755
11808	165.77367205542726	491.4401154401154
11856	156.53579676674366	519.1457431457432
11893	-47.85219399538106	590.7186147186147
11928	-74.41108545034642	588.4098124098124
11962	217.73672055427252	511.064935064935
11997	150.7621247113164	593.0274170274171
12039	150.7621247113164	593.0274170274171
12080	194.64203233256353	750.025974025974
12118	194.64203233256353	750.025974025974
12156	96.48960739030022	605.7258297258298
12192	106.88221709006929	557.2409812409812
12222	106.88221709006929	557.2409812409812
12256	126.51270207852194	587.2554112554112
12294	101.10854503464203	581.4834054834055
12357	193.48729792147807	736.1731601731602
12411	250.0692840646651	571.093795093795
12456	364.3879907621247	775.4227994227995
12492	215.4272517321016	776.5772005772006
12523	222.35565819861432	793.893217893218
12556	228.12933025404158	602.2626262626263
12590	195.79676674364896	560.7041847041847
12629	420.9699769053118	612.6522366522366
12666	470.6235565819861	620.7330447330448
12712	467.15935334872984	610.3434343434344
12742	333.21016166281754	595.3362193362194
12773	349.3764434180139	569.9393939393939
12807	211.96304849884527	687.6883116883117
12843	198.10623556581984	636.894660894661
12875	188.86836027713628	638.0490620490621
12901	188.86836027713628	638.0490620490621
12933	385.17321016166284	709.6219336219336
12969	196.95150115473442	646.1298701298701
12998	202.72517321016167	605.7258297258298
13040	177.32101616628177	658.8282828282829
13073	177.32101616628177	658.8282828282829
13107	220.0461893764434	614.961038961039
13143	260.4618937644342	701.5411255411256
13176	260.4618937644342	701.5411255411256
13207	265.08083140877596	723.4747474747476
13240	248.91454965357968	694.6147186147186
13274	192.3325635103926	542.2337662337662
13307	200.4157043879908	616.1154401154402
13341	313.57967667436486	649.5930735930737
13374	290.4849884526559	591.8730158730159
13406	241.986143187067	621.8874458874459
13439	241.986143187067	621.8874458874459
13472	285.86605080831407	599.953823953824
13498	382.8637413394919	621.8874458874459
13530	382.8637413394919	621.8874458874459
13557	382.8637413394919	621.8874458874459
13591	408.26789838337186	563.012987012987
13626	534.1339491916859	515.6825396825398
13657	475.24249422632795	544.5425685425686
13691	385.17321016166284	804.2828282828284
13724	365.54272517321016	735.018759018759
13758	517.9676674364896	765.033189033189
13796	466.00461893764435	804.2828282828284
13842	470.6235565819861	640.3578643578644
13881	431.3625866050808	686.5339105339106
13924	447.52886836027716	707.3131313131314
13961	299.7228637413395	647.2842712842713
13998	315.8891454965358	614.961038961039
14035	378.2448036951501	614.961038961039
14073	389.7921478060046	444.1096681096681
14110	256.99769053117785	731.5555555555557
14148	256.99769053117785	731.5555555555557
14183	211.96304849884527	530.6897546897547
14223	211.96304849884527	530.6897546897547
14257	149.60739030023095	429.1024531024531
14302	209.65357967667435	582.6378066378065
14330	154.22632794457274	602.2626262626263
14361	350.5311778290993	279.03030303030306
14427	208.49884526558893	550.3145743145743
14461	229.284064665127	550.3145743145743
14500	332.0554272517321	658.8282828282829
14530	388.6374133949192	512.2193362193361
14562	287.02078521939956	538.7705627705627
14587	270.8545034642033	359.8383838383838
14617	213.11778290993072	407.16883116883116
14648	239.67667436489606	171.6709956709957
14683	236.21247113163975	312.5079365079365
14711	275.47344110854505	183.21500721500723
14743	481.0161662817552	195.91341991341992
14775	353.99538106235565	358.68398268398266
14810	355.15011547344113	387.5440115440115
14834	556.0739030023095	371.3823953823954
14870	491.4087759815243	501.82972582972576
14895	410.5773672055427	618.4242424242425
14925	463.69515011547344	608.0346320346321
14959	507.5750577367205	175.13419913419915
14996	554.919168591224	290.5743145743146
15039	566.4665127020785	-74.2164502164502
15080	612.6558891454965	321.7431457431457
15115	604.5727482678983	6.591630591630593
15147	649.6073903002308	10.054834054834055
15180	659.9999999999999	245.55266955266956
15214	463.69515011547344	28.525252525252526
15247	521.431870669746	95.48051948051949
15276	560.6928406466512	44.686868686868685
15307	723.5103926096997	392.16161616161617
15336	671.5473441108545	78.16450216450217
15365	543.3718244803695	264.02308802308806
15402	636.9053117782909	373.69119769119766
15444	657.690531177829	208.6118326118326
15479	538.7528868360278	246.7070707070707
15510	437.1362586605081	15.826839826839828
15544	542.217090069284	178.5974025974026
15591	537.5981524249422	239.7806637806638
15628	560.6928406466512	314.8167388167388
15666	531.8244803695151	459.1168831168831
15701	420.9699769053118	234.008658008658
15743	325.1270207852194	179.75180375180375
15781	452.147806004619	392.16161616161617
15815	394.41108545034643	350.6031746031746
15848	312.42494226327943	235.1630591630592
15883	337.82909930715937	225.92784992784996
15910	337.82909930715937	225.92784992784996
15960	355.15011547344113	614.961038961039
16010	472.93302540415704	515.6825396825398
16050	344.75750577367205	631.1226551226551
16110	590.7159353348729	566.4761904761905
16158	575.7043879907621	542.2337662337662
16199	439.44572748267893	531.8441558441558
16244	511.03926096997685	639.2034632034632
16278	327.4364896073903	638.0490620490621
16310	373.6258660508083	725.7835497835498
16347	479.8614318706698	521.4545454545454
16397	263.92609699769054	603.4170274170275
16433	263.92609699769054	603.4170274170275
16468	207.34411085450347	511.064935064935
16511	181.93995381062356	410.6320346320346
16544	181.93995381062356	410.6320346320346
16577	258.1524249422633	659.9826839826841
16611	200.4157043879908	602.2626262626263
16646	166.92840646651268	463.73448773448774
16694	215.4272517321016	523.7633477633477
16729	214.27251732101618	439.4920634920635
16765	616.1200923787528	602.2626262626263
16800	579.1685912240184	573.4025974025974
16833	430.2078521939954	602.2626262626263
16864	442.90993071593533	653.056277056277
16894	289.3302540415704	574.5569985569986
16928	419.8152424942263	523.7633477633477
16963	322.8175519630485	587.2554112554112
17001	221.20092378752886	619.5786435786437
17032	538.7528868360278	706.1587301587302
17067	508.729792147806	575.7113997113997
17098	499.4919168591224	551.4689754689755
17128	439.44572748267893	487.97691197691194
17161	400.18475750577363	608.0346320346321
17195	344.75750577367205	414.095238095238
17228	344.75750577367205	414.095238095238
17261	393.256351039261	448.72727272727275
17295	481.0161662817552	491.4401154401154
17328	439.44572748267893	433.72005772005775
17362	455.6120092378753	565.3217893217893
17395	410.5773672055427	551.4689754689755
17436	485.635103926097	557.2409812409812
17482	447.52886836027716	259.4054834054834
17519	447.52886836027716	259.4054834054834
17550	594.1801385681292	266.33189033189035
17578	568.7759815242495	403.7056277056277
17612	545.6812933025404	401.39682539682536
17645	545.6812933025404	401.39682539682536
17678	526.0508083140878	583.7922077922077
17712	633.4411085450346	569.9393939393939
17745	596.4896073903002	565.3217893217893
17780	614.9653579676674	536.4617604617604
17817	587.2517321016167	522.6089466089466
17848	550.3002309468822	333.2871572871573
17879	583.7875288683603	381.77200577200574
17913	545.6812933025404	543.3881673881674
17946	494.8729792147806	647.2842712842713
17979	568.7759815242495	305.5815295815296
18014	487.9445727482679	482.2049062049062
18046	609.1916859122401	609.1890331890332
18077	462.54041570438795	731.5555555555557
18105	474.08775981524246	599.953823953824
18131	462.54041570438795	731.5555555555557
18162	410.5773672055427	370.2279942279942
18191	501.8013856812933	501.82972582972576
18229	576.8591224018476	479.8961038961039
18271	605.7274826789838	498.36652236652236
18330	644.9884526558891	289.4199134199134
18366	623.0484988452655	321.7431457431457
18401	521.431870669746	446.4184704184704
18440	532.9792147806005	569.9393939393939
18479	566.4665127020785	508.75613275613273
18515	520.2771362586604	528.3809523809523
18549	452.147806004619	720.0115440115441
18585	617.2748267898382	245.55266955266956
18615	617.2748267898382	245.55266955266956
18652	643.8337182448037	534.1529581529581
18683	545.6812933025404	641.5122655122656
18717	599.9538106235566	693.4603174603175
18748	605.7274826789838	483.35930735930737
18797	646.1431870669745	549.1601731601731
18850	646.1431870669745	549.1601731601731
18883	539.9076212471131	662.2914862914864
18916	619.5842956120092	628.8138528138528
18948	812.4249422632795	534.1529581529581
18986	634.59584295612	524.9177489177489
19019	634.59584295612	524.9177489177489
19050	681.9399538106235	659.9826839826841
19084	680.785219399538	606.8802308802309
19116	536.4434180138569	163.5901875901876
19152	541.0623556581986	325.20634920634916
19182	226.97459584295612	257.0966810966811
19215	255.8429561200924	269.7950937950938
19252	313.57967667436486	237.47186147186147
19286	273.16397228637413	384.0808080808081
19319	250.0692840646651	195.91341991341992
19358	374.78060046189375	251.32467532467535
19390	374.78060046189375	251.32467532467535
19428	350.5311778290993	170.51659451659452
19463	338.9838337182448	125.49494949494951
19501	202.72517321016167	279.03030303030306
19541	228.12933025404158	340.2135642135642
19570	305.4965357967667	300.9639249639249
19605	277.7829099307159	249.01587301587304
19664	313.57967667436486	142.81096681096682
19719	293.9491916859123	243.24386724386727
19754	282.4018475750578	266.33189033189035
19788	404.8036951501155	310.19913419913416
19820	203.8799076212471	386.38961038961037
19857	290.4849884526559	319.4343434343434
19885	403.64896073903003	103.56132756132756
19918	378.2448036951501	89.70851370851372
19981	237.36720554272517	48.15007215007215
20031	322.8175519630485	113.95093795093796
20068	416.35103926097	277.8759018759019
20117	396.72055427251735	317.1255411255411
20158	401.3394919168591	322.8975468975469
20189	366.69745958429564	209.76623376623377
20215	408.26789838337186	162.43578643578644
20248	479.8614318706698	276.7215007215008
20279	489.0993071593534	315.97113997113996
20307	560.6928406466512	216.69264069264068
20342	560.6928406466512	216.69264069264068
20385	493.71824480369514	171.6709956709957
20418	479.8614318706698	209.76623376623377
20449	520.2771362586604	170.51659451659452
20484	491.4087759815243	160.12698412698413
20515	549.1454965357968	175.13419913419915
20550	460.2309468822171	246.7070707070707
20583	438.2909930715935	225.92784992784996
20614	508.729792147806	145.11976911976913
20644	474.08775981524246	162.43578643578644
20670	431.3625866050808	215.53823953823957
20704	446.3741339491917	192.45021645021646
20734	471.7782909930716	242.0894660894661
20767	418.6605080831409	309.044733044733
20793	410.5773672055427	285.95670995671
20821	417.50577367205545	309.044733044733
20859	608.0369515011547	411.7864357864358
20894	565.3117782909931	426.7936507936508
20925	397.8752886836028	437.18326118326115
20955	382.8637413394919	430.2568542568542
20986	226.97459584295612	300.9639249639249
21014	238.52193995381063	252.47907647907647
21049	433.67205542725173	311.35353535353534
21085	536.4434180138569	266.33189033189035
21115	565.3117782909931	230.54545454545456
21166	438.2909930715935	141.65656565656565
21200	438.2909930715935	141.65656565656565
21236	591.8706697459584	115.10533910533911
21266	565.3117782909931	277.8759018759019
21316	544.526558891455	306.7359307359307
21366	621.8937644341801	336.7503607503607
21419	581.4780600461894	224.7734487734488
21463	613.8106235565818	160.12698412698413
21516	506.42032332563514	487.97691197691194
21566	617.2748267898382	399.0880230880231
21611	725.8198614318705	374.84559884559883
21647	568.7759815242495	618.4242424242425
21704	535.2886836027714	491.4401154401154
21744	535.2886836027714	491.4401154401154
21774	578.013856812933	770.8051948051948
21803	557.228637413395	553.7777777777777
21835	483.3256351039261	433.72005772005775
21867	502.9561200923788	455.6536796536796
21902	538.7528868360278	466.04329004328997
21953	610.3464203233256	542.2337662337662
22013	554.919168591224	474.1240981240981
22052	539.9076212471131	430.2568542568542
22087	556.0739030023095	342.5223665223665
22123	629.9769053117782	477.58730158730157
22156	661.1547344110854	502.98412698412693
22187	534.1339491916859	299.8095238095238
22222	534.1339491916859	299.8095238095238
22255	517.9676674364896	506.4473304473304
22283	460.2309468822171	490.2857142857143
22315	530.6697459584295	440.6464646464646
22350	427.89838337182454	386.38961038961037
22384	472.93302540415704	302.1183261183261
22444	576.8591224018476	349.4487734487734
22491	509.8845265588915	560.7041847041847
22536	609.1916859122401	501.82972582972576
22574	606.8822170900692	452.19047619047615
22610	640.3695150115473	516.8369408369408
22651	596.4896073903002	588.4098124098124
22696	714.2725173210162	670.3722943722944
22734	609.1916859122401	460.27128427128423
22772	606.8822170900692	515.6825396825398
22805	565.3117782909931	478.74170274170274
22839	572.2401847575059	441.8008658008658
22870	572.2401847575059	441.8008658008658
22918	560.6928406466512	451.036075036075
22953	409.4226327944573	163.5901875901876
22986	303.18706697459584	288.26551226551226
23034	254.68822170900697	270.949494949495
23077	310.1154734411086	74.70129870129871
23131	308.9607390300231	294.03751803751805
23184	372.47113163972284	126.64935064935065
23231	319.3533487297922	243.24386724386727
23287	410.5773672055427	224.7734487734488
23339	281.2471131639723	188.987012987013
23390	313.57967667436486	246.7070707070707
23439	389.7921478060046	250.17027417027418
23474	389.7921478060046	250.17027417027418
23507	524.8960739030023	89.70851370851372
23540	511.03926096997685	152.04617604617604
23583	733.9030023094688	507.60173160173156
23623	475.24249422632795	451.036075036075
23654	546.8360277136259	502.98412698412693
23687	506.42032332563514	367.9191919191919
23725	537.5981524249422	415.2496392496392
23758	604.5727482678983	396.77922077922074
23790	593.0254041570439	355.2207792207792
23823	572.2401847575059	370.2279942279942
23858	648.4526558891455	170.51659451659452
23891	643.8337182448037	382.9264069264069
23922	521.431870669746	348.2943722943723
23958	531.8244803695151	448.72727272727275
23992	502.9561200923788	374.84559884559883
24023	468.31408775981527	356.3751803751804
24064	134.5958429561201	447.5728715728716
24092	274.3187066974596	138.1933621933622
24124	311.270207852194	183.21500721500723
24149	298.56812933025407	167.05339105339107
24181	308.9607390300231	284.8023088023088
24217	266.2355658198614	78.16450216450217
24252	267.3903002309469	245.55266955266956
24286	278.9376443418014	320.5887445887446
24320	261.6166281755196	232.85425685425687
24354	367.85219399538107	327.5151515151515
24380	351.68591224018473	213.22943722943725
24412	508.729792147806	530.6897546897547
24453	469.4688221709007	668.063492063492
24503	537.5981524249422	236.31746031746036
24536	490.2540415704388	337.90476190476187
24570	511.03926096997685	394.47041847041845
24605	526.0508083140878	335.5959595959596
24638	684.2494226327944	538.7705627705627
24672	609.1916859122401	539.9249639249639
24703	644.9884526558891	445.26406926406924
24736	644.9884526558891	445.26406926406924
24770	638.0600461893764	439.4920634920635
24797	609.1916859122401	415.2496392496392
24826	596.4896073903002	452.19047619047615
24853	631.1316397228637	418.7128427128427
24888	642.6789838337181	522.6089466089466
24925	670.392609699769	409.4776334776334
24956	579.1685912240184	599.953823953824
24989	571.0854503464203	500.6753246753247
25022	579.1685912240184	453.3448773448773
25058	621.8937644341801	522.6089466089466
25087	626.5127020785218	426.7936507936508
25120	702.7251732101616	755.7979797979798
25159	650.7621247113163	841.2236652236652
25197	587.2517321016167	589.5642135642136
25225	618.4295612009238	521.4545454545454
25256	655.3810623556582	410.6320346320346
25300	573.3949191685912	448.72727272727275
25343	515.6581986143187	470.6608946608946
25376	466.00461893764435	374.84559884559883
25409	466.00461893764435	374.84559884559883
25441	693.487297921478	485.6681096681096
25473	616.1200923787528	418.7128427128427
25512	595.3348729792148	703.8499278499279
25549	650.7621247113163	422.17604617604616
25579	599.9538106235566	371.3823953823954
25606	638.0600461893764	462.5800865800866
25641	763.9260969976905	493.74891774891773
25679	563.0023094688221	432.5656565656566
25726	729.284064665127	429.1024531024531
25760	708.4988452655888	388.69841269841265
25793	459.0762124711316	499.52092352092353
25826	459.0762124711316	499.52092352092353
25859	605.7274826789838	356.3751803751804
25890	619.5842956120092	440.6464646464646
25927	680.785219399538	636.894660894661
25960	609.1916859122401	342.5223665223665
25993	594.1801385681292	403.7056277056277
26030	823.9722863741339	536.4617604617604
26067	659.9999999999999	535.3073593073593
26099	586.0969976905311	444.1096681096681
26136	648.4526558891455	509.9105339105339
26171	659.9999999999999	414.095238095238
26208	587.2517321016167	332.1327561327561
26253	618.4295612009238	283.6479076479077
26310	781.2471131639722	306.7359307359307
26372	613.8106235565818	445.26406926406924
26411	184.24942263279445	299.8095238095238
26443	135.75057736720555	190.14141414141415
26478	135.75057736720555	190.14141414141415
26524	83.78752886836028	94.32611832611833
26572	246.60508083140877	180.90620490620492
26601	246.60508083140877	180.90620490620492
26633	319.3533487297922	199.3766233766234
26670	280.0923787528868	191.2958152958153
26698	328.5912240184757	235.1630591630592
26727	328.5912240184757	235.1630591630592
26765	263.92609699769054	273.25829725829726
26792	251.2240184757506	360.992784992785
26843	248.91454965357968	260.55988455988455
26922	315.8891454965358	206.3030303030303
26977	328.5912240184757	222.46464646464648
27036	326.28175519630486	152.04617604617604
27106	307.80600461893766	229.3910533910534
27154	363.23325635103924	303.27272727272725
27195	295.1039260969977	249.01587301587304
27236	323.97228637413394	154.35497835497836
27266	265.08083140877596	165.8989898989899
27292	298.56812933025407	57.38528138528138
27328	336.6743648960739	48.15007215007215
27359	408.26789838337186	270.949494949495
27390	386.32794457274827	230.54545454545456
27433	299.7228637413395	238.62626262626264
27469	320.5080831408776	57.38528138528138
27504	342.4480369515012	81.62770562770564
27538	254.68822170900697	363.3015873015873
27589	341.2933025404157	288.26551226551226
27616	313.57967667436486	317.1255411255411
27645	238.52193995381063	239.7806637806638
27674	195.79676674364896	288.26551226551226
27709	278.9376443418014	376.0
27746	270.8545034642033	519.1457431457432
27795	252.37875288683603	509.9105339105339
27857	162.3094688221709	499.52092352092353
27923	348.2217090069284	569.9393939393939
27962	206.189376443418	528.3809523809523
28004	144.98845265588915	530.6897546897547
28046	244.29561200923789	311.35353535353534
28085	273.16397228637413	447.5728715728716
28121	187.71362586605082	351.7575757575757
28160	187.71362586605082	351.7575757575757
28190	543.3718244803695	629.968253968254
28223	532.9792147806005	552.6233766233765
28257	289.3302540415704	528.3809523809523
28290	363.23325635103924	620.7330447330448
28324	105.72748267898383	459.1168831168831
28357	207.34411085450347	474.1240981240981
28390	142.67898383371823	542.2337662337662
28425	78.01385681293303	502.98412698412693
28459	78.01385681293303	502.98412698412693
28490	288.175519630485	536.4617604617604
28524	157.69053117782911	198.22222222222223
28557	386.32794457274827	364.4559884559884
28591	338.9838337182448	363.3015873015873
28618	423.27944572748265	508.75613275613273
28651	477.55196304849886	433.72005772005775
28678	326.28175519630486	438.3376623376623
28710	326.28175519630486	438.3376623376623
28757	530.6697459584295	446.4184704184704
28815	476.3972286374134	700.3867243867244
28868	307.80600461893766	619.5786435786437
28924	69.93071593533487	603.4170274170275
28959	160.0	633.4314574314575
28992	192.3325635103926	432.5656565656566
29031	192.3325635103926	432.5656565656566
29059	101.10854503464203	452.19047619047615
29091	191.17782909930716	502.98412698412693
29120	164.6189376443418	587.2554112554112
29146	187.71362586605082	454.4992784992785
29175	169.23787528868363	581.4834054834055
29208	283.5565819861432	387.5440115440115
29244	270.8545034642033	321.7431457431457
29278	146.1431870669746	501.82972582972576
29351	287.02078521939956	470.6608946608946
29378	344.75750577367205	386.38961038961037
29408	307.80600461893766	544.5425685425686
29441	364.3879907621247	490.2857142857143
29475	269.6997690531178	372.5367965367965
29508	269.6997690531178	372.5367965367965
29542	265.08083140877596	621.8874458874459
29575	265.08083140877596	621.8874458874459
29603	276.6281755196305	337.90476190476187
29638	447.52886836027716	481.05050505050497
29670	492.5635103926097	485.6681096681096
29702	385.17321016166284	500.6753246753247
29732	396.72055427251735	579.1746031746031
29783	504.11085450346417	486.82251082251076
29838	379.3995381062356	605.7258297258298
29880	449.838337182448	546.8513708513708
29915	463.69515011547344	530.6897546897547
29953	448.6836027713626	462.5800865800866
29990	438.2909930715935	594.1818181818182
30027	521.431870669746	381.77200577200574
30062	432.5173210161663	439.4920634920635
30097	432.5173210161663	439.4920634920635
30126	527.2055427251731	669.2178932178932
30159	487.9445727482679	715.3939393939394
30194	588.4064665127021	507.60173160173156
30231	552.6096997690531	515.6825396825398
30266	563.0023094688221	527.2265512265511
30309	509.8845265588915	655.3650793650794
30349	531.8244803695151	380.61760461760457
30387	498.3371824480369	320.5887445887446
30424	587.2517321016167	372.5367965367965
30460	566.4665127020785	433.72005772005775
30491	366.69745958429564	229.3910533910534
30523	382.8637413394919	37.76046176046176
30576	366.69745958429564	187.83261183261183
30609	295.1039260969977	111.64213564213566
30641	374.78060046189375	21.5988455988456
30668	401.3394919168591	292.8831168831169
30698	401.3394919168591	292.8831168831169
30733	268.5450346420323	21.5988455988456
30782	372.47113163972284	111.64213564213566
30818	430.2078521939954	87.3997113997114
30853	337.82909930715937	210.9206349206349
30892	281.2471131639723	193.60461760461763
30931	239.67667436489606	120.8773448773449
30964	341.2933025404157	118.56854256854257
30996	317.0438799076212	107.02453102453104
31046	390.9468822170901	223.6190476190476
31101	337.82909930715937	212.07503607503608
31139	138.06004618937646	243.24386724386727
31171	196.95150115473442	347.1399711399711
31209	387.4826789838337	210.9206349206349
31245	245.4503464203233	79.31890331890334
31277	273.16397228637413	184.36940836940838
31309	290.4849884526559	221.3102453102453
31344	246.60508083140877	315.97113997113996
31390	350.5311778290993	202.83982683982686
31446	300.8775981524249	185.52380952380955
31494	394.41108545034643	86.24531024531026
31533	424.43418013856814	173.97979797979798
31566	396.72055427251735	138.1933621933622
31609	282.4018475750578	260.55988455988455
31649	231.59353348729792	156.66378066378067
31684	261.6166281755196	497.2121212121212
31717	247.75981524249426	446.4184704184704
31756	274.3187066974596	75.85569985569987
31792	370.161662817552	179.75180375180375
31828	575.7043879907621	100.0981240981241
31863	323.97228637413394	307.8903318903319
31901	192.3325635103926	329.8239538239538
31936	116.12009237875289	334.4415584415584
31976	143.8337182448037	80.47330447330448
32014	116.12009237875289	170.51659451659452
32051	215.4272517321016	303.27272727272725
32089	175.01154734411088	188.987012987013
32127	184.24942263279445	167.05339105339107
32166	179.63048498845265	225.92784992784996
32200	179.63048498845265	225.92784992784996
32240	206.189376443418	173.97979797979798
32280	184.24942263279445	277.8759018759019
32307	125.35796766743648	222.46464646464648
32333	195.79676674364896	343.67676767676767
32357	172.70207852193994	20.444444444444446
32392	254.68822170900697	183.21500721500723
32428	221.20092378752886	168.2077922077922
32461	202.72517321016167	188.987012987013
32494	202.72517321016167	188.987012987013
32529	287.02078521939956	313.6623376623376
32564	287.02078521939956	313.6623376623376
32601	270.8545034642033	244.39826839826839
32634	214.27251732101618	548.005772005772
32666	214.27251732101618	548.005772005772
32697	422.1247113163972	385.2352092352092
32745	374.78060046189375	358.68398268398266
32796	365.54272517321016	334.4415584415584
32866	356.30484988452656	422.17604617604616
32925	349.3764434180139	340.2135642135642
32964	265.08083140877596	324.051948051948
33006	222.35565819861432	414.095238095238
33048	215.4272517321016	337.90476190476187
33090	345.91224018475754	505.29292929292933
33133	83.78752886836028	348.2943722943723
33179	195.79676674364896	454.4992784992785
33222	149.60739030023095	343.67676767676767
33251	273.16397228637413	372.5367965367965
33283	273.16397228637413	372.5367965367965
33316	378.2448036951501	359.8383838383838
33345	298.56812933025407	317.1255411255411
33396	206.189376443418	269.7950937950938
33426	153.0715935334873	307.8903318903319
33463	254.68822170900697	543.3881673881674
33513	504.11085450346417	648.4386724386725
33563	420.9699769053118	788.1212121212121
33601	452.147806004619	867.7748917748918
33628	319.3533487297922	761.5699855699856
33663	365.54272517321016	566.4761904761905
33696	356.30484988452656	506.4473304473304
33730	297.4133949191686	617.2698412698413
33780	262.7713625866051	463.73448773448774
33813	287.02078521939956	624.1962481962482
33847	256.99769053117785	639.2034632034632
33887	267.3903002309469	520.3001443001443
33929	203.8799076212471	502.98412698412693
33965	256.99769053117785	437.18326118326115
34001	256.99769053117785	437.18326118326115
34037	102.26327944572748	522.6089466089466
34080	106.88221709006929	469.50649350649354
34116	163.46420323325637	613.8066378066378
34142	303.18706697459584	421.021645021645
34175	327.4364896073903	498.36652236652236
34232	276.6281755196305	477.58730158730157
34282	385.17321016166284	500.6753246753247
34317	328.5912240184757	621.8874458874459
34353	196.95150115473442	500.6753246753247
34392	374.78060046189375	760.4155844155845
34430	366.69745958429564	499.52092352092353
34467	352.84064665127016	639.2034632034632
34503	305.4965357967667	647.2842712842713
34542	222.35565819861432	423.3304473304473
34580	290.4849884526559	668.063492063492
34619	132.2863741339492	758.1067821067821
34656	220.0461893764434	603.4170274170275
34695	345.91224018475754	563.012987012987
34735	343.6027713625866	422.17604617604616
34775	440.6004618937645	408.32323232323233
34814	347.06697459584296	491.4401154401154
34864	27.205542725173213	352.91197691197686
34913	27.205542725173213	352.91197691197686
34949	196.95150115473442	309.044733044733
34986	490.2540415704388	711.930735930736
35019	438.2909930715935	718.8571428571429
35054	514.5034642032332	595.3362193362194
35098	441.7551963048499	628.8138528138528
35132	357.45958429561205	609.1890331890332
35170	356.30484988452656	788.1212121212121
35215	270.8545034642033	822.7532467532468
35247	374.78060046189375	587.2554112554112
35281	313.57967667436486	695.7691197691198
35316	314.73441108545035	662.2914862914864
35354	258.1524249422633	538.7705627705627
35386	278.9376443418014	454.4992784992785
35419	211.96304849884527	605.7258297258298
35465	322.8175519630485	587.2554112554112
35498	293.9491916859123	509.9105339105339
35532	233.90300230946883	798.5108225108225
35563	292.79445727482675	798.5108225108225
35594	401.3394919168591	644.975468975469
35632	417.50577367205545	683.070707070707
35674	157.69053117782911	618.4242424242425
35723	430.2078521939954	471.81529581529577
35777	262.7713625866051	340.2135642135642
35835	422.1247113163972	358.68398268398266
35887	514.5034642032332	486.82251082251076
35949	397.8752886836028	412.94083694083696
36001	400.18475750577363	557.2409812409812
36053	444.0646651270208	289.4199134199134
36103	313.57967667436486	588.4098124098124
36138	511.03926096997685	565.3217893217893
36172	511.03926096997685	565.3217893217893
36205	520.2771362586604	627.6594516594516
36238	520.2771362586604	627.6594516594516
36271	437.1362586605081	422.17604617604616
36304	452.147806004619	424.48484848484844
36335	387.4826789838337	587.2554112554112
36373	99.95381062355659	687.6883116883117
36416	34.133949191685915	717.7027417027418
36466	239.67667436489606	446.4184704184704
36516	240.83140877598152	321.7431457431457
36566	196.95150115473442	460.27128427128423
36633	201.57043879907621	498.36652236652236
36704	217.73672055427252	499.52092352092353
36750	434.82678983833716	604.5714285714287
36800	128.82217090069284	514.5281385281385
36850	401.3394919168591	447.5728715728716
36890	293.9491916859123	613.8066378066378
36936	332.0554272517321	745.4083694083695
36972	291.6397228637413	590.7186147186147
37000	310.1154734411086	442.95526695526695
37033	280.0923787528868	433.72005772005775
37067	208.49884526558893	438.3376623376623
37137	236.21247113163975	520.3001443001443
37171	126.51270207852194	596.4906204906205
37202	-13.21016166281755	603.4170274170275
37237	403.64896073903003	539.9249639249639
37275	389.7921478060046	711.930735930736
37334	475.24249422632795	750.025974025974
37384	459.0762124711316	689.9971139971141
37434	315.8891454965358	656.5194805194806
37487	438.2909930715935	506.4473304473304
37534	222.35565819861432	502.98412698412693
37584	325.1270207852194	484.51370851370854
37634	230.4387990762125	566.4761904761905
37667	150.7621247113164	584.9466089466089
37701	232.74826789838338	738.4819624819626
37734	147.29792147806006	621.8874458874459
37767	187.71362586605082	514.5281385281385
37801	270.8545034642033	564.1673881673881
37827	170.39260969976905	546.8513708513708
37856	322.8175519630485	376.0
37888	175.01154734411088	567.6305916305915
37919	186.55889145496533	656.5194805194806
37951	266.2355658198614	434.8744588744588
37984	297.4133949191686	393.3160173160173
38018	322.8175519630485	467.19769119769114
38051	311.270207852194	599.953823953824
38089	128.82217090069284	691.1515151515152
38133	218.89145496535798	359.8383838383838
38189	158.84526558891454	447.5728715728716
38235	392.1016166281755	452.19047619047615
38275	392.1016166281755	452.19047619047615
38318	373.6258660508083	481.05050505050497
38355	364.3879907621247	531.8441558441558
38391	496.02771362586606	580.3290043290043
38423	362.0785219399538	299.8095238095238
38455	322.8175519630485	309.044733044733
38490	353.99538106235565	536.4617604617604
38538	471.7782909930716	500.6753246753247
38571	435.98152424942265	454.4992784992785
38605	588.4064665127021	272.1038961038961
38639	588.4064665127021	272.1038961038961
38669	367.85219399538107	472.96969696969694
38706	410.5773672055427	365.6103896103896
38736	471.7782909930716	507.60173160173156
38768	471.7782909930716	507.60173160173156
38802	582.6327944572748	472.96969696969694
38833	582.6327944572748	472.96969696969694
38861	514.5034642032332	328.6695526695527
38893	360.9237875288684	434.8744588744588
38931	360.9237875288684	434.8744588744588
38968	336.6743648960739	654.2106782106782
39001	336.6743648960739	654.2106782106782
39034	205.03464203233256	400.2424242424242
39069	329.7459584295612	402.55122655122653
39097	438.2909930715935	243.24386724386727
39132	184.24942263279445	354.06637806637804
39163	225.81986143187066	421.021645021645
39196	243.14087759815243	527.2265512265511
39229	222.35565819861432	601.1082251082252
39261	90.715935334873	452.19047619047615
39297	207.34411085450347	373.69119769119766
39341	296.25866050808315	408.32323232323233
39381	296.25866050808315	408.32323232323233
39407	232.74826789838338	399.0880230880231
39435	161.15473441108546	267.48629148629146
39471	235.05773672055426	295.19191919191917
39501	142.67898383371823	699.2323232323232
39535	142.67898383371823	699.2323232323232
39580	136.90531177829098	546.8513708513708
39638	273.16397228637413	552.6233766233765
39696	285.86605080831407	625.3506493506494
39742	216.58198614318707	756.952380952381
39781	243.14087759815243	693.4603174603175
39814	200.4157043879908	636.894660894661
39843	311.270207852194	451.036075036075
39869	318.19861431870675	551.4689754689755
39898	318.19861431870675	551.4689754689755
39931	251.2240184757506	509.9105339105339
39962	388.6374133949192	659.9826839826841
40002	229.284064665127	490.2857142857143
40033	229.284064665127	490.2857142857143
40063	251.2240184757506	441.8008658008658
40097	229.284064665127	411.7864357864358
40148	113.81062355658199	285.95670995671
40210	183.09468822170902	212.07503607503608
40264	288.175519630485	360.992784992785
40337	172.70207852193994	276.7215007215008
40391	235.05773672055426	179.75180375180375
40426	252.37875288683603	294.03751803751805
40461	384.01847575057735	200.53102453102457
40500	135.75057736720555	216.69264069264068
40532	203.8799076212471	324.051948051948
40569	203.8799076212471	324.051948051948
40621	417.50577367205545	519.1457431457432
40656	500.6466512702079	816.9812409812411
40692	596.4896073903002	831.988455988456
40721	450.99307159353344	433.72005772005775
40771	381.7090069284065	452.19047619047615
40803	423.27944572748265	523.7633477633477
40837	329.7459584295612	408.32323232323233
40872	341.2933025404157	272.1038961038961
40921	245.4503464203233	447.5728715728716
40948	356.30484988452656	322.8975468975469
40983	356.30484988452656	322.8975468975469
41010	310.1154734411086	291.72871572871577
41045	310.1154734411086	291.72871572871577
41078	370.161662817552	527.2265512265511
41121	343.6027713625866	437.18326118326115
41155	381.7090069284065	444.1096681096681
41193	278.9376443418014	272.1038961038961
41227	307.80600461893766	291.72871572871577
41259	477.55196304849886	487.97691197691194
41299	437.1362586605081	448.72727272727275
41331	168.08314087759814	612.6522366522366
41372	282.4018475750578	526.0721500721501
41424	453.3025404157044	579.1746031746031
41473	506.42032332563514	441.8008658008658
41510	412.8868360277136	561.8585858585858
41542	469.4688221709007	569.9393939393939
41574	409.4226327944573	494.9033189033189
41610	584.9422632794458	554.9321789321789
41646	470.6235565819861	497.2121212121212
41688	504.11085450346417	384.0808080808081
41726	487.9445727482679	441.8008658008658
41772	543.3718244803695	410.6320346320346
41805	450.99307159353344	357.5295815295815
41841	482.17090069284063	277.8759018759019
41878	565.3117782909931	392.16161616161617
41913	611.501154734411	485.6681096681096
41946	499.4919168591224	583.7922077922077
41980	400.18475750577363	350.6031746031746
42017	347.06697459584296	247.86147186147187
42053	142.67898383371823	526.0721500721501
42090	231.59353348729792	321.7431457431457
42122	251.2240184757506	410.6320346320346
42157	187.71362586605082	626.5050505050506
42189	187.71362586605082	626.5050505050506
42223	230.4387990762125	359.8383838383838
42260	198.10623556581984	404.8600288600288
42292	325.1270207852194	436.02886002886
42327	201.57043879907621	357.5295815295815
42358	446.3741339491917	487.97691197691194
42389	392.1016166281755	472.96969696969694
42423	277.7829099307159	631.1226551226551
42456	325.1270207852194	437.18326118326115
42491	344.75750577367205	589.5642135642136
42539	399.0300230946882	426.7936507936508
42604	521.431870669746	527.2265512265511
42678	644.9884526558891	538.7705627705627
42747	640.3695150115473	412.94083694083696
42816	560.6928406466512	538.7705627705627
42890	578.013856812933	612.6522366522366
42935	588.4064665127021	634.5858585858587
42980	575.7043879907621	640.3578643578644
43025	589.5612009237875	498.36652236652236
43080	544.526558891455	485.6681096681096
43140	534.1339491916859	360.992784992785
43192	509.8845265588915	743.0995670995671
43240	507.5750577367205	341.3679653679654
43278	524.8960739030023	583.7922077922077
43341	417.50577367205545	366.76479076479075
43378	411.73210161662814	551.4689754689755
43408	418.6605080831409	479.8961038961039
43445	337.82909930715937	449.8816738816738
43474	239.67667436489606	231.6998556998557
43524	210.8083140877598	135.8845598845599
43557	235.05773672055426	126.64935064935065
43590	240.83140877598152	116.25974025974027
43616	267.3903002309469	359.8383838383838
43650	296.25866050808315	232.85425685425687
43679	303.18706697459584	216.69264069264068
43708	251.2240184757506	342.5223665223665
43742	223.51039260969978	348.2943722943723
43773	299.7228637413395	105.87012987012987
43799	291.6397228637413	46.995670995671
43836	180.78521939953814	198.22222222222223
43872	185.4041570438799	145.11976911976913
43899	250.0692840646651	192.45021645021646
43934	265.08083140877596	227.08225108225108
43964	367.85219399538107	451.036075036075
44005	419.8152424942263	373.69119769119766
44044	522.5866050808314	598.7994227994228
44075	508.729792147806	442.95526695526695
44105	569.9307159353349	477.58730158730157
44138	582.6327944572748	345.98556998556995
44172	582.6327944572748	345.98556998556995
44200	594.1801385681292	427.94805194805195
44229	594.1801385681292	427.94805194805195
44263	624.2032332563509	581.4834054834055
44305	626.5127020785218	524.9177489177489
44340	523.7413394919168	550.3145743145743
44372	508.729792147806	656.5194805194806
44404	543.3718244803695	743.0995670995671
44436	528.3602771362587	608.0346320346321
44475	447.52886836027716	671.5266955266956
44519	468.31408775981527	601.1082251082252
44550	519.122401847575	596.4906204906205
44580	492.5635103926097	623.0418470418471
44615	541.0623556581986	573.4025974025974
44667	414.04157043879906	416.40404040404036
44714	442.90993071593533	318.27994227994225
44757	508.729792147806	370.2279942279942
44811	470.6235565819861	192.45021645021646
44848	470.6235565819861	255.94227994227995
44912	588.4064665127021	254.78787878787878
44942	552.6096997690531	367.9191919191919
44971	464.8498845265589	258.25108225108227
45025	386.32794457274827	197.0678210678211
45058	466.00461893764435	130.1125541125541
45090	449.838337182448	173.97979797979798
45143	290.4849884526559	242.0894660894661
45226	430.2078521939954	449.8816738816738
45275	552.6096997690531	519.1457431457432
45320	527.2055427251731	508.75613275613273
45353	349.3764434180139	379.46320346320346
45389	296.25866050808315	409.4776334776334
45425	403.64896073903003	168.2077922077922
45476	323.97228637413394	132.42135642135645
45521	392.1016166281755	101.25252525252526
45565	447.52886836027716	147.42857142857144
45603	253.53348729792145	349.4487734487734
45643	349.3764434180139	207.45743145743148
45680	363.23325635103924	120.8773448773449
45710	317.0438799076212	177.44300144300144
45743	374.78060046189375	169.36219336219338
45776	276.6281755196305	294.03751803751805
45810	276.6281755196305	294.03751803751805
45843	190.0230946882217	209.76623376623377
45881	258.1524249422633	148.5829725829726
45927	156.53579676674366	259.4054834054834
45960	195.79676674364896	246.7070707070707
45993	254.68822170900697	356.3751803751804
46026	254.68822170900697	356.3751803751804
46060	171.5473441108545	414.095238095238
46093	237.36720554272517	399.0880230880231
46127	409.4226327944573	288.26551226551226
46160	409.4226327944573	288.26551226551226
46193	342.4480369515012	340.2135642135642
46227	381.7090069284065	359.8383838383838
46260	149.60739030023095	639.2034632034632
46294	184.24942263279445	620.7330447330448
46327	86.09699769053118	620.7330447330448
46360	379.3995381062356	531.8441558441558
46398	251.2240184757506	568.7849927849927
46428	201.57043879907621	560.7041847041847
46461	258.1524249422633	521.4545454545454
46494	254.68822170900697	418.7128427128427
46527	245.4503464203233	569.9393939393939
46562	248.91454965357968	595.3362193362194
46600	120.73903002309468	755.7979797979798
46631	304.34180138568126	457.96248196248195
46661	241.986143187067	593.0274170274171
46694	504.11085450346417	567.6305916305915
46727	411.73210161662814	813.5180375180375
46762	274.3187066974596	940.5021645021644
46793	291.6397228637413	680.7619047619048
46820	327.4364896073903	703.8499278499279
46852	51.454965357967666	788.1212121212121
46894	51.454965357967666	788.1212121212121
46944	342.4480369515012	715.3939393939394
46990	199.26096997690533	597.6450216450216
47021	250.0692840646651	557.2409812409812
47050	187.71362586605082	567.6305916305915
47081	468.31408775981527	534.1529581529581
47128	417.50577367205545	544.5425685425686
47161	183.09468822170902	552.6233766233765
47194	147.29792147806006	549.1601731601731
47228	125.35796766743648	471.81529581529577
47261	183.09468822170902	578.020202020202
47311	138.06004618937646	588.4098124098124
47345	196.95150115473442	683.070707070707
47382	225.81986143187066	635.7402597402598
47413	287.02078521939956	599.953823953824
47446	359.7690531177829	527.2265512265511
47479	459.0762124711316	633.4314574314575
47515	434.82678983833716	629.968253968254
47545	308.9607390300231	617.2698412698413
47578	564.1570438799076	703.8499278499279
47612	564.1570438799076	703.8499278499279
47643	401.3394919168591	549.1601731601731
47695	337.82909930715937	429.1024531024531
47741	444.0646651270208	696.923520923521
47778	444.0646651270208	696.923520923521
47818	418.6605080831409	642.6666666666666
47862	394.41108545034643	631.1226551226551
47902	439.44572748267893	489.1313131313131
47945	464.8498845265589	478.74170274170274
47983	442.90993071593533	599.953823953824
48019	522.5866050808314	596.4906204906205
48062	338.9838337182448	643.8210678210678
48101	500.6466512702079	664.6002886002886
48136	260.4618937644342	396.77922077922074
48176	142.67898383371823	336.7503607503607
48215	120.73903002309468	298.6551226551226
48253	79.16859122401848	245.55266955266956
48296	201.57043879907621	270.949494949495
48337	201.57043879907621	270.949494949495
48374	334.364896073903	332.1327561327561
48410	256.99769053117785	355.2207792207792
48446	349.3764434180139	376.0
48481	285.86605080831407	415.2496392496392
48513	153.0715935334873	372.5367965367965
48545	232.74826789838338	434.8744588744588
48581	120.73903002309468	388.69841269841265
48618	147.29792147806006	371.3823953823954
48646	140.36951501154735	379.46320346320346
48677	120.73903002309468	532.998556998557
48730	274.3187066974596	568.7849927849927
48795	209.65357967667435	504.13852813852816
48853	310.1154734411086	359.8383838383838
48897	155.3810623556582	484.51370851370854
48937	287.02078521939956	613.8066378066378
48980	232.74826789838338	567.6305916305915
49030	247.75981524249426	535.3073593073593
49069	60.69284064665127	469.50649350649354
49113	79.16859122401848	641.5122655122656
49148	237.36720554272517	497.2121212121212
49180	311.270207852194	432.5656565656566
49213	243.14087759815243	441.8008658008658
49247	214.27251732101618	666.909090909091
49290	214.27251732101618	666.909090909091
49319	258.1524249422633	425.6392496392496
49352	258.1524249422633	425.6392496392496
49388	544.526558891455	723.4747474747476
49418	513.3487297921479	780.040404040404
49451	322.8175519630485	858.5396825396825
49483	263.92609699769054	606.8802308802309
49514	217.73672055427252	565.3217893217893
49547	290.4849884526559	715.3939393939394
49584	290.4849884526559	715.3939393939394
49637	213.11778290993072	609.1890331890332
49701	409.4226327944573	632.2770562770563
49736	390.9468822170901	449.8816738816738
49776	390.9468822170901	449.8816738816738
49808	300.8775981524249	643.8210678210678
49836	319.3533487297922	536.4617604617604
49865	362.0785219399538	406.01443001443
49897	396.72055427251735	546.8513708513708
49931	402.49422632794455	663.4458874458875
49964	138.06004618937646	517.991341991342
49998	237.36720554272517	632.2770562770563
50031	297.4133949191686	516.8369408369408
50067	320.5080831408776	498.36652236652236
50114	516.8129330254042	627.6594516594516
50148	494.8729792147806	596.4906204906205
50181	487.9445727482679	689.9971139971141
50215	476.3972286374134	852.7676767676768
50248	467.15935334872984	799.6652236652237
50281	568.7759815242495	594.1818181818182
50315	520.2771362586604	410.6320346320346
50348	530.6697459584295	558.3953823953824
50383	530.6697459584295	558.3953823953824
50420	497.1824480369515	627.6594516594516
50452	541.0623556581986	532.998556998557
50487	560.6928406466512	620.7330447330448
50518	601.1085450346419	761.5699855699856
50548	564.1570438799076	674.9898989898991
50582	475.24249422632795	768.4963924963926
50615	475.24249422632795	768.4963924963926
50648	527.2055427251731	628.8138528138528
50682	545.6812933025404	514.5281385281385
50715	547.9907621247113	648.4386724386725
50749	614.9653579676674	737.3275613275614
50782	580.323325635104	774.2683982683983
50815	345.91224018475754	494.9033189033189
50848	334.364896073903	412.94083694083696
50886	207.34411085450347	731.5555555555557
50920	202.72517321016167	621.8874458874459
50953	151.91685912240186	678.4531024531025
50984	482.17090069284063	604.5714285714287
51015	478.7066974595843	687.6883116883117
51049	515.6581986143187	588.4098124098124
51082	515.6581986143187	588.4098124098124
51115	343.6027713625866	653.056277056277
51154	374.78060046189375	672.6810966810967
51182	364.3879907621247	707.3131313131314
51215	364.3879907621247	707.3131313131314
51249	337.82909930715937	596.4906204906205
51282	321.6628175519631	604.5714285714287
51316	220.0461893764434	703.8499278499279
51343	344.75750577367205	505.29292929292933
51373	313.57967667436486	699.2323232323232
51402	306.65127020785224	642.6666666666666
51430	447.52886836027716	679.6075036075036
51463	499.4919168591224	625.3506493506494
51498	497.1824480369515	552.6233766233765
51548	330.9006928406467	516.8369408369408
51603	329.7459584295612	648.4386724386725
51652	329.7459584295612	648.4386724386725
51687	267.3903002309469	583.7922077922077
51721	419.8152424942263	551.4689754689755
51755	381.7090069284065	535.3073593073593
51839	192.3325635103926	535.3073593073593
51883	192.3325635103926	535.3073593073593
51918	106.88221709006929	736.1731601731602
51952	507.5750577367205	594.1818181818182
51983	491.4087759815243	717.7027417027418
52016	483.3256351039261	760.4155844155845
52047	482.17090069284063	617.2698412698413
52077	446.3741339491917	751.1803751803752
52105	529.5150115473441	569.9393939393939
52136	484.48036951501155	770.8051948051948
52168	484.48036951501155	770.8051948051948
52200	459.0762124711316	793.893217893218
52235	332.0554272517321	788.1212121212121
52267	240.83140877598152	557.2409812409812
52304	308.9607390300231	532.998556998557
52329	350.5311778290993	620.7330447330448
52367	265.08083140877596	590.7186147186147
52400	328.5912240184757	531.8441558441558
52434	359.7690531177829	627.6594516594516
52467	297.4133949191686	655.3650793650794
52500	347.06697459584296	706.1587301587302
52534	318.19861431870675	679.6075036075036
52567	291.6397228637413	563.012987012987
52604	291.6397228637413	563.012987012987
52634	82.63279445727483	624.1962481962482
52669	76.85912240184757	502.98412698412693
52700	336.6743648960739	451.036075036075
52729	160.0	513.3737373737373
52760	319.3533487297922	498.36652236652236
52788	160.0	513.3737373737373
52821	151.91685912240186	969.3621933621934
52853	173.8568129330254	685.3795093795094
52884	302.0323325635104	497.2121212121212
52917	253.53348729792145	663.4458874458875
52950	180.78521939953814	640.3578643578644
52984	275.47344110854505	649.5930735930737
53010	175.01154734411088	556.08658008658
53047	103.41801385681293	566.4761904761905
53107	155.3810623556582	605.7258297258298
53164	457.9214780600462	671.5266955266956
53212	517.9676674364896	581.4834054834055
53252	429.05311778290996	728.0923520923521
53290	412.8868360277136	729.2467532467532
53325	412.8868360277136	729.2467532467532
53362	253.53348729792145	633.4314574314575
53398	379.3995381062356	613.8066378066378
53435	253.53348729792145	492.59451659451656
53468	230.4387990762125	582.6378066378065
53501	166.92840646651268	611.4978354978355
53535	358.6143187066975	647.2842712842713
53568	358.6143187066975	647.2842712842713
53602	306.65127020785224	568.7849927849927
53635	304.34180138568126	634.5858585858587
53668	293.9491916859123	526.0721500721501
53702	348.2217090069284	590.7186147186147
53735	187.71362586605082	631.1226551226551
53768	207.34411085450347	713.0851370851371
53802	207.34411085450347	713.0851370851371
53835	258.1524249422633	496.05772005772
53868	258.1524249422633	496.05772005772
53897	114.96535796766743	608.0346320346321
53935	164.6189376443418	605.7258297258298
53967	180.78521939953814	561.8585858585858
54002	366.69745958429564	659.9826839826841
54041	381.7090069284065	668.063492063492
54074	381.7090069284065	483.35930735930737
54103	300.8775981524249	748.871572871573
54135	496.02771362586606	636.894660894661
54169	496.02771362586606	636.894660894661
54202	464.8498845265589	767.3419913419914
54235	424.43418013856814	723.4747474747476
54269	468.31408775981527	695.7691197691198
54302	253.53348729792145	696.923520923521
54336	463.69515011547344	723.4747474747476
54372	302.0323325635104	560.7041847041847
54407	321.6628175519631	586.10101010101
54439	373.6258660508083	774.2683982683983
54474	341.2933025404157	635.7402597402598
54513	454.45727482678984	642.6666666666666
54539	310.1154734411086	584.9466089466089
54573	254.68822170900697	620.7330447330448
54604	397.8752886836028	632.2770562770563
54637	423.27944572748265	661.1370851370853
54674	320.5080831408776	610.3434343434344
54711	325.1270207852194	599.953823953824
54753	370.161662817552	654.2106782106782
54791	457.9214780600462	771.959595959596
54831	278.9376443418014	674.9898989898991
54868	248.91454965357968	646.1298701298701
54903	230.4387990762125	608.0346320346321
54934	300.8775981524249	644.975468975469
54986	362.0785219399538	635.7402597402598
55021	410.5773672055427	618.4242424242425
55053	497.1824480369515	691.1515151515152
55079	479.8614318706698	791.5844155844156
55120	464.8498845265589	862.002886002886
55170	380.55427251732107	560.7041847041847
55205	552.6096997690531	541.0793650793651
55237	538.7528868360278	541.0793650793651
55272	318.19861431870675	604.5714285714287
55303	353.99538106235565	743.0995670995671
55339	359.7690531177829	556.08658008658
55370	359.7690531177829	556.08658008658
55404	519.122401847575	543.3881673881674
55441	479.8614318706698	549.1601731601731
55493	452.147806004619	616.1154401154402
55538	236.21247113163975	530.6897546897547
55590	497.1824480369515	707.3131313131314
55637	410.5773672055427	760.4155844155845
55674	477.55196304849886	668.063492063492
55707	483.3256351039261	549.1601731601731
55738	610.3464203233256	726.937950937951
55771	531.8244803695151	647.2842712842713
55804	502.9561200923788	532.998556998557
55842	502.9561200923788	532.998556998557
55873	466.00461893764435	485.6681096681096
55909	466.00461893764435	485.6681096681096
55941	444.0646651270208	680.7619047619048
55984	374.78060046189375	698.0779220779222
56025	444.0646651270208	769.6507936507936
56056	394.41108545034643	601.1082251082252
56091	394.41108545034643	601.1082251082252
56132	514.5034642032332	613.8066378066378
56181	541.0623556581986	526.0721500721501
56221	395.56581986143186	612.6522366522366
56257	550.3002309468822	610.3434343434344
56293	434.82678983833716	564.1673881673881
56326	453.3025404157044	566.4761904761905
56362	312.42494226327943	635.7402597402598
56399	312.42494226327943	635.7402597402598
56432	414.04157043879906	746.5627705627707
56505	310.1154734411086	563.012987012987
56551	439.44572748267893	509.9105339105339
56588	456.76674364896076	608.0346320346321
56627	408.26789838337186	646.1298701298701
56661	542.217090069284	650.7474747474748
56696	542.217090069284	650.7474747474748
56727	419.8152424942263	815.8268398268399
56761	491.4087759815243	532.998556998557
56797	474.08775981524246	412.94083694083696
56828	635.7505773672056	334.4415584415584
56866	635.7505773672056	334.4415584415584
56900	584.9422632794458	524.9177489177489
56932	584.9422632794458	524.9177489177489
56965	583.7875288683603	549.1601731601731
56993	583.7875288683603	549.1601731601731
57027	521.431870669746	688.8427128427129
57066	554.919168591224	455.6536796536796
57093	492.5635103926097	449.8816738816738
57125	554.919168591224	455.6536796536796
57155	457.9214780600462	658.8282828282829
57194	486.7898383371824	537.6161616161615
57240	680.785219399538	681.916305916306
57277	619.5842956120092	701.5411255411256
57323	628.8221709006929	769.6507936507936
57358	526.0508083140878	770.8051948051948
57390	434.82678983833716	837.7604617604618
57422	498.3371824480369	828.5252525252525
57456	542.217090069284	768.4963924963926
57489	535.2886836027714	627.6594516594516
57522	392.1016166281755	691.1515151515152
57550	497.1824480369515	515.6825396825398
57578	396.72055427251735	481.05050505050497
57608	425.58891454965357	468.3520923520923
57634	308.9607390300231	522.6089466089466
57670	308.9607390300231	522.6089466089466
57706	392.1016166281755	681.916305916306
57740	431.3625866050808	651.901875901876
57773	431.3625866050808	651.901875901876
57812	348.2217090069284	459.1168831168831
57873	515.6581986143187	620.7330447330448
57923	438.2909930715935	442.95526695526695
57959	504.11085450346417	509.9105339105339
57992	395.56581986143186	647.2842712842713
58026	587.2517321016167	636.894660894661
58063	552.6096997690531	521.4545454545454
58092	561.8475750577368	691.1515151515152
58123	561.8475750577368	691.1515151515152
58173	584.9422632794458	646.1298701298701
58206	537.5981524249422	695.7691197691198
58235	322.8175519630485	594.1818181818182
58268	129.9769053117783	232.85425685425687
58303	139.2147806004619	197.0678210678211
58353	191.17782909930716	125.49494949494951
58397	223.51039260969978	470.6608946608946
58429	223.51039260969978	470.6608946608946
58464	235.05773672055426	356.3751803751804
58501	296.25866050808315	404.8600288600288
58535	244.29561200923789	342.5223665223665
58584	72.24018475750577	127.80375180375181
58617	213.11778290993072	156.66378066378067
58653	302.0323325635104	210.9206349206349
58700	283.5565819861432	283.6479076479077
58749	258.1524249422633	279.03030303030306
58787	258.1524249422633	279.03030303030306
58824	116.12009237875289	124.34054834054835
58905	143.8337182448037	242.0894660894661
58941	176.1662817551963	202.83982683982686
58991	157.69053117782911	83.93650793650794
59048	114.96535796766743	110.4877344877345
59095	180.78521939953814	360.992784992785
59139	519.122401847575	528.3809523809523
59180	431.3625866050808	572.2481962481962
59222	456.76674364896076	553.7777777777777
59263	459.0762124711316	632.2770562770563
59301	434.82678983833716	501.82972582972576
59338	446.3741339491917	444.1096681096681
59377	372.47113163972284	399.0880230880231
59413	307.80600461893766	325.20634920634916
59443	546.8360277136259	641.5122655122656
59475	552.6096997690531	669.2178932178932
59525	440.6004618937645	761.5699855699856
59563	429.05311778290996	576.8658008658009
59611	500.6466512702079	560.7041847041847
59659	307.80600461893766	700.3867243867244
59708	390.9468822170901	623.0418470418471
59742	317.0438799076212	788.1212121212121
59780	415.1963048498845	827.3708513708515
59813	725.8198614318705	614.961038961039
59852	427.89838337182454	619.5786435786437
59881	527.2055427251731	571.093795093795
59908	479.8614318706698	650.7474747474748
59943	479.8614318706698	650.7474747474748
59979	418.6605080831409	698.0779220779222
60009	412.8868360277136	485.6681096681096
60036	281.2471131639723	509.9105339105339
60069	393.256351039261	466.04329004328997
60096	417.50577367205545	535.3073593073593
60129	516.8129330254042	419.8672438672438
60156	484.48036951501155	722.3203463203464
60189	427.89838337182454	729.2467532467532
60224	472.93302540415704	529.5353535353536
60251	609.1916859122401	564.1673881673881
60282	609.1916859122401	564.1673881673881
60315	567.6212471131639	699.2323232323232
60359	552.6096997690531	705.0043290043291
60409	456.76674364896076	579.1746031746031
60463	493.71824480369514	464.8888888888889
60517	549.1454965357968	671.5266955266956
60576	442.90993071593533	677.2987012987014
60608	442.90993071593533	677.2987012987014
60641	491.4087759815243	434.8744588744588
60678	559.5381062355658	537.6161616161615
60715	550.3002309468822	546.8513708513708
60749	574.5496535796767	499.52092352092353
60789	556.0739030023095	568.7849927849927
60847	468.31408775981527	626.5050505050506
60897	538.7528868360278	601.1082251082252
60958	492.5635103926097	604.5714285714287
61016	519.122401847575	556.08658008658
61073	365.54272517321016	672.6810966810967
61128	435.98152424942265	604.5714285714287
61172	362.0785219399538	657.6738816738816
61225	460.2309468822171	442.95526695526695
61282	496.02771362586606	659.9826839826841
61334	511.03926096997685	679.6075036075036
61368	311.270207852194	657.6738816738816
61403	460.2309468822171	463.73448773448774
61444	449.838337182448	446.4184704184704
61483	407.1131639722864	475.2784992784992
61527	505.26558891454965	574.5569985569986
61563	485.635103926097	499.52092352092353
61600	292.79445727482675	247.86147186147187
61639	337.82909930715937	431.41125541125535
61679	282.4018475750578	710.7763347763348
61714	347.06697459584296	538.7705627705627
61747	364.3879907621247	445.26406926406924
61786	160.0	561.8585858585858
61838	238.52193995381063	358.68398268398266
61875	260.4618937644342	478.74170274170274
61914	302.0323325635104	484.51370851370854
61963	282.4018475750578	379.46320346320346
62010	360.9237875288684	519.1457431457432
62050	360.9237875288684	519.1457431457432
62078	144.98845265588915	407.16883116883116
62109	129.9769053117783	551.4689754689755
62143	168.08314087759814	467.19769119769114
62178	117.27482678983834	434.8744588744588
62211	195.79676674364896	482.2049062049062
62253	352.84064665127016	329.8239538239538
62306	207.34411085450347	431.41125541125535
62357	203.8799076212471	711.930735930736
62399	87.25173210161662	440.6464646464646
62435	311.270207852194	455.6536796536796
62468	246.60508083140877	427.94805194805195
62502	128.82217090069284	556.08658008658
62534	128.82217090069284	556.08658008658
62566	168.08314087759814	581.4834054834055
62605	276.6281755196305	358.68398268398266
62635	302.0323325635104	556.08658008658
62669	228.12933025404158	620.7330447330448
62695	228.12933025404158	620.7330447330448
62728	343.6027713625866	628.8138528138528
62761	278.9376443418014	613.8066378066378
62795	486.7898383371824	801.9740259740261
62845	364.3879907621247	583.7922077922077
62895	379.3995381062356	648.4386724386725
62945	329.7459584295612	769.6507936507936
62973	456.76674364896076	651.901875901876
63002	400.18475750577363	646.1298701298701
63038	230.4387990762125	655.3650793650794
63072	230.4387990762125	655.3650793650794
63099	125.35796766743648	539.9249639249639
63145	180.78521939953814	476.4329004329004
63178	146.1431870669746	335.5959595959596
63229	284.71131639722864	634.5858585858587
63270	344.75750577367205	414.095238095238
63313	343.6027713625866	422.17604617604616
63346	206.189376443418	624.1962481962482
63396	166.92840646651268	701.5411255411256
63441	248.91454965357968	593.0274170274171
63470	140.36951501154735	903.5613275613276
63501	239.67667436489606	850.4588744588744
63535	121.89376443418014	481.05050505050497
63565	111.50115473441109	369.0735930735931
63598	157.69053117782911	418.7128427128427
63626	244.29561200923789	583.7922077922077
63679	237.36720554272517	729.2467532467532
63729	91.87066974595844	454.4992784992785
63788	300.8775981524249	755.7979797979798
63833	598.799076212471	556.08658008658
63872	474.08775981524246	549.1601731601731
63912	474.08775981524246	549.1601731601731
63946	425.58891454965357	530.6897546897547
63979	425.58891454965357	530.6897546897547
64017	559.5381062355658	584.9466089466089
64046	470.6235565819861	703.8499278499279
64080	476.3972286374134	640.3578643578644
64113	457.9214780600462	537.6161616161615
64151	457.9214780600462	537.6161616161615
64182	601.1085450346419	463.73448773448774
64213	526.0508083140878	496.05772005772
64245	378.2448036951501	688.8427128427129
64276	378.2448036951501	688.8427128427129
64304	374.78060046189375	477.58730158730157
64335	343.6027713625866	514.5281385281385
64368	201.57043879907621	302.1183261183261
64419	187.71362586605082	283.6479076479077
64472	142.67898383371823	210.9206349206349
64518	258.1524249422633	273.25829725829726
64551	111.50115473441109	339.05916305916304
64586	150.7621247113164	365.6103896103896
64619	176.1662817551963	403.7056277056277
64649	274.3187066974596	249.01587301587304
64680	248.91454965357968	288.26551226551226
64716	175.01154734411088	223.6190476190476
64751	215.4272517321016	255.94227994227995
64782	79.16859122401848	313.6623376623376
64815	79.16859122401848	313.6623376623376
64847	179.63048498845265	307.8903318903319
64874	235.05773672055426	297.5007215007215
64902	149.60739030023095	237.47186147186147
64936	155.3810623556582	300.9639249639249
64978	181.93995381062356	319.4343434343434
65015	54.91916859122402	292.8831168831169
65049	72.24018475750577	214.3838383838384
65076	120.73903002309468	295.19191919191917
65131	193.48729792147807	454.4992784992785
65181	230.4387990762125	483.35930735930737
65215	221.20092378752886	243.24386724386727
65246	266.2355658198614	161.2813852813853
65281	268.5450346420323	303.27272727272725
65319	184.24942263279445	216.69264069264068
65353	184.24942263279445	216.69264069264068
65385	205.03464203233256	269.7950937950938
65415	205.03464203233256	269.7950937950938
65446	166.92840646651268	349.4487734487734
65479	232.74826789838338	553.7777777777777
65531	201.57043879907621	207.45743145743148
65589	138.06004618937646	192.45021645021646
65630	108.03695150115473	194.75901875901877
65665	175.01154734411088	221.3102453102453
65695	-32.840646651270205	243.24386724386727
65730	23.74133949191686	273.25829725829726
65780	123.04849884526558	116.25974025974027
65839	158.84526558891454	167.05339105339107
65897	232.74826789838338	168.2077922077922
65952	125.35796766743648	254.78787878787878
66008	157.69053117782911	280.1847041847042
66082	248.91454965357968	350.6031746031746
66135	196.95150115473442	334.4415584415584
66171	311.270207852194	336.7503607503607
66205	308.9607390300231	289.4199134199134
66242	315.8891454965358	328.6695526695527
66270	357.45958429561205	370.2279942279942
66296	410.5773672055427	542.2337662337662
66332	163.46420323325637	468.3520923520923
66370	347.06697459584296	557.2409812409812
66404	233.90300230946883	335.5959595959596
66437	254.68822170900697	304.4271284271284
66468	225.81986143187066	325.20634920634916
66506	141.5242494226328	396.77922077922074
66547	206.189376443418	424.48484848484844
66580	86.09699769053118	310.19913419913416
66618	143.8337182448037	297.5007215007215
66665	302.0323325635104	410.6320346320346
66702	299.7228637413395	467.19769119769114
66739	266.2355658198614	319.4343434343434
66772	312.42494226327943	288.26551226551226
66815	410.5773672055427	237.47186147186147
66854	401.3394919168591	238.62626262626264
66889	478.7066974595843	342.5223665223665
66936	335.51963048498845	277.8759018759019
66978	379.3995381062356	175.13419913419915
67020	207.34411085450347	387.5440115440115
67081	446.3741339491917	268.64069264069263
67118	329.7459584295612	357.5295815295815
67156	360.9237875288684	329.8239538239538
67187	298.56812933025407	392.16161616161617
67262	243.14087759815243	182.0606060606061
67292	267.3903002309469	516.8369408369408
67318	290.4849884526559	536.4617604617604
67367	208.49884526558893	264.02308802308806
67417	230.4387990762125	280.1847041847042
67477	267.3903002309469	223.6190476190476
67538	230.4387990762125	197.0678210678211
67595	440.6004618937645	207.45743145743148
67633	440.6004618937645	207.45743145743148
67667	292.79445727482675	235.1630591630592
67700	252.37875288683603	388.69841269841265
67733	425.58891454965357	394.47041847041845
67778	387.4826789838337	230.54545454545456
67825	187.71362586605082	107.02453102453104
67863	329.7459584295612	511.064935064935
67900	419.8152424942263	237.47186147186147
67926	425.58891454965357	190.14141414141415
67955	425.58891454965357	190.14141414141415
67989	345.91224018475754	524.9177489177489
68028	362.0785219399538	322.8975468975469
68062	396.72055427251735	345.98556998556995
68095	321.6628175519631	220.15584415584416
68124	269.6997690531178	542.2337662337662
68163	299.7228637413395	358.68398268398266
68195	299.7228637413395	358.68398268398266
68223	225.81986143187066	285.95670995671
68256	292.79445727482675	197.0678210678211
68294	579.1685912240184	625.3506493506494
68328	424.43418013856814	425.6392496392496
68378	297.4133949191686	251.32467532467535
68411	192.3325635103926	219.001443001443
68443	315.8891454965358	561.8585858585858
68475	289.3302540415704	291.72871572871577
68506	420.9699769053118	362.1471861471861
68536	401.3394919168591	275.56709956709955
68563	308.9607390300231	219.001443001443
68618	226.97459584295612	369.0735930735931
68650	226.97459584295612	369.0735930735931
68677	226.97459584295612	369.0735930735931
68707	91.87066974595844	215.53823953823957
68746	151.91685912240186	354.06637806637804
68778	151.91685912240186	354.06637806637804
68807	290.4849884526559	297.5007215007215
68839	265.08083140877596	298.6551226551226
68870	433.67205542725173	636.894660894661
68910	384.01847575057735	628.8138528138528
68960	531.8244803695151	644.975468975469
69015	217.73672055427252	529.5353535353536
69066	177.32101616628177	416.40404040404036
69107	177.32101616628177	386.38961038961037
69136	81.47806004618937	440.6464646464646
69163	131.13163972286372	430.2568542568542
69191	131.13163972286372	430.2568542568542
69223	116.12009237875289	430.2568542568542
69257	147.29792147806006	227.08225108225108
69294	273.16397228637413	322.8975468975469
69346	293.9491916859123	400.2424242424242
69388	293.9491916859123	400.2424242424242
69423	531.8244803695151	508.75613275613273
69466	502.9561200923788	683.070707070707
69519	551.4549653579677	468.3520923520923
69571	718.8914549653579	522.6089466089466
69618	491.4087759815243	528.3809523809523
69657	593.0254041570439	575.7113997113997
69694	611.501154734411	529.5353535353536
69725	523.7413394919168	628.8138528138528
69757	497.1824480369515	605.7258297258298
69784	496.02771362586606	752.3347763347764
69819	450.99307159353344	582.6378066378065
69851	457.9214780600462	513.3737373737373
69883	532.9792147806005	686.5339105339106
69915	532.9792147806005	686.5339105339106
69943	568.7759815242495	665.7546897546898
69980	578.013856812933	724.6291486291486
70011	534.1339491916859	676.1443001443002
70053	479.8614318706698	646.1298701298701
70103	574.5496535796767	474.1240981240981
70136	729.284064665127	604.5714285714287
70173	691.1778290993071	603.4170274170275
70207	579.1685912240184	672.6810966810967
70236	595.3348729792148	709.6219336219336
70270	493.71824480369514	715.3939393939394
70296	687.7136258660507	720.0115440115441
70326	687.7136258660507	720.0115440115441
70353	687.7136258660507	720.0115440115441
70385	575.7043879907621	384.0808080808081
70414	610.3464203233256	404.8600288600288
70447	517.9676674364896	677.2987012987014
70477	453.3025404157044	551.4689754689755
70505	554.919168591224	722.3203463203464
70532	420.9699769053118	768.4963924963926
70564	429.05311778290996	478.74170274170274
70591	388.6374133949192	515.6825396825398
70618	496.02771362586606	527.2265512265511
70654	501.8013856812933	483.35930735930737
70687	529.5150115473441	530.6897546897547
70720	475.24249422632795	564.1673881673881
70754	424.43418013856814	679.6075036075036
70804	448.6836027713626	835.4516594516595
70850	334.364896073903	568.7849927849927
70889	399.0300230946882	614.961038961039
70926	380.55427251732107	584.9466089466089
70958	440.6004618937645	523.7633477633477
70984	315.8891454965358	539.9249639249639
71012	393.256351039261	513.3737373737373
71042	462.54041570438795	636.894660894661
71081	423.27944572748265	710.7763347763348
71114	468.31408775981527	640.3578643578644
71143	268.5450346420323	736.1731601731602
71171	530.6697459584295	604.5714285714287
71202	530.6697459584295	604.5714285714287
71237	631.1316397228637	688.8427128427129
71265	554.919168591224	763.878787878788
71298	521.431870669746	781.1948051948052
71331	641.5242494226328	632.2770562770563
71360	535.2886836027714	612.6522366522366
71392	485.635103926097	626.5050505050506
71432	483.3256351039261	578.020202020202
71461	754.6882217090068	487.97691197691194
71490	754.6882217090068	487.97691197691194
71521	377.09006928406467	602.2626262626263
71571	606.8822170900692	528.3809523809523
71625	437.1362586605081	620.7330447330448
71687	665.7736720554271	657.6738816738816
71726	620.7390300230946	519.1457431457432
71756	478.7066974595843	586.10101010101
71790	440.6004618937645	628.8138528138528
71822	305.4965357967667	589.5642135642136
71872	177.32101616628177	698.0779220779222
71903	258.1524249422633	720.0115440115441
71933	378.2448036951501	589.5642135642136
71966	366.69745958429564	591.8730158730159
72008	293.9491916859123	559.5497835497836
72060	474.08775981524246	629.968253968254
72110	556.0739030023095	522.6089466089466
72142	554.919168591224	494.9033189033189
72177	388.6374133949192	698.0779220779222
72209	377.09006928406467	700.3867243867244
72250	586.0969976905311	635.7402597402598
72279	594.1801385681292	563.012987012987
72307	362.0785219399538	776.5772005772006
72336	336.6743648960739	858.5396825396825
72370	430.2078521939954	822.7532467532468
72401	471.7782909930716	699.2323232323232
72432	566.4665127020785	617.2698412698413
72461	566.4665127020785	571.093795093795
72500	651.9168591224018	538.7705627705627
72556	504.11085450346417	560.7041847041847
72586	542.217090069284	689.9971139971141
72624	542.217090069284	689.9971139971141
72656	758.1524249422632	459.1168831168831
72690	664.6189376443417	573.4025974025974
72722	627.6674364896073	531.8441558441558
72753	511.03926096997685	647.2842712842713
72779	493.71824480369514	507.60173160173156
72810	559.5381062355658	475.2784992784992
72840	265.08083140877596	634.5858585858587
72873	268.5450346420323	621.8874458874459
72905	396.72055427251735	758.1067821067821
72938	396.72055427251735	758.1067821067821
72965	232.74826789838338	572.2481962481962
73005	269.6997690531178	567.6305916305915
73073	371.3163972286374	717.7027417027418
73112	371.3163972286374	717.7027417027418
73143	238.52193995381063	728.0923520923521
73179	228.12933025404158	692.3059163059164
73214	410.5773672055427	614.961038961039
73251	416.35103926097	621.8874458874459
73290	256.99769053117785	688.8427128427129
73328	335.51963048498845	581.4834054834055
73365	332.0554272517321	548.005772005772
73402	262.7713625866051	753.4891774891776
73435	308.9607390300231	578.020202020202
73474	308.9607390300231	578.020202020202
73507	447.52886836027716	736.1731601731602
73542	358.6143187066975	708.4675324675325
73578	293.9491916859123	878.1645021645023
73610	347.06697459584296	647.2842712842713
73642	296.25866050808315	642.6666666666666
73677	321.6628175519631	596.4906204906205
73708	321.6628175519631	596.4906204906205
73740	440.6004618937645	720.0115440115441
73775	440.6004618937645	720.0115440115441
73807	366.69745958429564	611.4978354978355
73840	370.161662817552	703.8499278499279
73874	370.161662817552	659.9826839826841
73912	399.0300230946882	566.4761904761905
73950	313.57967667436486	691.1515151515152
73980	416.35103926097	550.3145743145743
74012	456.76674364896076	532.998556998557
74045	472.93302540415704	766.1875901875902
74071	453.3025404157044	755.7979797979798
74124	422.1247113163972	715.3939393939394
74153	579.1685912240184	599.953823953824
74208	514.5034642032332	597.6450216450216
74261	415.1963048498845	735.018759018759
74308	463.69515011547344	656.5194805194806
74358	439.44572748267893	649.5930735930737
74391	448.6836027713626	715.3939393939394
74427	450.99307159353344	746.5627705627707
74458	380.55427251732107	668.063492063492
74491	393.256351039261	564.1673881673881
74525	521.431870669746	579.1746031746031
74558	500.6466512702079	553.7777777777777
74591	478.7066974595843	560.7041847041847
74625	526.0508083140878	596.4906204906205
74658	658.8452655889146	539.9249639249639
74691	588.4064665127021	610.3434343434344
74736	573.3949191685912	456.8080808080808
74792	420.9699769053118	687.6883116883117
74825	348.2217090069284	756.952380952381
74858	431.3625866050808	684.2251082251082
74892	356.30484988452656	629.968253968254
74925	356.30484988452656	629.968253968254
74975	329.7459584295612	583.7922077922077
75025	306.65127020785224	680.7619047619048
75073	188.86836027713628	746.5627705627707
75109	236.21247113163975	807.7460317460318
75142	230.4387990762125	738.4819624819626
75186	326.28175519630486	642.6666666666666
75233	310.1154734411086	639.2034632034632
75280	208.49884526558893	743.0995670995671
75323	348.2217090069284	808.9004329004329
75368	417.50577367205545	545.6969696969697
75416	447.52886836027716	567.6305916305915
75462	474.08775981524246	644.975468975469
75526	456.76674364896076	648.4386724386725
75563	474.08775981524246	691.1515151515152
75596	588.4064665127021	664.6002886002886
75631	528.3602771362587	744.2539682539683
75658	390.9468822170901	647.2842712842713
75689	549.1454965357968	611.4978354978355
75718	505.26558891454965	597.6450216450216
75747	557.228637413395	479.8961038961039
75783	687.7136258660507	530.6897546897547
75814	460.2309468822171	635.7402597402598
75847	563.0023094688221	725.7835497835498
75893	563.0023094688221	725.7835497835498
75935	526.0508083140878	569.9393939393939
75969	663.4642032332563	665.7546897546898
76001	693.487297921478	748.871572871573
76043	507.5750577367205	613.8066378066378
76110	683.0946882217089	604.5714285714287
76144	551.4549653579677	693.4603174603175
76175	551.4549653579677	720.0115440115441
76207	626.5127020785218	576.8658008658009
76243	656.5357967667436	545.6969696969697
76270	567.6212471131639	568.7849927849927
76304	521.431870669746	720.0115440115441
76329	558.3833718244804	618.4242424242425
76361	507.5750577367205	489.1313131313131
76393	605.7274826789838	688.8427128427129
76424	647.29792147806	626.5050505050506
76456	584.9422632794458	579.1746031746031
76510	496.02771362586606	574.5569985569986
76543	477.55196304849886	580.3290043290043
76572	644.9884526558891	594.1818181818182
76603	662.3094688221707	596.4906204906205
76633	642.6789838337181	696.923520923521
76665	591.8706697459584	625.3506493506494
76698	590.7159353348729	708.4675324675325
76735	605.7274826789838	686.5339105339106
76766	509.8845265588915	593.0274170274171
76794	509.8845265588915	593.0274170274171
76824	438.2909930715935	469.50649350649354
76851	438.2909930715935	469.50649350649354
76887	386.32794457274827	584.9466089466089
76915	386.32794457274827	584.9466089466089
76945	282.4018475750578	560.7041847041847
76984	528.3602771362587	539.9249639249639
77021	524.8960739030023	550.3145743145743
77052	455.6120092378753	535.3073593073593
77094	455.6120092378753	535.3073593073593
77140	560.6928406466512	780.040404040404
77199	670.392609699769	520.3001443001443
77249	1248.9145496535796	695.7691197691198
77287	1311.2702078521938	628.8138528138528
77328	1001.8013856812933	448.72727272727275
77378	1275.4734411085449	671.5266955266956
77414	1187.7136258660507	512.2193362193361
77449	1192.3325635103924	571.093795093795
77478	1353.9953810623556	651.901875901876
77511	1290.484988452656	624.1962481962482
77545	1038.7528868360275	569.9393939393939
77578	1123.0484988452656	671.5266955266956
77605	1203.879907621247	649.5930735930737
77633	1235.0577367205542	505.29292929292933
77661	1254.688221709007	595.3362193362194
77697	1213.1177829099306	580.3290043290043
77731	1138.0600461893764	864.3116883116884
77762	1138.0600461893764	864.3116883116884
77794	606.8822170900692	640.3578643578644
77821	621.8937644341801	595.3362193362194
77848	483.3256351039261	478.74170274170274
77876	482.17090069284063	512.2193362193361
77901	275.47344110854505	516.8369408369408
77930	261.6166281755196	582.6378066378065
77961	272.0092378752887	767.3419913419914
77995	272.0092378752887	767.3419913419914
78031	269.6997690531178	527.2265512265511
78070	299.7228637413395	487.97691197691194
78117	278.9376443418014	580.3290043290043
78156	332.0554272517321	598.7994227994228
78187	158.84526558891454	335.5959595959596
78217	217.73672055427252	427.94805194805195
78249	206.189376443418	604.5714285714287
78284	347.06697459584296	575.7113997113997
78313	359.7690531177829	430.2568542568542
78345	359.7690531177829	430.2568542568542
78379	258.1524249422633	479.8961038961039
78412	335.51963048498845	386.38961038961037
78446	319.3533487297922	437.18326118326115
78484	307.80600461893766	467.19769119769114
78516	481.0161662817552	629.968253968254
78546	493.71824480369514	602.2626262626263
78581	476.3972286374134	494.9033189033189
78618	281.2471131639723	763.878787878788
78659	281.2471131639723	763.878787878788
78693	303.18706697459584	674.9898989898991
78726	350.5311778290993	671.5266955266956
78758	298.56812933025407	640.3578643578644
78784	357.45958429561205	588.4098124098124
78816	267.3903002309469	505.29292929292933
78844	411.73210161662814	516.8369408369408
78877	411.73210161662814	516.8369408369408
78911	440.6004618937645	542.2337662337662
78937	440.6004618937645	542.2337662337662
78965	366.69745958429564	520.3001443001443
78996	446.3741339491917	576.8658008658009
79023	388.6374133949192	543.3881673881674
79053	349.3764434180139	657.6738816738816
79085	267.3903002309469	583.7922077922077
79119	419.8152424942263	635.7402597402598
79151	410.5773672055427	528.3809523809523
79185	328.5912240184757	661.1370851370853
79213	440.6004618937645	576.8658008658009
79249	373.6258660508083	572.2481962481962
79286	394.41108545034643	776.5772005772006
79320	501.8013856812933	765.033189033189
79352	494.8729792147806	808.9004329004329
79390	446.3741339491917	864.3116883116884
79430	364.3879907621247	856.2308802308802
79468	445.21939953810625	689.9971139971141
79509	551.4549653579677	729.2467532467532
79540	597.6443418013856	872.3924963924965
79580	427.89838337182454	797.3564213564214
79617	427.89838337182454	797.3564213564214
79647	709.6535796766743	726.937950937951
79697	670.392609699769	896.6349206349207
79764	654.2263279445727	597.6450216450216
79824	656.5357967667436	752.3347763347764
79875	610.3464203233256	771.959595959596
79907	589.5612009237875	730.4011544011544
79946	531.8244803695151	820.4444444444445
79986	632.2863741339492	676.1443001443002
80017	449.838337182448	800.8196248196249
80054	484.48036951501155	814.6724386724386
80086	357.45958429561205	853.9220779220778
80119	328.5912240184757	907.024531024531
80147	338.9838337182448	909.3333333333334
80173	336.6743648960739	788.1212121212121
80204	258.1524249422633	857.3852813852815
80236	240.83140877598152	985.5238095238096
80267	215.4272517321016	975.1341991341992
80300	392.1016166281755	865.4660894660894
80340	430.2078521939954	796.2020202020202
80369	318.19861431870675	759.2611832611833
80406	366.69745958429564	821.5988455988457
80436	322.8175519630485	793.893217893218
80475	378.2448036951501	838.9148629148629
80513	427.89838337182454	852.7676767676768
80552	365.54272517321016	825.0620490620491
80604	261.6166281755196	632.2770562770563
80637	259.30715935334877	681.916305916306
80676	181.93995381062356	590.7186147186147
80707	282.4018475750578	737.3275613275614
80741	205.03464203233256	820.4444444444445
80771	307.80600461893766	723.4747474747476
80802	161.15473441108546	961.2813852813853
80836	179.63048498845265	1030.5454545454547
80867	341.2933025404157	643.8210678210678
80905	268.5450346420323	1030.5454545454547
80937	-119.44572748267898	1510.7763347763348
80975	492.5635103926097	995.91341991342
81005	154.22632794457274	1238.3376623376623
81042	1037.5981524249423	598.7994227994228
81077	1267.3903002309469	650.7474747474748
81108	1187.7136258660507	857.3852813852815
81138	1293.9491916859122	677.2987012987014
81169	1144.9884526558892	754.6435786435786
81199	1138.0600461893764	737.3275613275614
81237	1192.3325635103924	807.7460317460318
81282	1179.6304849884527	534.1529581529581
81349	1254.688221709007	686.5339105339106
81386	1177.3210161662817	515.6825396825398
81416	1193.4872979214779	539.9249639249639
81449	1270.8545034642032	677.2987012987014
81482	1287.0207852193996	646.1298701298701
81516	1210.8083140877598	778.886002886003
81549	1190.0230946882216	640.3578643578644
81583	1358.6143187066975	627.6594516594516
81616	1298.568129330254	740.7907647907648
81651	1347.0669745958428	711.930735930736
81683	1454.45727482679	838.9148629148629
81717	1448.6836027713625	792.7388167388168
81749	1388.6374133949191	677.2987012987014
81783	1388.6374133949191	677.2987012987014
81826	1357.4595842956119	707.3131313131314
81965	1333.2101616628177	797.3564213564214
82003	1314.7344110854501	851.6132756132757
82040	1265.0808314087758	768.4963924963926
82083	1300.877598152425	737.3275613275614
82117	1307.8060046189375	829.6796536796537
