time	x	y
1	-5.127020785219397	125.49494949494951
64	175.01154734411088	85.0909090909091
106	355.15011547344113	224.7734487734488
157	315.8891454965358	179.75180375180375
207	412.8868360277136	319.4343434343434
255	534.1339491916859	131.26695526695528
306	481.0161662817552	149.73737373737376
353	1321.662817551963	705.0043290043291
383	1250.069284064665	633.4314574314575
411	1285.866050808314	565.3217893217893
445	1252.378752886836	626.5050505050506
489	1005.2655889145497	520.3001443001443
532	420.9699769053118	227.08225108225108
561	375.9353348729792	285.95670995671
590	482.17090069284063	265.1774891774892
620	438.2909930715935	258.25108225108227
648	364.3879907621247	335.5959595959596
688	364.3879907621247	335.5959595959596
757	175.01154734411088	273.25829725829726
795	352.84064665127016	20.444444444444446
830	474.08775981524246	911.6421356421357
862	594.1801385681292	855.0764790764791
895	693.487297921478	634.5858585858587
929	681.9399538106235	679.6075036075036
963	310.1154734411086	451.036075036075
992	364.3879907621247	395.62481962481957
1026	83.78752886836028	145.11976911976913
1062	902.4942263279445	509.9105339105339
1096	902.4942263279445	509.9105339105339
1125	1272.0092378752886	502.98412698412693
1161	1272.0092378752886	502.98412698412693
1194	1244.2956120092379	610.3434343434344
1223	1259.3071593533487	590.7186147186147
1249	1224.6651270207851	568.7849927849927
1276	1350.531177829099	784.6580086580087
1310	1287.0207852193996	486.82251082251076
1358	1419.8152424942264	437.18326118326115
1393	588.4064665127021	255.94227994227995
1428	290.4849884526559	179.75180375180375
1462	270.8545034642033	-167.7229437229437
1495	80.32332563510393	19.29004329004329
1527	30.669745958429562	-6.106782106782106
1563	173.8568129330254	101.25252525252526
1595	157.69053117782911	167.05339105339107
1632	87.25173210161662	22.753246753246753
1675	87.25173210161662	33.142857142857146
1710	87.25173210161662	33.142857142857146
1744	285.86605080831407	209.76623376623377
1780	623.0484988452655	356.3751803751804
1842	639.2147806004618	327.5151515151515
1897	337.82909930715937	176.2886002886003
1930	165.77367205542726	-9.569985569985569
1968	160.0	-131.93650793650792
1997	44.52655889145497	-103.07647907647907
2029	67.62124711316397	-32.65800865800866
2060	274.3187066974596	-82.2972582972583
2087	199.26096997690533	-79.98845598845598
2121	172.70207852193994	-23.42279942279942
2170	91.87066974595844	-40.73881673881674
2213	222.35565819861432	-54.59163059163059
2250	208.49884526558893	-161.95093795093794
2283	140.36951501154735	234.008658008658
2318	140.36951501154735	234.008658008658
2351	267.3903002309469	-40.73881673881674
2384	267.3903002309469	-40.73881673881674
2413	410.5773672055427	237.47186147186147
2447	305.4965357967667	179.75180375180375
2473	394.41108545034643	246.7070707070707
2502	453.3025404157044	254.78787878787878
2528	780.0923787528867	862.002886002886
2564	496.02771362586606	568.7849927849927
2609	496.02771362586606	568.7849927849927
2647	412.8868360277136	161.2813852813853
2678	347.06697459584296	170.51659451659452
2709	163.46420323325637	158.97258297258298
2744	232.74826789838338	137.03896103896105
2776	405.95842956120094	89.70851370851372
2809	237.36720554272517	11.20923520923521
2843	310.1154734411086	-71.90764790764791
2876	221.20092378752886	90.86291486291486
2909	236.21247113163975	133.5757575757576
2943	155.3810623556582	44.686868686868685
2977	156.53579676674366	16.981240981240983
3030	165.77367205542726	191.2958152958153
3083	169.23787528868363	220.15584415584416
3130	31.824480369515012	-11.878787878787877
3159	128.82217090069284	77.01010101010101
3193	112.65588914549654	49.304473304473305
3231	164.6189376443418	141.65656565656565
3260	206.189376443418	6.591630591630593
3293	109.19168591224019	-47.665223665223664
3327	118.4295612009238	77.01010101010101
3362	216.58198614318707	275.56709956709955
3394	157.69053117782911	34.297258297258296
3427	136.90531177829098	30.834054834054836
3460	136.90531177829098	30.834054834054836
3493	217.73672055427252	57.38528138528138
3530	341.2933025404157	5.437229437229439
3560	342.4480369515012	-133.0909090909091
3593	198.10623556581984	68.92929292929293
3627	244.29561200923789	-10.724386724386724
3660	126.51270207852194	72.3924963924964
3694	218.89145496535798	155.5093795093795
3728	345.91224018475754	192.45021645021646
3761	285.86605080831407	303.27272727272725
3804	330.9006928406467	-17.650793650793652
3841	334.364896073903	163.5901875901876
3875	416.35103926097	207.45743145743148
3911	321.6628175519631	64.31168831168831
3945	325.1270207852194	12.363636363636363
3989	329.7459584295612	137.03896103896105
4039	485.635103926097	718.8571428571429
4077	595.3348729792148	961.2813852813853
4111	588.4064665127021	1065.1774891774892
4144	536.4434180138569	519.1457431457432
4177	651.9168591224018	565.3217893217893
4211	390.9468822170901	62.002886002886
4244	344.75750577367205	-36.12121212121212
4278	325.1270207852194	266.33189033189035
4311	482.17090069284063	158.97258297258298
4344	494.8729792147806	194.75901875901877
4378	372.47113163972284	64.31168831168831
4411	432.5173210161663	289.4199134199134
4444	439.44572748267893	64.31168831168831
4480	504.11085450346417	202.83982683982686
4512	388.6374133949192	86.24531024531026
4545	550.3002309468822	532.998556998557
4582	347.06697459584296	4.282828282828284
4613	450.99307159353344	43.532467532467535
4645	270.8545034642033	-9.569985569985569
4678	487.9445727482679	202.83982683982686
4711	487.9445727482679	202.83982683982686
4745	580.323325635104	59.6940836940837
4778	590.7159353348729	-97.30447330447329
4811	551.4549653579677	421.021645021645
4845	532.9792147806005	337.90476190476187
4878	715.4272517321016	1186.3896103896104
4913	558.3833718244804	1334.152958152958
4945	735.0577367205542	1079.030303030303
4978	736.2124711316396	937.038961038961
5012	591.8706697459584	351.7575757575757
5047	524.8960739030023	430.2568542568542
5080	498.3371824480369	422.17604617604616
5152	372.47113163972284	-6.106782106782106
5181	700.4157043879907	312.5079365079365
5213	698.1062355658197	236.31746031746036
5244	593.0254041570439	-118.08369408369408
5279	639.2147806004618	107.02453102453104
5312	375.9353348729792	148.5829725829726
5346	665.7736720554271	111.64213564213566
5379	572.2401847575059	92.01731601731603
5412	624.2032332563509	381.77200577200574
5445	702.7251732101616	411.7864357864358
5496	401.3394919168591	-1.489177489177488
5525	235.05773672055426	67.77489177489177
5562	216.58198614318707	-4.952380952380951
5596	233.90300230946883	239.7806637806638
5629	284.71131639722864	168.2077922077922
5663	75.70438799076213	75.85569985569987
5696	45.68129330254042	14.672438672438673
5729	267.3903002309469	295.19191919191917
5763	233.90300230946883	184.36940836940838
5796	202.72517321016167	90.86291486291486
5829	243.14087759815243	18.135642135642136
5863	218.89145496535798	3.1284271284271297
5896	255.8429561200924	33.142857142857146
5931	255.8429561200924	33.142857142857146
5963	315.8891454965358	63.15728715728716
5996	315.8891454965358	63.15728715728716
6030	211.96304849884527	161.2813852813853
6064	335.51963048498845	119.72294372294374
6130	340.1385681293302	135.8845598845599
6167	378.2448036951501	92.01731601731603
6202	341.2933025404157	-85.76046176046175
6234	445.21939953810625	299.8095238095238
6264	384.01847575057735	77.01010101010101
6296	418.6605080831409	153.20057720057721
6330	307.80600461893766	219.001443001443
6363	314.73441108545035	108.1789321789322
6392	314.73441108545035	108.1789321789322
6420	308.9607390300231	53.922077922077925
6451	283.5565819861432	157.81818181818184
6481	283.5565819861432	157.81818181818184
6513	311.270207852194	162.43578643578644
6546	311.270207852194	162.43578643578644
6576	434.82678983833716	358.68398268398266
6630	692.3325635103926	1038.6262626262626
6666	453.3025404157044	526.0721500721501
6721	393.256351039261	588.4098124098124
6753	239.67667436489606	170.51659451659452
6792	399.0300230946882	220.15584415584416
6830	320.5080831408776	137.03896103896105
6862	251.2240184757506	295.19191919191917
6894	248.91454965357968	237.47186147186147
6929	419.8152424942263	78.16450216450217
6967	396.72055427251735	19.29004329004329
7003	359.7690531177829	-106.53968253968253
7032	432.5173210161663	59.6940836940837
7064	433.67205542725173	56.23088023088023
7097	360.9237875288684	120.8773448773449
7131	384.01847575057735	187.83261183261183
7162	320.5080831408776	206.3030303030303
7215	471.7782909930716	177.44300144300144
7270	378.2448036951501	279.03030303030306
7307	378.2448036951501	279.03030303030306
7348	381.7090069284065	192.45021645021646
7385	415.1963048498845	67.77489177489177
7420	415.1963048498845	67.77489177489177
7448	512.1939953810623	41.22366522366522
7476	455.6120092378753	150.8917748917749
7501	534.1339491916859	62.002886002886
7537	407.1131639722864	52.76767676767676
7568	466.00461893764435	35.45165945165945
7606	423.27944572748265	12.363636363636363
7640	379.3995381062356	68.92929292929293
7676	416.35103926097	190.14141414141415
7708	385.17321016166284	-56.9004329004329
7737	486.7898383371824	79.31890331890334
7768	363.23325635103924	78.16450216450217
7804	403.64896073903003	57.38528138528138
7856	282.4018475750578	63.15728715728716
7912	287.02078521939956	95.48051948051949
7962	408.26789838337186	210.9206349206349
8000	298.56812933025407	119.72294372294374
8038	340.1385681293302	60.84848484848485
8075	277.7829099307159	35.45165945165945
8103	412.8868360277136	700.3867243867244
8136	412.8868360277136	700.3867243867244
8177	591.8706697459584	946.2741702741703
8232	384.01847575057735	414.095238095238
8268	356.30484988452656	440.6464646464646
8295	258.1524249422633	484.51370851370854
8349	175.01154734411088	232.85425685425687
8388	228.12933025404158	216.69264069264068
8421	483.3256351039261	215.53823953823957
8451	338.9838337182448	275.56709956709955
8482	341.2933025404157	95.48051948051949
8516	223.51039260969978	48.15007215007215
8549	243.14087759815243	444.1096681096681
8582	296.25866050808315	234.008658008658
8616	243.14087759815243	111.64213564213566
8649	186.55889145496533	87.3997113997114
8687	265.08083140877596	152.04617604617604
8716	253.53348729792145	193.60461760461763
8749	253.53348729792145	193.60461760461763
8783	142.67898383371823	117.41414141414141
8820	206.189376443418	190.14141414141415
8851	162.3094688221709	250.17027417027418
8884	199.26096997690533	149.73737373737376
8917	210.8083140877598	125.49494949494951
8949	256.99769053117785	73.54689754689755
8983	224.66512702078523	25.062049062049063
9016	226.97459584295612	145.11976911976913
9051	191.17782909930716	236.31746031746036
9083	151.91685912240186	172.82539682539684
9119	214.27251732101618	101.25252525252526
9172	296.25866050808315	43.532467532467535
9234	556.0739030023095	903.5613275613276
9293	578.013856812933	735.018759018759
9335	328.5912240184757	-77.67965367965367
9373	326.28175519630486	232.85425685425687
9404	247.75981524249426	406.01443001443
9433	210.8083140877598	260.55988455988455
9467	191.17782909930716	-19.95959595959596
9502	233.90300230946883	55.07647907647908
9534	215.4272517321016	-13.033189033189032
9566	238.52193995381063	173.97979797979798
9605	154.22632794457274	94.32611832611833
9635	179.63048498845265	309.044733044733
9667	169.23787528868363	216.69264069264068
9705	147.29792147806006	207.45743145743148
9737	314.73441108545035	36.60606060606061
9772	337.82909930715937	8.900432900432902
9804	251.2240184757506	97.7893217893218
9834	356.30484988452656	117.41414141414141
9867	315.8891454965358	45.84126984126984
9905	315.8891454965358	45.84126984126984
9941	456.76674364896076	36.60606060606061
9968	456.76674364896076	36.60606060606061
10001	308.9607390300231	268.64069264069263
10039	444.0646651270208	154.35497835497836
10072	416.35103926097	171.6709956709957
10103	397.8752886836028	155.5093795093795
10134	467.15935334872984	212.07503607503608
10167	433.67205542725173	94.32611832611833
10201	433.67205542725173	94.32611832611833
10234	485.635103926097	120.8773448773449
10267	425.58891454965357	112.7965367965368
10301	345.91224018475754	117.41414141414141
10334	487.9445727482679	13.518037518037518
10372	463.69515011547344	50.45887445887446
10401	461.3856812933025	172.82539682539684
10434	437.1362586605081	137.03896103896105
10471	511.03926096997685	-10.724386724386724
10501	504.11085450346417	51.61327561327561
10535	476.3972286374134	60.84848484848485
10569	476.3972286374134	60.84848484848485
10601	678.4757505773671	634.5858585858587
10635	685.4041570438798	618.4242424242425
10668	681.9399538106235	708.4675324675325
10702	535.2886836027714	327.5151515151515
10735	560.6928406466512	280.1847041847042
10768	417.50577367205545	146.2741702741703
10802	455.6120092378753	62.002886002886
10835	553.7644341801386	111.64213564213566
10868	485.635103926097	227.08225108225108
10904	477.55196304849886	133.5757575757576
10938	343.6027713625866	214.3838383838384
10976	344.75750577367205	134.73015873015873
11031	255.8429561200924	247.86147186147187
11064	427.89838337182454	209.76623376623377
11102	344.75750577367205	156.66378066378067
11135	282.4018475750578	296.34632034632034
11169	356.30484988452656	210.9206349206349
11202	400.18475750577363	30.834054834054836
11238	536.4434180138569	230.54545454545456
11274	614.9653579676674	277.8759018759019
11308	580.323325635104	299.8095238095238
11340	553.7644341801386	356.3751803751804
11372	450.99307159353344	209.76623376623377
11407	450.99307159353344	209.76623376623377
11438	308.9607390300231	502.98412698412693
11473	308.9607390300231	502.98412698412693
11556	166.92840646651268	457.96248196248195
11594	148.4526558891455	397.9336219336219
11625	200.4157043879908	442.95526695526695
11655	402.49422632794455	357.5295815295815
11691	402.49422632794455	357.5295815295815
11724	444.0646651270208	442.95526695526695
11769	426.743648960739	399.0880230880231
11806	437.1362586605081	423.3304473304473
11839	447.52886836027716	437.18326118326115
11874	352.84064665127016	678.4531024531025
11911	664.6189376443417	262.8686868686869
11942	571.0854503464203	303.27272727272725
11978	539.9076212471131	307.8903318903319
12019	549.1454965357968	92.01731601731603
12053	575.7043879907621	150.8917748917749
12086	605.7274826789838	205.14862914862917
12121	556.0739030023095	176.2886002886003
12157	642.6789838337181	184.36940836940838
12203	596.4896073903002	153.20057720057721
12253	535.2886836027714	161.2813852813853
12287	675.0115473441108	270.949494949495
12320	675.0115473441108	270.949494949495
12353	644.9884526558891	163.5901875901876
12385	770.8545034642032	332.1327561327561
12420	766.2355658198614	422.17604617604616
12470	729.284064665127	188.987012987013
12524	640.3695150115473	439.4920634920635
12570	683.0946882217089	31.98845598845599
12612	706.1893764434179	320.5887445887446
12656	798.568129330254	422.17604617604616
12691	768.5450346420323	262.8686868686869
12721	741.9861431870669	168.2077922077922
12754	774.3187066974594	326.36075036075033
12787	606.8822170900692	208.6118326118326
12820	765.0808314087759	231.6998556998557
12854	509.8845265588915	113.95093795093796
12887	514.5034642032332	105.87012987012987
12921	705.0346420323325	289.4199134199134
12954	729.284064665127	188.987012987013
12987	737.3672055427251	20.444444444444446
13021	747.7598152424941	177.44300144300144
13054	726.9745958429561	310.19913419913416
13087	690.0230946882217	360.992784992785
13119	609.1916859122401	290.5743145743146
13149	594.1801385681292	207.45743145743148
13181	711.9630484988452	15.826839826839828
13209	718.8914549653579	1.974025974025975
13243	418.6605080831409	148.5829725829726
13276	417.50577367205545	127.80375180375181
13307	241.986143187067	242.0894660894661
13339	241.986143187067	242.0894660894661
13371	347.06697459584296	3.1284271284271297
13404	447.52886836027716	150.8917748917749
13438	447.52886836027716	150.8917748917749
13471	474.08775981524246	109.33333333333334
13504	472.93302540415704	216.69264069264068
13538	492.5635103926097	112.7965367965368
13575	492.5635103926097	112.7965367965368
13605	359.7690531177829	258.25108225108227
13638	405.95842956120094	167.05339105339107
13671	384.01847575057735	132.42135642135645
13708	259.30715935334877	-101.9220779220779
13759	256.99769053117785	-33.81240981240981
13808	386.32794457274827	53.922077922077925
13847	220.0461893764434	-43.047619047619044
13888	166.92840646651268	10.054834054834055
13922	166.92840646651268	10.054834054834055
13955	320.5080831408776	324.051948051948
13988	314.73441108545035	372.5367965367965
14022	717.7367205542724	1040.935064935065
14056	691.1778290993071	991.2958152958153
14088	350.5311778290993	506.4473304473304
14122	363.23325635103924	468.3520923520923
14159	349.3764434180139	290.5743145743146
14195	299.7228637413395	335.5959595959596
14246	116.12009237875289	134.73015873015873
14289	101.10854503464203	28.525252525252526
14322	161.15473441108546	29.67965367965368
14357	209.65357967667435	177.44300144300144
14394	277.7829099307159	162.43578643578644
14428	240.83140877598152	-25.73160173160173
14460	194.64203233256353	-0.3347763347763338
14492	214.27251732101618	-70.75324675324676
14527	183.09468822170902	-78.83405483405483
14559	224.66512702078523	128.95815295815297
14589	221.20092378752886	60.84848484848485
14626	202.72517321016167	6.591630591630593
14672	462.54041570438795	717.7027417027418
14711	492.5635103926097	875.8556998557
14749	388.6374133949192	520.3001443001443
14783	460.2309468822171	604.5714285714287
14817	270.8545034642033	68.92929292929293
14845	263.92609699769054	190.14141414141415
14879	84.94226327944574	125.49494949494951
14908	228.12933025404158	-38.43001443001443
14943	251.2240184757506	36.60606060606061
14969	170.39260969976905	117.41414141414141
15006	170.39260969976905	117.41414141414141
15052	171.5473441108545	115.10533910533911
15116	588.4064665127021	786.966810966811
15176	539.9076212471131	903.5613275613276
15221	429.05311778290996	283.6479076479077
15263	404.8036951501155	365.6103896103896
15309	251.2240184757506	42.37806637806638
15348	278.9376443418014	23.90764790764791
15392	291.6397228637413	214.3838383838384
15420	291.6397228637413	214.3838383838384
15446	203.8799076212471	5.437229437229439
15478	90.715935334873	-25.73160173160173
15510	315.8891454965358	0.8196248196248207
15539	239.67667436489606	22.753246753246753
15565	239.67667436489606	22.753246753246753
15595	149.60739030023095	246.7070707070707
15629	134.5958429561201	-143.48051948051946
15661	172.70207852193994	-111.15728715728714
15690	110.34642032332565	78.16450216450217
15724	110.34642032332565	78.16450216450217
15757	202.72517321016167	153.20057720057721
15790	157.69053117782911	178.5974025974026
15824	226.97459584295612	147.42857142857144
15862	171.5473441108545	-94.99567099567099
15889	171.5473441108545	-94.99567099567099
15941	260.4618937644342	96.63492063492065
15974	263.92609699769054	80.47330447330448
16007	248.91454965357968	103.56132756132756
16042	188.86836027713628	156.66378066378067
16074	305.4965357967667	74.70129870129871
16107	260.4618937644342	-41.893217893217894
16134	232.74826789838338	167.05339105339107
16162	232.74826789838338	167.05339105339107
16191	205.03464203233256	-22.26839826839827
16241	108.03695150115473	56.23088023088023
16290	166.92840646651268	59.6940836940837
16324	158.84526558891454	126.64935064935065
16360	59.53810623556583	49.304473304473305
16391	64.15704387990763	7.746031746031747
16427	124.20323325635104	149.73737373737376
16460	124.20323325635104	149.73737373737376
16492	192.3325635103926	50.45887445887446
16530	192.3325635103926	50.45887445887446
16569	135.75057736720555	-58.05483405483406
16600	52.60969976905312	229.3910533910534
16638	93.02540415704388	93.17171717171718
16671	-58.24480369515012	102.40692640692642
16709	184.24942263279445	273.25829725829726
16740	220.0461893764434	186.6782106782107
16773	185.4041570438799	153.20057720057721
16810	121.89376443418014	146.2741702741703
16847	169.23787528868363	140.5021645021645
16885	173.8568129330254	26.216450216450216
16925	198.10623556581984	52.76767676767676
16964	243.14087759815243	-19.95959595959596
16997	214.27251732101618	65.46608946608947
17033	243.14087759815243	45.84126984126984
17075	128.82217090069284	229.3910533910534
17114	114.96535796766743	90.86291486291486
17146	415.1963048498845	759.2611832611833
17175	446.3741339491917	745.4083694083695
17209	707.3441108545035	1034.0086580086581
17244	564.1570438799076	1059.4054834054834
17275	260.4618937644342	324.051948051948
17304	250.0692840646651	363.3015873015873
17333	348.2217090069284	325.20634920634916
17365	87.25173210161662	108.1789321789322
17394	153.0715935334873	-11.878787878787877
17431	184.24942263279445	-78.83405483405483
17464	184.24942263279445	-78.83405483405483
17496	280.0923787528868	-125.010101010101
17528	179.63048498845265	-138.86291486291483
17559	129.9769053117783	-94.99567099567099
17592	129.9769053117783	-94.99567099567099
17626	263.92609699769054	214.3838383838384
17659	269.6997690531178	156.66378066378067
17693	161.15473441108546	73.54689754689755
17727	136.90531177829098	243.24386724386727
17753	323.97228637413394	273.25829725829726
17786	323.97228637413394	273.25829725829726
17815	459.0762124711316	134.73015873015873
17844	437.1362586605081	71.23809523809524
17876	381.7090069284065	-22.26839826839827
17914	402.49422632794455	-0.3347763347763338
17943	379.3995381062356	37.76046176046176
17976	388.6374133949192	68.92929292929293
18010	327.4364896073903	142.81096681096682
18054	128.82217090069284	177.44300144300144
18094	149.60739030023095	173.97979797979798
18126	326.28175519630486	273.25829725829726
18160	277.7829099307159	269.7950937950938
18193	296.25866050808315	257.0966810966811
18227	165.77367205542726	163.5901875901876
18259	165.77367205542726	163.5901875901876
18291	151.91685912240186	223.6190476190476
18326	151.91685912240186	223.6190476190476
18357	94.18013856812934	336.7503607503607
18395	205.03464203233256	494.9033189033189
18426	214.27251732101618	438.3376623376623
18464	278.9376443418014	202.83982683982686
18493	244.29561200923789	178.5974025974026
18527	255.8429561200924	177.44300144300144
18562	203.8799076212471	185.52380952380955
18600	175.01154734411088	7.746031746031747
18632	261.6166281755196	149.73737373737376
18660	261.6166281755196	149.73737373737376
18691	217.73672055427252	160.12698412698413
18727	213.11778290993072	111.64213564213566
18760	371.3163972286374	294.03751803751805
18794	333.21016166281754	155.5093795093795
18827	209.65357967667435	158.97258297258298
18860	202.72517321016167	184.36940836940838
18894	265.08083140877596	164.74458874458875
18927	329.7459584295612	135.8845598845599
18961	291.6397228637413	156.66378066378067
18994	291.6397228637413	156.66378066378067
19036	603.4180138568128	1067.4862914862915
19094	725.8198614318705	530.6897546897547
19133	378.2448036951501	321.7431457431457
19178	238.52193995381063	363.3015873015873
19213	238.52193995381063	175.13419913419915
19261	203.8799076212471	-66.13564213564214
19313	252.37875288683603	-40.73881673881674
19378	146.1431870669746	-203.5093795093795
19436	222.35565819861432	-167.7229437229437
19498	268.5450346420323	-88.06926406926407
19544	165.77367205542726	-18.805194805194805
19582	153.0715935334873	56.23088023088023
19618	138.06004618937646	273.25829725829726
19654	157.69053117782911	48.15007215007215
19695	126.51270207852194	-54.59163059163059
19735	328.5912240184757	224.7734487734488
19771	329.7459584295612	-83.45165945165944
19812	231.59353348729792	107.02453102453104
19849	303.18706697459584	-14.187590187590187
19883	281.2471131639723	63.15728715728716
19928	173.8568129330254	86.24531024531026
19960	365.54272517321016	98.94372294372296
19998	341.2933025404157	128.95815295815297
20035	358.6143187066975	-88.06926406926407
20073	371.3163972286374	-157.33333333333331
20101	220.0461893764434	262.8686868686869
20130	243.14087759815243	214.3838383838384
20162	314.73441108545035	152.04617604617604
20197	384.01847575057735	135.8845598845599
20233	351.68591224018473	138.1933621933622
20279	187.71362586605082	-56.9004329004329
20320	196.95150115473442	-115.77489177489177
20362	303.18706697459584	273.25829725829726
20403	552.6096997690531	1158.6839826839828
20446	520.2771362586604	559.5497835497836
20486	566.4665127020785	474.1240981240981
20524	389.7921478060046	-19.95959595959596
20562	487.9445727482679	214.3838383838384
20598	336.6743648960739	51.61327561327561
20635	581.4780600461894	415.2496392496392
20679	656.5357967667436	1344.5425685425687
20717	594.1801385681292	1305.2929292929293
20754	621.8937644341801	677.2987012987014
20796	578.013856812933	768.4963924963926
20829	462.54041570438795	351.7575757575757
20863	546.8360277136259	332.1327561327561
20896	517.9676674364896	162.43578643578644
20929	453.3025404157044	-29.194805194805195
20963	568.7759815242495	-21.11399711399711
20996	389.7921478060046	-37.275613275613274
21029	382.8637413394919	-78.83405483405483
21056	397.8752886836028	-15.34199134199134
21090	566.4665127020785	201.68542568542568
21116	258.1524249422633	49.304473304473305
21151	330.9006928406467	27.370851370851373
21180	353.99538106235565	-94.99567099567099
21212	350.5311778290993	89.70851370851372
21239	362.0785219399538	-103.07647907647907
21276	344.75750577367205	-43.047619047619044
21308	274.3187066974596	33.142857142857146
21340	295.1039260969977	68.92929292929293
21374	306.65127020785224	5.437229437229439
21404	411.73210161662814	-119.23809523809523
21435	466.00461893764435	133.5757575757576
21463	315.8891454965358	-13.033189033189032
21497	218.89145496535798	12.363636363636363
21530	290.4849884526559	128.95815295815297
21563	255.8429561200924	139.34776334776336
21597	343.6027713625866	48.15007215007215
21626	382.8637413394919	51.61327561327561
21659	348.2217090069284	-4.952380952380951
21688	270.8545034642033	277.8759018759019
21725	342.4480369515012	255.94227994227995
21762	320.5080831408776	147.42857142857144
21817	337.82909930715937	89.70851370851372
21872	326.28175519630486	-26.886002886002885
21931	390.9468822170901	325.20634920634916
21983	362.0785219399538	112.7965367965368
22038	456.76674364896076	287.11111111111114
22098	430.2078521939954	-93.84126984126983
22154	491.4087759815243	108.1789321789322
22214	507.5750577367205	153.20057720057721
22264	446.3741339491917	112.7965367965368
22297	499.4919168591224	231.6998556998557
22331	285.86605080831407	90.86291486291486
22369	407.1131639722864	149.73737373737376
22404	438.2909930715935	162.43578643578644
22438	322.8175519630485	82.7821067821068
22470	288.175519630485	62.002886002886
22501	277.7829099307159	92.01731601731603
22533	298.56812933025407	90.86291486291486
22567	315.8891454965358	120.8773448773449
22603	315.8891454965358	120.8773448773449
22637	248.91454965357968	147.42857142857144
22669	278.9376443418014	410.6320346320346
22703	223.51039260969978	138.1933621933622
22733	205.03464203233256	101.25252525252526
22765	200.4157043879908	203.994227994228
22794	382.8637413394919	-56.9004329004329
22829	350.5311778290993	7.746031746031747
22856	418.6605080831409	85.0909090909091
22886	387.4826789838337	38.914862914862915
22915	380.55427251732107	312.5079365079365
22948	385.17321016166284	334.4415584415584
22987	403.64896073903003	194.75901875901877
23013	396.72055427251735	127.80375180375181
23047	536.4434180138569	72.3924963924964
23080	536.4434180138569	72.3924963924964
23132	543.3718244803695	0.8196248196248207
23164	589.5612009237875	222.46464646464648
23201	561.8475750577368	305.5815295815296
23257	653.0715935334872	-29.194805194805195
23315	491.4087759815243	379.46320346320346
23349	663.4642032332563	272.1038961038961
23382	568.7759815242495	243.24386724386727
23415	569.9307159353349	261.7142857142857
23449	610.3464203233256	404.8600288600288
23482	602.2632794457274	406.01443001443
23516	730.4387990762125	1010.9206349206349
23549	681.9399538106235	1112.5079365079366
23586	663.4642032332563	627.6594516594516
23619	605.7274826789838	588.4098124098124
23666	568.7759815242495	194.75901875901877
23699	560.6928406466512	186.6782106782107
23736	633.4411085450346	-51.12842712842712
23766	466.00461893764435	406.01443001443
23799	623.0484988452655	543.3881673881674
23833	500.6466512702079	97.7893217893218
23866	493.71824480369514	231.6998556998557
23899	565.3117782909931	417.55844155844153
23933	457.9214780600462	-32.65800865800866
23970	476.3972286374134	225.92784992784996
24032	218.89145496535798	284.8023088023088
24083	390.9468822170901	193.60461760461763
24124	393.256351039261	131.26695526695528
24169	215.4272517321016	93.17171717171718
24217	262.7713625866051	118.56854256854257
24257	193.48729792147807	194.75901875901877
24304	102.26327944572748	62.002886002886
24350	148.4526558891455	56.23088023088023
24400	59.53810623556583	156.66378066378067
24450	117.27482678983834	52.76767676767676
24488	88.40646651270208	94.32611832611833
24533	138.06004618937646	105.87012987012987
24571	138.06004618937646	105.87012987012987
24601	108.03695150115473	160.12698412698413
24638	168.08314087759814	119.72294372294374
24667	360.9237875288684	140.5021645021645
24705	360.9237875288684	140.5021645021645
24737	295.1039260969977	89.70851370851372
24784	608.0369515011547	694.6147186147186
24825	583.7875288683603	812.3636363636365
24884	583.7875288683603	523.7633477633477
24923	388.6374133949192	304.4271284271284
24967	342.4480369515012	97.7893217893218
25001	342.4480369515012	97.7893217893218
25062	313.57967667436486	-23.42279942279942
25094	162.3094688221709	70.08369408369408
25123	206.189376443418	190.14141414141415
25156	373.6258660508083	-84.6060606060606
25186	373.6258660508083	-84.6060606060606
25217	377.09006928406467	475.2784992784992
25254	375.9353348729792	254.78787878787878
25290	393.256351039261	287.11111111111114
25324	432.5173210161663	146.2741702741703
25376	377.09006928406467	63.15728715728716
25408	445.21939953810625	260.55988455988455
25438	358.6143187066975	157.81818181818184
25470	358.6143187066975	157.81818181818184
25501	419.8152424942263	38.914862914862915
25534	356.30484988452656	-17.650793650793652
25572	342.4480369515012	314.8167388167388
25603	297.4133949191686	127.80375180375181
25636	314.73441108545035	307.8903318903319
25668	337.82909930715937	228.23665223665225
25701	283.5565819861432	168.2077922077922
25735	355.15011547344113	-25.73160173160173
25772	355.15011547344113	-25.73160173160173
25801	247.75981524249426	71.23809523809524
25838	247.75981524249426	71.23809523809524
25886	191.17782909930716	311.35353535353534
25941	364.3879907621247	1122.897546897547
25986	386.32794457274827	718.8571428571429
26020	424.43418013856814	605.7258297258298
26054	433.67205542725173	369.0735930735931
26088	420.9699769053118	348.2943722943723
26124	193.48729792147807	145.11976911976913
26169	259.30715935334877	89.70851370851372
26206	133.44110854503464	324.051948051948
26241	166.92840646651268	122.03174603174605
26276	248.91454965357968	183.21500721500723
26312	185.4041570438799	214.3838383838384
26343	333.21016166281754	-66.13564213564214
26377	385.17321016166284	46.995670995671
26408	266.2355658198614	197.0678210678211
26452	224.66512702078523	232.85425685425687
26486	289.3302540415704	191.2958152958153
26519	199.26096997690533	42.37806637806638
26552	213.11778290993072	3.1284271284271297
26586	367.85219399538107	89.70851370851372
26623	353.99538106235565	128.95815295815297
26658	333.21016166281754	178.5974025974026
26697	394.41108545034643	171.6709956709957
26736	471.7782909930716	275.56709956709955
26771	471.7782909930716	13.518037518037518
26808	416.35103926097	16.981240981240983
26843	447.52886836027716	75.85569985569987
26886	423.27944572748265	168.2077922077922
26920	415.1963048498845	145.11976911976913
26953	508.729792147806	449.8816738816738
26986	464.8498845265589	461.4256854256854
27019	414.04157043879906	18.135642135642136
27069	453.3025404157044	240.93506493506496
27103	471.7782909930716	81.62770562770564
27136	505.26558891454965	125.49494949494951
27170	483.3256351039261	328.6695526695527
27204	532.9792147806005	272.1038961038961
27236	500.6466512702079	184.36940836940838
27270	536.4434180138569	163.5901875901876
27305	564.1570438799076	128.95815295815297
27336	575.7043879907621	203.994227994228
27370	617.2748267898382	117.41414141414141
27420	587.2517321016167	33.142857142857146
27453	509.8845265588915	19.29004329004329
27487	581.4780600461894	422.17604617604616
27520	551.4549653579677	429.1024531024531
27554	584.9422632794458	381.77200577200574
27603	514.5034642032332	179.75180375180375
27637	514.5034642032332	179.75180375180375
27670	716.581986143187	418.7128427128427
27709	614.9653579676674	280.1847041847042
27744	717.7367205542724	551.4689754689755
27774	717.7367205542724	551.4689754689755
27820	696.9515011547344	148.5829725829726
27854	772.0092378752886	355.2207792207792
27887	754.6882217090068	326.36075036075033
27920	707.3441108545035	306.7359307359307
27954	672.7020785219398	269.7950937950938
27990	731.5935334872978	83.93650793650794
28022	774.3187066974594	332.1327561327561
28061	777.7829099307158	220.15584415584416
28098	437.1362586605081	78.16450216450217
28132	437.1362586605081	78.16450216450217
28171	328.5912240184757	130.1125541125541
28204	310.1154734411086	57.38528138528138
28238	310.1154734411086	57.38528138528138
28276	476.3972286374134	485.6681096681096
28309	476.3972286374134	485.6681096681096
28342	430.2078521939954	134.73015873015873
28373	530.6697459584295	257.0966810966811
28404	441.7551963048499	168.2077922077922
28441	629.9769053117782	72.3924963924964
28471	629.9769053117782	72.3924963924964
28504	579.1685912240184	172.82539682539684
28538	599.9538106235566	222.46464646464648
28571	567.6212471131639	160.12698412698413
28605	545.6812933025404	42.37806637806638
28642	549.1454965357968	460.27128427128423
28699	693.487297921478	1040.935064935065
28742	774.3187066974594	725.7835497835498
28780	695.7967667436488	770.8051948051948
28821	594.1801385681292	165.8989898989899
28855	580.323325635104	115.10533910533911
28892	642.6789838337181	18.135642135642136
28930	642.6789838337181	18.135642135642136
28972	573.3949191685912	236.31746031746036
29007	634.59584295612	119.72294372294374
29042	626.5127020785218	103.56132756132756
29078	783.5565819861431	102.40692640692642
29122	880.554272517321	100.0981240981241
29158	880.554272517321	100.0981240981241
29192	1021.4318706697459	423.3304473304473
29227	751.2240184757505	339.05916305916304
29259	762.771362586605	418.7128427128427
29292	955.6120092378752	306.7359307359307
29327	929.0531177829099	235.1630591630592
29360	957.9214780600462	406.01443001443
29394	888.6374133949191	359.8383838383838
29421	655.3810623556582	272.1038961038961
29452	587.2517321016167	-81.14285714285714
29489	511.03926096997685	303.27272727272725
29527	590.7159353348729	171.6709956709957
29575	590.7159353348729	171.6709956709957
29611	589.5612009237875	176.2886002886003
29650	621.8937644341801	134.73015873015873
29689	575.7043879907621	371.3823953823954
29739	556.0739030023095	246.7070707070707
29807	350.5311778290993	190.14141414141415
29861	314.73441108545035	277.8759018759019
29906	261.6166281755196	-19.95959595959596
29944	250.0692840646651	-23.42279942279942
29981	292.79445727482675	-19.95959595959596
30010	336.6743648960739	74.70129870129871
30038	311.270207852194	168.2077922077922
30073	315.8891454965358	185.52380952380955
30106	308.9607390300231	224.7734487734488
30140	252.37875288683603	42.37806637806638
30167	336.6743648960739	130.1125541125541
30197	202.72517321016167	436.02886002886
30240	202.72517321016167	436.02886002886
30277	612.6558891454965	616.1154401154402
30309	613.8106235565818	1089.4199134199134
30340	609.1916859122401	1121.7431457431458
30390	459.0762124711316	504.13852813852816
30423	404.8036951501155	541.0793650793651
30457	430.2078521939954	477.58730158730157
30495	310.1154734411086	249.01587301587304
30526	382.8637413394919	101.25252525252526
30557	188.86836027713628	21.5988455988456
30595	252.37875288683603	155.5093795093795
30624	207.34411085450347	302.1183261183261
30657	170.39260969976905	392.16161616161617
30690	150.7621247113164	210.9206349206349
30727	157.69053117782911	377.1544011544011
30760	143.8337182448037	132.42135642135645
30790	192.3325635103926	291.72871572871577
30827	221.20092378752886	168.2077922077922
30862	178.4757505773672	11.20923520923521
30892	178.4757505773672	11.20923520923521
30926	149.60739030023095	43.532467532467535
30959	149.60739030023095	43.532467532467535
30988	350.5311778290993	155.5093795093795
31040	187.71362586605082	71.23809523809524
31079	201.57043879907621	25.062049062049063
31111	275.47344110854505	119.72294372294374
31149	275.47344110854505	119.72294372294374
31203	156.53579676674366	-0.3347763347763338
31257	263.92609699769054	93.17171717171718
31297	386.32794457274827	53.922077922077925
31330	386.32794457274827	53.922077922077925
31362	297.4133949191686	-15.34199134199134
31396	412.8868360277136	112.7965367965368
31426	423.27944572748265	322.8975468975469
31458	338.9838337182448	90.86291486291486
31491	338.9838337182448	90.86291486291486
31558	400.18475750577363	11.20923520923521
31591	547.9907621247113	267.48629148629146
31624	494.8729792147806	232.85425685425687
31658	422.1247113163972	11.20923520923521
31691	444.0646651270208	25.062049062049063
31725	608.0369515011547	105.87012987012987
31760	496.02771362586606	280.1847041847042
31808	487.9445727482679	322.8975468975469
31841	557.228637413395	268.64069264069263
31875	477.55196304849886	280.1847041847042
31908	497.1824480369515	336.7503607503607
31942	619.5842956120092	97.7893217893218
31975	554.919168591224	260.55988455988455
32008	452.147806004619	409.4776334776334
32042	446.3741339491917	334.4415584415584
32075	635.7505773672056	16.981240981240983
32108	647.29792147806	86.24531024531026
32142	648.4526558891455	255.94227994227995
32175	621.8937644341801	262.8686868686869
32208	523.7413394919168	33.142857142857146
32242	559.5381062355658	95.48051948051949
32280	516.8129330254042	176.2886002886003
32308	651.9168591224018	347.1399711399711
32342	659.9999999999999	370.2279942279942
32375	644.9884526558891	51.61327561327561
32409	644.9884526558891	51.61327561327561
32446	680.785219399538	352.91197691197686
32476	658.8452655889146	147.42857142857144
32509	509.8845265588915	-6.106782106782106
32542	658.8452655889146	216.69264069264068
32580	651.9168591224018	228.23665223665225
32612	460.2309468822171	198.22222222222223
32648	460.2309468822171	198.22222222222223
32692	89.56120092378752	302.1183261183261
32726	315.8891454965358	127.80375180375181
32759	315.8891454965358	127.80375180375181
32793	136.90531177829098	153.20057720057721
32826	136.90531177829098	153.20057720057721
32859	186.55889145496533	439.4920634920635
32892	196.95150115473442	273.25829725829726
32943	226.97459584295612	240.93506493506496
32979	263.92609699769054	153.20057720057721
33009	244.29561200923789	300.9639249639249
33043	254.68822170900697	288.26551226551226
33076	303.18706697459584	253.63347763347767
33109	303.18706697459584	253.63347763347767
33143	43.37182448036952	572.2481962481962
33176	120.73903002309468	504.13852813852816
33212	226.97459584295612	161.2813852813853
33243	195.79676674364896	198.22222222222223
33278	102.26327944572748	454.4992784992785
33312	132.2863741339492	421.021645021645
33343	330.9006928406467	977.4430014430015
33378	403.64896073903003	1009.7662337662339
33410	740.8314087759815	964.7445887445889
33444	262.7713625866051	750.025974025974
33477	343.6027713625866	805.4372294372295
33510	276.6281755196305	352.91197691197686
33544	250.0692840646651	523.7633477633477
33577	267.3903002309469	466.04329004328997
33610	262.7713625866051	403.7056277056277
33643	270.8545034642033	234.008658008658
33677	270.8545034642033	234.008658008658
33710	205.03464203233256	249.01587301587304
33743	238.52193995381063	358.68398268398266
33773	238.52193995381063	358.68398268398266
33810	326.28175519630486	281.33910533910534
33843	357.45958429561205	215.53823953823957
33894	200.4157043879908	544.5425685425686
33939	305.4965357967667	153.20057720057721
33976	440.6004618937645	227.08225108225108
34016	396.72055427251735	436.02886002886
34047	388.6374133949192	134.73015873015873
34077	288.175519630485	574.5569985569986
34128	452.147806004619	359.8383838383838
34196	327.4364896073903	379.46320346320346
34272	314.73441108545035	501.82972582972576
34339	243.14087759815243	464.8888888888889
34382	243.14087759815243	464.8888888888889
34411	216.58198614318707	365.6103896103896
34444	206.189376443418	427.94805194805195
34478	169.23787528868363	494.9033189033189
34520	136.90531177829098	239.7806637806638
34554	136.90531177829098	239.7806637806638
34583	176.1662817551963	112.7965367965368
34616	105.72748267898383	141.65656565656565
34647	178.4757505773672	309.044733044733
34682	228.12933025404158	306.7359307359307
34711	127.66743648960741	225.92784992784996
34745	131.13163972286372	142.81096681096682
34778	118.4295612009238	677.2987012987014
34811	81.47806004618937	403.7056277056277
34846	367.85219399538107	524.9177489177489
34878	367.85219399538107	524.9177489177489
34913	568.7759815242495	1171.3823953823955
34945	556.0739030023095	1312.2193362193364
34978	578.013856812933	589.5642135642136
35012	444.0646651270208	489.1313131313131
35048	444.0646651270208	489.1313131313131
35078	373.6258660508083	423.3304473304473
35112	395.56581986143186	468.3520923520923
35145	450.99307159353344	471.81529581529577
35179	453.3025404157044	365.6103896103896
35212	285.86605080831407	543.3881673881674
35245	574.5496535796767	407.16883116883116
35281	515.6581986143187	414.095238095238
35312	560.6928406466512	296.34632034632034
35345	574.5496535796767	322.8975468975469
35379	639.2147806004618	265.1774891774892
35412	639.2147806004618	265.1774891774892
35445	571.0854503464203	1278.7417027417027
35479	683.0946882217089	735.018759018759
35513	741.9861431870669	831.988455988456
35545	566.4665127020785	528.3809523809523
35579	512.1939953810623	537.6161616161615
35612	578.013856812933	404.8600288600288
35645	445.21939953810625	502.98412698412693
35679	448.6836027713626	200.53102453102457
35716	390.9468822170901	393.3160173160173
35746	388.6374133949192	386.38961038961037
35779	277.7829099307159	407.16883116883116
35813	350.5311778290993	410.6320346320346
35848	332.0554272517321	148.5829725829726
35881	305.4965357967667	261.7142857142857
35912	261.6166281755196	381.77200577200574
35947	268.5450346420323	374.84559884559883
35979	187.71362586605082	516.8369408369408
36013	281.2471131639723	436.02886002886
36046	342.4480369515012	395.62481962481957
36080	441.7551963048499	239.7806637806638
36130	523.7413394919168	335.5959595959596
36168	524.8960739030023	321.7431457431457
36213	422.1247113163972	407.16883116883116
36251	422.1247113163972	407.16883116883116
36284	367.85219399538107	320.5887445887446
36336	471.7782909930716	209.76623376623377
36398	471.7782909930716	659.9826839826841
36464	651.9168591224018	1122.897546897547
36513	409.4226327944573	862.002886002886
36549	500.6466512702079	701.5411255411256
36580	337.82909930715937	404.8600288600288
36615	259.30715935334877	508.75613275613273
36647	173.8568129330254	442.95526695526695
36682	173.8568129330254	442.95526695526695
36710	404.8036951501155	347.1399711399711
36743	139.2147806004619	337.90476190476187
36797	112.65588914549654	348.2943722943723
36846	345.91224018475754	397.9336219336219
36886	261.6166281755196	614.961038961039
36924	330.9006928406467	452.19047619047615
36964	401.3394919168591	378.3088023088023
36999	236.21247113163975	554.9321789321789
37037	236.21247113163975	554.9321789321789
37081	253.53348729792145	78.16450216450217
37120	653.0715935334872	915.1053391053391
37155	644.9884526558891	1092.883116883117
37197	777.7829099307158	1066.3318903318905
37233	479.8614318706698	833.1428571428571
37264	633.4411085450346	977.4430014430015
37297	416.35103926097	635.7402597402598
37331	300.8775981524249	460.27128427128423
37358	417.50577367205545	276.7215007215008
37387	477.55196304849886	258.25108225108227
37413	556.0739030023095	190.14141414141415
37441	567.6212471131639	275.56709956709955
37467	554.919168591224	330.97835497835496
37496	418.6605080831409	388.69841269841265
37524	329.7459584295612	471.81529581529577
37551	372.47113163972284	332.1327561327561
37577	329.7459584295612	471.81529581529577
37606	344.75750577367205	321.7431457431457
37636	344.75750577367205	321.7431457431457
37670	285.86605080831407	260.55988455988455
37740	424.43418013856814	-43.047619047619044
37781	273.16397228637413	493.74891774891773
37816	345.91224018475754	464.8888888888889
37848	307.80600461893766	456.8080808080808
37881	313.57967667436486	415.2496392496392
37915	435.98152424942265	287.11111111111114
37948	435.98152424942265	287.11111111111114
37983	468.31408775981527	269.7950937950938
38018	469.4688221709007	326.36075036075033
38050	481.0161662817552	186.6782106782107
38083	366.69745958429564	538.7705627705627
38110	388.6374133949192	599.953823953824
38139	199.26096997690533	441.8008658008658
38168	341.2933025404157	147.42857142857144
38198	408.26789838337186	279.03030303030306
38232	351.68591224018473	22.753246753246753
38258	384.01847575057735	108.1789321789322
38285	345.91224018475754	92.01731601731603
38315	335.51963048498845	-14.187590187590187
38343	335.51963048498845	-14.187590187590187
38375	426.743648960739	303.27272727272725
38405	378.2448036951501	117.41414141414141
38431	397.8752886836028	86.24531024531026
38463	419.8152424942263	51.61327561327561
38491	616.1200923787528	294.03751803751805
38519	552.6096997690531	412.94083694083696
38551	455.6120092378753	80.47330447330448
38587	431.3625866050808	141.65656565656565
38627	539.9076212471131	105.87012987012987
38688	573.3949191685912	268.64069264069263
38736	440.6004618937645	347.1399711399711
38772	372.47113163972284	-16.496392496392495
38812	476.3972286374134	490.2857142857143
38848	456.76674364896076	487.97691197691194
38880	359.7690531177829	113.95093795093796
38916	414.04157043879906	119.72294372294374
38949	402.49422632794455	29.67965367965368
38982	494.8729792147806	530.6897546897547
39016	446.3741339491917	437.18326118326115
39054	448.6836027713626	285.95670995671
39093	535.2886836027714	536.4617604617604
39133	425.58891454965357	478.74170274170274
39175	491.4087759815243	481.05050505050497
39216	418.6605080831409	411.7864357864358
39250	631.1316397228637	431.41125541125535
39288	418.6605080831409	429.1024531024531
39321	402.49422632794455	206.3030303030303
39357	312.42494226327943	364.4559884559884
39394	341.2933025404157	267.48629148629146
39433	82.63279445727483	325.20634920634916
39470	140.36951501154735	481.05050505050497
39504	146.1431870669746	351.7575757575757
39539	208.49884526558893	234.008658008658
39583	193.48729792147807	550.3145743145743
39619	225.81986143187066	472.96969696969694
39656	169.23787528868363	299.8095238095238
39684	355.15011547344113	403.7056277056277
39717	377.09006928406467	546.8513708513708
39751	411.73210161662814	238.62626262626264
39783	299.7228637413395	394.47041847041845
39817	245.4503464203233	180.90620490620492
39850	351.68591224018473	124.34054834054835
39884	582.6327944572748	1022.4646464646465
39921	650.7621247113163	1047.8614718614717
39949	601.1085450346419	1051.3246753246754
39977	580.323325635104	1019.0014430014431
40006	461.3856812933025	610.3434343434344
40038	482.17090069284063	589.5642135642136
40068	403.64896073903003	476.4329004329004
40103	373.6258660508083	463.73448773448774
40129	373.6258660508083	551.4689754689755
40162	348.2217090069284	460.27128427128423
40218	385.17321016166284	403.7056277056277
40284	329.7459584295612	320.5887445887446
40351	318.19861431870675	371.3823953823954
40408	306.65127020785224	416.40404040404036
40465	263.92609699769054	559.5497835497836
40511	232.74826789838338	478.74170274170274
40551	175.01154734411088	242.0894660894661
40587	175.01154734411088	242.0894660894661
40620	427.89838337182454	402.55122655122653
40655	367.85219399538107	441.8008658008658
40690	409.4226327944573	56.23088023088023
40727	222.35565819861432	431.41125541125535
40768	254.68822170900697	422.17604617604616
40807	340.1385681293302	275.56709956709955
40843	240.83140877598152	303.27272727272725
40885	170.39260969976905	282.49350649350646
40918	319.3533487297922	534.1529581529581
40951	285.86605080831407	544.5425685425686
40980	179.63048498845265	441.8008658008658
41016	165.77367205542726	532.998556998557
41049	261.6166281755196	523.7633477633477
41085	261.6166281755196	153.20057720057721
41123	419.8152424942263	255.94227994227995
41153	101.10854503464203	498.36652236652236
41185	131.13163972286372	455.6536796536796
41218	487.9445727482679	433.72005772005775
41252	392.1016166281755	462.5800865800866
41285	225.81986143187066	472.96969696969694
41318	256.99769053117785	274.41269841269843
41352	362.0785219399538	385.2352092352092
41383	412.8868360277136	411.7864357864358
41410	558.3833718244804	568.7849927849927
41439	412.8868360277136	411.7864357864358
41469	404.8036951501155	687.6883116883117
41502	463.69515011547344	305.5815295815296
41537	485.635103926097	432.5656565656566
41569	269.6997690531178	352.91197691197686
41601	338.9838337182448	295.19191919191917
41652	486.7898383371824	492.59451659451656
41703	416.35103926097	608.0346320346321
41765	394.41108545034643	412.94083694083696
41822	275.47344110854505	504.13852813852816
41869	123.04849884526558	127.80375180375181
41898	262.7713625866051	148.5829725829726
41927	246.60508083140877	701.5411255411256
41958	335.51963048498845	461.4256854256854
41988	453.3025404157044	800.8196248196249
42025	561.8475750577368	818.1356421356421
42053	678.4757505773671	1023.6190476190476
42089	686.5588914549653	931.2669552669553
42121	512.1939953810623	800.8196248196249
42158	514.5034642032332	793.893217893218
42186	597.6443418013856	461.4256854256854
42214	475.24249422632795	521.4545454545454
42246	532.9792147806005	506.4473304473304
42279	357.45958429561205	295.19191919191917
42310	357.45958429561205	295.19191919191917
42337	357.45958429561205	295.19191919191917
42386	409.4226327944573	609.1890331890332
42419	418.6605080831409	217.84704184704188
42453	418.6605080831409	217.84704184704188
42490	441.7551963048499	509.9105339105339
42522	273.16397228637413	-54.59163059163059
42553	299.7228637413395	-267.001443001443
42604	353.99538106235565	68.92929292929293
42666	269.6997690531178	83.93650793650794
42706	218.89145496535798	173.97979797979798
42743	342.4480369515012	75.85569985569987
42776	276.6281755196305	-193.1197691197691
42809	349.3764434180139	-36.12121212121212
42842	251.2240184757506	120.8773448773449
42870	251.2240184757506	120.8773448773449
42904	312.42494226327943	124.34054834054835
42938	270.8545034642033	75.85569985569987
42975	209.65357967667435	197.0678210678211
43015	246.60508083140877	195.91341991341992
43046	246.60508083140877	195.91341991341992
43075	206.189376443418	-78.83405483405483
43110	222.35565819861432	-167.7229437229437
43141	241.986143187067	55.07647907647908
43170	225.81986143187066	82.7821067821068
43202	363.23325635103924	192.45021645021646
43237	203.8799076212471	72.3924963924964
43288	387.4826789838337	382.9264069264069
43342	110.34642032332565	101.25252525252526
43377	297.4133949191686	56.23088023088023
43415	202.72517321016167	89.70851370851372
43454	157.69053117782911	58.53968253968254
43492	103.41801385681293	-36.12121212121212
43521	192.3325635103926	178.5974025974026
43571	208.49884526558893	112.7965367965368
43621	173.8568129330254	110.4877344877345
43671	273.16397228637413	134.73015873015873
43713	232.74826789838338	169.36219336219338
43754	452.147806004619	152.04617604617604
43784	531.8244803695151	252.47907647907647
43819	516.8129330254042	287.11111111111114
43855	631.1316397228637	191.2958152958153
43889	572.2401847575059	134.73015873015873
43925	506.42032332563514	172.82539682539684
43959	446.3741339491917	245.55266955266956
43990	658.8452655889146	195.91341991341992
44023	481.0161662817552	173.97979797979798
44057	539.9076212471131	57.38528138528138
44085	491.4087759815243	87.3997113997114
44138	507.5750577367205	71.23809523809524
44187	410.5773672055427	-70.75324675324676
44227	528.3602771362587	103.56132756132756
44262	400.18475750577363	497.2121212121212
44293	440.6004618937645	567.6305916305915
44328	415.1963048498845	688.8427128427129
44360	395.56581986143186	492.59451659451656
44394	485.635103926097	404.8600288600288
44432	530.6697459584295	623.0418470418471
44463	472.93302540415704	522.6089466089466
44494	526.0508083140878	228.23665223665225
44522	289.3302540415704	453.3448773448773
44572	382.8637413394919	341.3679653679654
44606	192.3325635103926	360.992784992785
44668	388.6374133949192	681.916305916306
44696	371.3163972286374	797.3564213564214
44729	308.9607390300231	733.8643578643579
44758	213.11778290993072	367.9191919191919
44792	215.4272517321016	326.36075036075033
44825	418.6605080831409	377.1544011544011
44876	345.91224018475754	365.6103896103896
44908	434.82678983833716	608.0346320346321
44944	377.09006928406467	257.0966810966811
44985	377.09006928406467	257.0966810966811
45023	445.21939953810625	116.25974025974027
45060	305.4965357967667	380.61760461760457
45103	358.6143187066975	266.33189033189035
45141	259.30715935334877	212.07503607503608
45188	397.8752886836028	534.1529581529581
45226	374.78060046189375	639.2034632034632
45262	426.743648960739	359.8383838383838
45299	402.49422632794455	314.8167388167388
45335	393.256351039261	212.07503607503608
45375	231.59353348729792	341.3679653679654
45417	329.7459584295612	277.8759018759019
45454	382.8637413394919	318.27994227994225
45490	151.91685912240186	25.062049062049063
45529	108.03695150115473	0.8196248196248207
45566	127.66743648960741	-19.95959595959596
45605	177.32101616628177	213.22943722943725
45641	177.32101616628177	213.22943722943725
45679	80.32332563510393	88.55411255411256
45715	302.0323325635104	28.525252525252526
45745	322.8175519630485	175.13419913419915
45780	258.1524249422633	145.11976911976913
45816	255.8429561200924	124.34054834054835
45852	593.0254041570439	988.987012987013
45907	353.99538106235565	670.3722943722944
45935	424.43418013856814	546.8513708513708
45960	232.74826789838338	257.0966810966811
45997	278.9376443418014	355.2207792207792
46040	239.67667436489606	-84.6060606060606
46088	111.50115473441109	-84.6060606060606
46126	118.4295612009238	-166.56854256854257
46174	244.29561200923789	13.518037518037518
46217	362.0785219399538	-64.98124098124099
46291	259.30715935334877	-88.06926406926407
46332	340.1385681293302	1.974025974025975
46373	270.8545034642033	108.1789321789322
46416	233.90300230946883	-10.724386724386724
46447	229.284064665127	13.518037518037518
46478	274.3187066974596	64.31168831168831
46517	112.65588914549654	18.135642135642136
46553	185.4041570438799	-28.040404040404038
46612	95.33487297921478	170.51659451659452
46647	50.30023094688222	-1.489177489177488
46708	144.98845265588915	8.900432900432902
46771	226.97459584295612	-171.18614718614717
46832	213.11778290993072	188.987012987013
46874	178.4757505773672	-174.64935064935062
46914	194.64203233256353	-159.64213564213563
46945	160.0	-105.38528138528139
46979	183.09468822170902	23.90764790764791
47014	183.09468822170902	23.90764790764791
47042	318.19861431870675	298.6551226551226
47076	348.2217090069284	124.34054834054835
47112	617.2748267898382	949.7373737373739
47144	572.2401847575059	1036.3174603174605
47181	461.3856812933025	708.4675324675325
47208	461.3856812933025	708.4675324675325
47242	299.7228637413395	191.2958152958153
47278	202.72517321016167	116.25974025974027
47309	240.83140877598152	424.48484848484844
47343	139.2147806004619	-24.577200577200575
47369	274.3187066974596	95.48051948051949
47397	158.84526558891454	146.2741702741703
47430	158.84526558891454	146.2741702741703
47462	251.2240184757506	28.525252525252526
47494	268.5450346420323	71.23809523809524
47527	208.49884526558893	-16.496392496392495
47558	208.49884526558893	-16.496392496392495
47609	82.63279445727483	-75.37085137085137
47647	226.97459584295612	-114.6204906204906
47683	187.71362586605082	68.92929292929293
47713	50.30023094688222	-16.496392496392495
47746	170.39260969976905	25.062049062049063
47781	26.05080831408776	65.46608946608947
47814	22.58660508083141	78.16450216450217
47855	22.58660508083141	78.16450216450217
47894	28.360277136258663	105.87012987012987
47928	196.95150115473442	65.46608946608947
47962	54.91916859122402	111.64213564213566
48003	54.91916859122402	111.64213564213566
48057	199.26096997690533	194.75901875901877
48109	127.66743648960741	65.46608946608947
48158	127.66743648960741	-85.76046176046175
48214	193.48729792147807	155.5093795093795
48279	146.1431870669746	86.24531024531026
48332	290.4849884526559	123.1861471861472
48393	185.4041570438799	137.03896103896105
48477	474.08775981524246	893.1717171717173
48560	484.48036951501155	194.75901875901877
48615	247.75981524249426	-3.7979797979797967
48677	180.78521939953814	-245.0678210678211
48720	193.48729792147807	-204.66378066378064
48748	300.8775981524249	64.31168831168831
48782	269.6997690531178	-61.51803751803752
48827	308.9607390300231	86.24531024531026
48861	310.1154734411086	-33.81240981240981
48891	320.5080831408776	52.76767676767676
48944	190.0230946882217	-193.1197691197691
49011	192.3325635103926	-16.496392496392495
49094	179.63048498845265	-46.51082251082251
49133	169.23787528868363	-28.040404040404038
49166	90.715935334873	52.76767676767676
49205	7.575057736720557	142.81096681096682
49238	7.575057736720557	142.81096681096682
49270	113.81062355658199	104.71572871572872
49299	72.24018475750577	100.0981240981241
49330	138.06004618937646	88.55411255411256
49361	69.93071593533487	139.34776334776336
49387	114.96535796766743	22.753246753246753
49422	114.96535796766743	22.753246753246753
49448	233.90300230946883	71.23809523809524
49481	186.55889145496533	111.64213564213566
49512	177.32101616628177	119.72294372294374
49561	194.64203233256353	86.24531024531026
49593	296.25866050808315	115.10533910533911
49644	307.80600461893766	53.922077922077925
49703	133.44110854503464	80.47330447330448
49767	144.98845265588915	73.54689754689755
49823	259.30715935334877	111.64213564213566
49863	262.7713625866051	-37.275613275613274
49902	274.3187066974596	8.900432900432902
49961	156.53579676674366	178.5974025974026
50024	270.8545034642033	4.282828282828284
50068	277.7829099307159	31.98845598845599
50105	230.4387990762125	33.142857142857146
50144	280.0923787528868	31.98845598845599
50174	543.3718244803695	1058.2510822510824
50205	493.71824480369514	1166.7647907647909
50239	597.6443418013856	1328.3809523809523
50267	572.2401847575059	1414.9610389610389
50295	559.5381062355658	448.72727272727275
50328	559.5381062355658	448.72727272727275
50376	474.08775981524246	-118.08369408369408
50429	303.18706697459584	31.98845598845599
50484	308.9607390300231	-48.81962481962482
50529	296.25866050808315	-17.650793650793652
50559	347.06697459584296	195.91341991341992
50589	357.45958429561205	-90.37806637806636
50624	352.84064665127016	-108.84848484848484
50679	342.4480369515012	45.84126984126984
50713	288.175519630485	-18.805194805194805
50744	288.175519630485	-18.805194805194805
50776	317.0438799076212	-30.349206349206348
50814	260.4618937644342	-100.76767676767675
50848	307.80600461893766	42.37806637806638
50880	285.86605080831407	43.532467532467535
50906	255.8429561200924	60.84848484848485
50936	222.35565819861432	88.55411255411256
50968	256.99769053117785	6.591630591630593
51000	270.8545034642033	-7.26118326118326
51025	269.6997690531178	126.64935064935065
51054	255.8429561200924	6.591630591630593
51079	232.74826789838338	205.14862914862917
51105	206.189376443418	122.03174603174605
51138	246.60508083140877	52.76767676767676
51174	229.284064665127	19.29004329004329
51201	176.1662817551963	-77.67965367965367
51234	273.16397228637413	-38.43001443001443
51270	297.4133949191686	182.0606060606061
51301	225.81986143187066	15.826839826839828
51335	225.81986143187066	12.363636363636363
51368	173.8568129330254	-106.53968253968253
51413	176.1662817551963	-70.75324675324676
51480	175.01154734411088	71.23809523809524
51525	218.89145496535798	-120.39249639249638
51568	72.24018475750577	220.15584415584416
51620	251.2240184757506	-234.6782106782107
51664	199.26096997690533	-64.98124098124099
51692	173.8568129330254	126.64935064935065
51724	224.66512702078523	212.07503607503608
51753	183.09468822170902	40.06926406926407
51790	184.24942263279445	117.41414141414141
51820	132.2863741339492	-108.84848484848484
51847	295.1039260969977	-9.569985569985569
51880	258.1524249422633	-47.665223665223664
51912	317.0438799076212	119.72294372294374
51948	306.65127020785224	93.17171717171718
51976	173.8568129330254	-74.2164502164502
52009	211.96304849884527	-113.46608946608944
52035	178.4757505773672	58.53968253968254
52069	141.5242494226328	134.73015873015873
52103	69.93071593533487	557.2409812409812
52149	604.5727482678983	1127.5151515151515
52183	455.6120092378753	955.5093795093794
52214	718.8914549653579	569.9393939393939
52243	536.4434180138569	552.6233766233765
52268	650.7621247113163	666.909090909091
52300	422.1247113163972	299.8095238095238
52343	362.0785219399538	50.45887445887446
52396	390.9468822170901	87.3997113997114
52447	390.9468822170901	87.3997113997114
52514	327.4364896073903	45.84126984126984
52568	434.82678983833716	109.33333333333334
52611	426.743648960739	23.90764790764791
52648	259.30715935334877	-85.76046176046175
52687	259.30715935334877	-85.76046176046175
52722	280.0923787528868	-59.20923520923521
52754	280.0923787528868	-59.20923520923521
52786	347.06697459584296	58.53968253968254
52834	230.4387990762125	28.525252525252526
52872	456.76674364896076	22.753246753246753
52911	456.76674364896076	22.753246753246753
52942	550.3002309468822	123.1861471861472
52979	520.2771362586604	133.5757575757576
53013	463.69515011547344	-44.2020202020202
53101	481.0161662817552	59.6940836940837
53131	389.7921478060046	101.25252525252526
53159	437.1362586605081	59.6940836940837
53187	508.729792147806	295.19191919191917
53213	484.48036951501155	242.0894660894661
53248	576.8591224018476	155.5093795093795
53281	499.4919168591224	182.0606060606061
53308	320.5080831408776	26.216450216450216
53334	320.5080831408776	26.216450216450216
53359	237.36720554272517	131.26695526695528
53391	216.58198614318707	-45.35642135642136
53419	143.8337182448037	-66.13564213564214
53453	155.3810623556582	-125.010101010101
53480	139.2147806004619	141.65656565656565
53506	165.77367205542726	138.1933621933622
53538	165.77367205542726	138.1933621933622
53571	82.63279445727483	165.8989898989899
53603	156.53579676674366	4.282828282828284
53637	203.8799076212471	279.03030303030306
53673	187.71362586605082	131.26695526695528
53706	156.53579676674366	180.90620490620492
53737	90.715935334873	83.93650793650794
53771	138.06004618937646	3.1284271284271297
53804	127.66743648960741	343.67676767676767
53837	132.2863741339492	-2.6435786435786426
53885	120.73903002309468	111.64213564213566
53916	153.0715935334873	59.6940836940837
53945	153.0715935334873	111.64213564213566
53978	246.60508083140877	500.6753246753247
54009	293.9491916859123	601.1082251082252
54038	284.71131639722864	529.5353535353536
54071	277.7829099307159	509.9105339105339
54099	303.18706697459584	267.48629148629146
54133	422.1247113163972	474.1240981240981
54166	422.1247113163972	474.1240981240981
54201	379.3995381062356	402.55122655122653
54239	379.3995381062356	402.55122655122653
54265	427.89838337182454	302.1183261183261
54301	415.1963048498845	339.05916305916304
54333	392.1016166281755	419.8672438672438
54367	370.161662817552	528.3809523809523
54400	390.9468822170901	369.0735930735931
54433	328.5912240184757	399.0880230880231
54466	358.6143187066975	604.5714285714287
54504	215.4272517321016	516.8369408369408
54534	215.4272517321016	516.8369408369408
54567	165.77367205542726	366.76479076479075
54600	155.3810623556582	430.2568542568542
54636	356.30484988452656	345.98556998556995
54669	307.80600461893766	514.5281385281385
54700	196.95150115473442	315.97113997113996
54733	196.95150115473442	315.97113997113996
54783	274.3187066974596	468.3520923520923
54815	450.99307159353344	360.992784992785
54850	512.1939953810623	197.0678210678211
54885	425.58891454965357	387.5440115440115
54918	380.55427251732107	479.8961038961039
54951	389.7921478060046	384.0808080808081
54984	320.5080831408776	401.39682539682536
55017	348.2217090069284	348.2943722943723
55050	330.9006928406467	389.8528138528138
55088	387.4826789838337	374.84559884559883
55130	441.7551963048499	407.16883116883116
55167	387.4826789838337	432.5656565656566
55202	470.6235565819861	702.6955266955267
55234	561.8475750577368	381.77200577200574
55273	571.0854503464203	214.3838383838384
55306	476.3972286374134	262.8686868686869
55336	575.7043879907621	498.36652236652236
55372	559.5381062355658	576.8658008658009
55403	487.9445727482679	385.2352092352092
55439	535.2886836027714	317.1255411255411
55470	345.91224018475754	227.08225108225108
55501	486.7898383371824	367.9191919191919
55531	427.89838337182454	399.0880230880231
55564	437.1362586605081	408.32323232323233
55598	374.78060046189375	279.03030303030306
55634	385.17321016166284	317.1255411255411
55668	365.54272517321016	425.6392496392496
55701	542.217090069284	474.1240981240981
55734	411.73210161662814	337.90476190476187
55768	360.9237875288684	344.8311688311688
55818	444.0646651270208	192.45021645021646
55850	374.78060046189375	442.95526695526695
55880	494.8729792147806	579.1746031746031
55906	494.8729792147806	579.1746031746031
55936	528.3602771362587	544.5425685425686
55971	397.8752886836028	309.044733044733
55999	363.23325635103924	362.1471861471861
56030	448.6836027713626	545.6969696969697
56060	452.147806004619	506.4473304473304
56090	563.0023094688221	411.7864357864358
56116	661.1547344110854	664.6002886002886
56151	747.7598152424941	498.36652236652236
56185	498.3371824480369	1363.012987012987
56223	491.4087759815243	1471.5266955266954
56255	515.6581986143187	524.9177489177489
56291	515.6581986143187	639.2034632034632
56322	327.4364896073903	198.22222222222223
56356	213.11778290993072	452.19047619047615
56395	252.37875288683603	160.12698412698413
56424	246.60508083140877	-133.0909090909091
56456	246.60508083140877	-133.0909090909091
56486	166.92840646651268	-149.25252525252523
56520	129.9769053117783	-168.87734487734488
56557	201.57043879907621	-31.5036075036075
56588	193.48729792147807	234.008658008658
56623	160.0	40.06926406926407
56654	164.6189376443418	50.45887445887446
56685	112.65588914549654	118.56854256854257
56723	334.364896073903	438.3376623376623
56758	377.09006928406467	535.3073593073593
56785	335.51963048498845	493.74891774891773
56835	253.53348729792145	237.47186147186147
56886	252.37875288683603	520.3001443001443
56917	211.96304849884527	252.47907647907647
56952	266.2355658198614	237.47186147186147
56984	259.30715935334877	118.56854256854257
57036	229.284064665127	487.97691197691194
57089	223.51039260969978	461.4256854256854
57148	325.1270207852194	387.5440115440115
57220	323.97228637413394	453.3448773448773
57263	305.4965357967667	486.82251082251076
57297	358.6143187066975	396.77922077922074
57335	203.8799076212471	187.83261183261183
57377	208.49884526558893	180.90620490620492
57413	358.6143187066975	312.5079365079365
57448	345.91224018475754	514.5281385281385
57475	380.55427251732107	498.36652236652236
57512	386.32794457274827	355.2207792207792
57538	350.5311778290993	425.6392496392496
57572	310.1154734411086	513.3737373737373
57605	310.1154734411086	513.3737373737373
57643	381.7090069284065	237.47186147186147
57698	307.80600461893766	160.12698412698413
57753	395.56581986143186	472.96969696969694
57785	364.3879907621247	514.5281385281385
57837	283.5565819861432	419.8672438672438
57879	321.6628175519631	176.2886002886003
57946	524.8960739030023	341.3679653679654
57998	485.635103926097	272.1038961038961
58044	509.8845265588915	152.04617604617604
58091	348.2217090069284	97.7893217893218
58120	389.7921478060046	404.8600288600288
58150	336.6743648960739	344.8311688311688
58177	454.45727482678984	165.8989898989899
58208	381.7090069284065	381.77200577200574
58233	487.9445727482679	647.2842712842713
58259	484.48036951501155	394.47041847041845
58292	505.26558891454965	483.35930735930737
58331	568.7759815242495	464.8888888888889
58359	493.71824480369514	250.17027417027418
58404	629.9769053117782	433.72005772005775
58437	574.5496535796767	343.67676767676767
58471	478.7066974595843	578.020202020202
58507	476.3972286374134	586.10101010101
58554	515.6581986143187	410.6320346320346
58600	610.3464203233256	537.6161616161615
58642	587.2517321016167	191.2958152958153
58688	608.0369515011547	401.39682539682536
58738	626.5127020785218	455.6536796536796
58792	701.5704387990761	1143.676767676768
58821	579.1685912240184	1064.0230880230881
58854	590.7159353348729	920.877344877345
58888	647.29792147806	705.0043290043291
58921	613.8106235565818	662.2914862914864
58958	644.9884526558891	587.2554112554112
58993	664.6189376443417	553.7777777777777
59021	545.6812933025404	512.2193362193361
59055	586.0969976905311	619.5786435786437
59088	583.7875288683603	752.3347763347764
59124	594.1801385681292	418.7128427128427
59152	589.5612009237875	257.0966810966811
59181	589.5612009237875	257.0966810966811
59212	552.6096997690531	291.72871572871577
59245	537.5981524249422	482.2049062049062
59278	454.45727482678984	406.01443001443
59310	442.90993071593533	359.8383838383838
59342	536.4434180138569	508.75613275613273
59372	501.8013856812933	494.9033189033189
59405	579.1685912240184	440.6464646464646
59439	755.8429561200924	1252.1904761904761
59475	755.8429561200924	1252.1904761904761
59506	535.2886836027714	1087.1111111111113
59539	422.1247113163972	1255.6536796536798
59572	507.5750577367205	776.5772005772006
59605	530.6697459584295	550.3145743145743
59639	530.6697459584295	550.3145743145743
59672	417.50577367205545	454.4992784992785
59705	329.7459584295612	201.68542568542568
59739	493.71824480369514	504.13852813852816
59772	379.3995381062356	305.5815295815296
59806	355.15011547344113	416.40404040404036
59839	360.9237875288684	438.3376623376623
59875	423.27944572748265	438.3376623376623
59911	350.5311778290993	362.1471861471861
59940	350.5311778290993	362.1471861471861
60008	427.89838337182454	246.7070707070707
60042	395.56581986143186	359.8383838383838
60075	395.56581986143186	359.8383838383838
60106	545.6812933025404	372.5367965367965
60139	584.9422632794458	385.2352092352092
60173	693.487297921478	322.8975468975469
60209	693.487297921478	322.8975468975469
60239	569.9307159353349	395.62481962481957
60270	596.4896073903002	329.8239538239538
60306	586.0969976905311	260.55988455988455
60340	380.55427251732107	212.07503607503608
60373	371.3163972286374	197.0678210678211
60406	470.6235565819861	73.54689754689755
60440	491.4087759815243	90.86291486291486
60473	306.65127020785224	20.444444444444446
60506	306.65127020785224	20.444444444444446
60540	461.3856812933025	206.3030303030303
60573	461.3856812933025	206.3030303030303
60609	291.6397228637413	287.11111111111114
60641	367.85219399538107	217.84704184704188
60678	375.9353348729792	104.71572871572872
60709	311.270207852194	195.91341991341992
60743	311.270207852194	195.91341991341992
60775	356.30484988452656	92.01731601731603
60801	356.30484988452656	92.01731601731603
60833	385.17321016166284	146.2741702741703
60861	385.17321016166284	88.55411255411256
60897	356.30484988452656	60.84848484848485
60928	362.0785219399538	162.43578643578644
60959	389.7921478060046	29.67965367965368
60990	414.04157043879906	230.54545454545456
61023	462.54041570438795	98.94372294372296
61050	434.82678983833716	167.05339105339107
61079	418.6605080831409	22.753246753246753
61111	472.93302540415704	-10.724386724386724
61140	446.3741339491917	135.8845598845599
61174	435.98152424942265	553.7777777777777
61209	415.1963048498845	532.998556998557
61246	547.9907621247113	459.1168831168831
61276	552.6096997690531	404.8600288600288
61307	396.72055427251735	192.45021645021646
61341	394.41108545034643	332.1327561327561
61374	456.76674364896076	259.4054834054834
61407	456.76674364896076	259.4054834054834
61444	390.9468822170901	559.5497835497836
61478	360.9237875288684	423.3304473304473
61510	351.68591224018473	449.8816738816738
61541	312.42494226327943	412.94083694083696
61574	369.00692840646656	379.46320346320346
61608	364.3879907621247	337.90476190476187
61641	340.1385681293302	266.33189033189035
61674	332.0554272517321	432.5656565656566
61710	407.1131639722864	376.0
61742	330.9006928406467	643.8210678210678
61780	303.18706697459584	198.22222222222223
61814	330.9006928406467	304.4271284271284
61847	347.06697459584296	538.7705627705627
61882	288.175519630485	484.51370851370854
61915	337.82909930715937	400.2424242424242
61944	347.06697459584296	366.76479076479075
61977	409.4226327944573	326.36075036075033
62004	400.18475750577363	414.095238095238
62041	322.8175519630485	332.1327561327561
62075	378.2448036951501	192.45021645021646
62108	370.161662817552	341.3679653679654
62141	401.3394919168591	492.59451659451656
62174	394.41108545034643	447.5728715728716
62208	311.270207852194	322.8975468975469
62241	311.270207852194	322.8975468975469
62273	420.9699769053118	469.50649350649354
62312	370.161662817552	560.7041847041847
62345	350.5311778290993	310.19913419913416
62376	508.729792147806	612.6522366522366
62409	470.6235565819861	605.7258297258298
62458	453.3025404157044	502.98412698412693
62492	461.3856812933025	417.55844155844153
62525	581.4780600461894	534.1529581529581
62559	417.50577367205545	387.5440115440115
62595	360.9237875288684	213.22943722943725
62626	442.90993071593533	505.29292929292933
62659	484.48036951501155	492.59451659451656
62709	295.1039260969977	242.0894660894661
62767	449.838337182448	283.6479076479077
62826	397.8752886836028	424.48484848484844
62866	367.85219399538107	319.4343434343434
62900	422.1247113163972	130.1125541125541
62930	402.49422632794455	550.3145743145743
62963	426.743648960739	520.3001443001443
62995	424.43418013856814	436.02886002886
63029	563.0023094688221	367.9191919191919
63060	410.5773672055427	385.2352092352092
63093	357.45958429561205	345.98556998556995
63122	438.2909930715935	242.0894660894661
63159	335.51963048498845	148.5829725829726
63193	367.85219399538107	232.85425685425687
63226	490.2540415704388	82.7821067821068
63259	490.2540415704388	82.7821067821068
63293	527.2055427251731	631.1226551226551
63325	527.2055427251731	631.1226551226551
63351	512.1939953810623	137.03896103896105
63385	512.1939953810623	137.03896103896105
63414	340.1385681293302	344.8311688311688
63444	445.21939953810625	306.7359307359307
63474	412.8868360277136	186.6782106782107
63511	353.99538106235565	251.32467532467535
63541	447.52886836027716	291.72871572871577
63576	476.3972286374134	381.77200577200574
63610	542.217090069284	638.0490620490621
63643	496.02771362586606	314.8167388167388
63676	530.6697459584295	404.8600288600288
63710	432.5173210161663	169.36219336219338
63740	432.5173210161663	169.36219336219338
63767	528.3602771362587	326.36075036075033
63798	564.1570438799076	208.6118326118326
63829	424.43418013856814	220.15584415584416
63866	402.49422632794455	527.2265512265511
63904	532.9792147806005	377.1544011544011
63940	327.4364896073903	217.84704184704188
63986	325.1270207852194	522.6089466089466
64022	434.82678983833716	400.2424242424242
64065	539.9076212471131	358.68398268398266
64116	547.9907621247113	193.60461760461763
64168	591.8706697459584	176.2886002886003
64218	561.8475750577368	50.45887445887446
64269	433.67205542725173	37.76046176046176
64324	501.8013856812933	-60.36363636363637
64361	519.122401847575	-69.5988455988456
64397	521.431870669746	252.47907647907647
64431	657.690531177829	195.91341991341992
64466	572.2401847575059	-38.43001443001443
64496	601.1085450346419	-40.73881673881674
64523	633.4411085450346	-61.51803751803752
64551	469.4688221709007	103.56132756132756
64584	492.5635103926097	92.01731601731603
64615	597.6443418013856	-1.489177489177488
64646	610.3464203233256	-54.59163059163059
64673	557.228637413395	-49.97402597402597
64706	554.919168591224	-29.194805194805195
64734	818.1986143187066	208.6118326118326
64770	818.1986143187066	208.6118326118326
64801	955.6120092378752	89.70851370851372
64832	893.256351039261	147.42857142857144
64861	974.0877598152424	347.1399711399711
64894	1061.8475750577368	161.2813852813853
64928	1078.013856812933	389.8528138528138
64961	1061.8475750577368	217.84704184704188
64995	1306.6512702078521	655.3650793650794
65028	1405.9584295612008	800.8196248196249
65061	1308.960739030023	795.047619047619
65095	1224.6651270207851	534.1529581529581
65128	1265.0808314087758	634.5858585858587
65161	1258.1524249422632	683.070707070707
65195	1313.579676674365	760.4155844155845
65228	1300.877598152425	543.3881673881674
65262	1262.771362586605	476.4329004329004
65295	1345.9122401847574	798.5108225108225
65328	1281.2471131639722	792.7388167388168
65362	1379.3995381062357	805.4372294372295
65396	1171.5473441108543	498.36652236652236
65425	1246.6050808314087	425.6392496392496
65458	1487.9445727482678	572.2481962481962
65490	1487.9445727482678	572.2481962481962
65517	1356.3048498845264	886.2453102453103
65556	1356.3048498845264	886.2453102453103
65584	1387.4826789838337	759.2611832611833
65616	1418.660508083141	834.2972582972584
65643	1342.448036951501	449.8816738816738
65696	1095.3348729792147	612.6522366522366
65728	1114.9653579676672	723.4747474747476
65762	1300.877598152425	735.018759018759
65796	1300.877598152425	735.018759018759
65829	1265.0808314087758	714.2395382395382
65866	1276.6281755196305	732.7099567099568
65897	1140.3695150115473	872.3924963924965
65934	371.3163972286374	808.9004329004329
65972	359.7690531177829	911.6421356421357
65999	394.41108545034643	699.2323232323232
66033	375.9353348729792	773.1139971139971
66068	270.8545034642033	648.4386724386725
66101	255.8429561200924	799.6652236652237
66136	283.5565819861432	860.848484848485
66167	330.9006928406467	875.8556998557
66206	329.7459584295612	919.7229437229439
66240	426.743648960739	633.4314574314575
66273	499.4919168591224	614.961038961039
66299	444.0646651270208	415.2496392496392
66331	453.3025404157044	513.3737373737373
66360	455.6120092378753	464.8888888888889
66413	884.0184757505773	468.3520923520923
66442	888.6374133949191	397.9336219336219
66471	1358.6143187066975	666.909090909091
66502	1358.6143187066975	666.909090909091
66535	1360.9237875288682	642.6666666666666
66574	1366.6974595842955	568.7849927849927
66607	785.8660508083141	438.3376623376623
66659	297.4133949191686	402.55122655122653
66703	306.65127020785224	400.2424242424242
66751	295.1039260969977	394.47041847041845
66826	304.34180138568126	442.95526695526695
66858	58.38337182448037	86.24531024531026
66889	205.03464203233256	289.4199134199134
66927	153.0715935334873	284.8023088023088
66968	127.66743648960741	294.03751803751805
67013	340.1385681293302	477.58730158730157
67041	411.73210161662814	528.3809523809523
67074	363.23325635103924	482.2049062049062
67102	397.8752886836028	1240.6464646464647
67141	298.56812933025407	909.3333333333334
67180	298.56812933025407	909.3333333333334
67228	287.02078521939956	911.6421356421357
67265	444.0646651270208	961.2813852813853
67302	365.54272517321016	942.8109668109668
67336	382.8637413394919	973.979797979798
67369	392.1016166281755	1218.7128427128428
67403	411.73210161662814	943.965367965368
67431	320.5080831408776	931.2669552669553
67468	348.2217090069284	1034.0086580086581
67502	411.73210161662814	958.972582972583
67541	308.9607390300231	993.6046176046176
67589	444.0646651270208	65.46608946608947
67640	282.4018475750578	504.13852813852816
67686	275.47344110854505	530.6897546897547
67722	289.3302540415704	306.7359307359307
67752	280.0923787528868	581.4834054834055
67785	342.4480369515012	593.0274170274171
67817	340.1385681293302	797.3564213564214
67850	358.6143187066975	1074.4126984126983
67883	335.51963048498845	603.4170274170275
67918	244.29561200923789	1007.4574314574315
67947	336.6743648960739	862.002886002886
67974	199.26096997690533	1060.5598845598847
68005	305.4965357967667	1013.2294372294373
68037	433.67205542725173	831.988455988456
68070	437.1362586605081	708.4675324675325
68100	237.36720554272517	752.3347763347764
68132	302.0323325635104	571.093795093795
68182	334.364896073903	320.5887445887446
68215	298.56812933025407	295.19191919191917
68282	307.80600461893766	276.7215007215008
68341	188.86836027713628	326.36075036075033
68388	186.55889145496533	513.3737373737373
68430	169.23787528868363	300.9639249639249
68467	83.78752886836028	391.007215007215
68507	83.78752886836028	391.007215007215
68537	230.4387990762125	531.8441558441558
68574	199.26096997690533	478.74170274170274
68612	353.99538106235565	481.05050505050497
68657	460.2309468822171	280.1847041847042
68696	404.8036951501155	391.007215007215
68734	393.256351039261	376.0
68770	467.15935334872984	327.5151515151515
68804	527.2055427251731	319.4343434343434
68836	837.8290993071594	400.2424242424242
68871	784.7113163972285	427.94805194805195
68904	1329.7459584295611	774.2683982683983
68934	1345.9122401847574	722.3203463203464
68970	1345.9122401847574	722.3203463203464
69004	1467.1593533487296	411.7864357864358
69037	1477.5519630484987	447.5728715728716
69077	1265.0808314087758	822.7532467532468
69150	1375.9353348729792	614.961038961039
69208	1289.3302540415702	797.3564213564214
69256	1397.8752886836028	531.8441558441558
69300	1297.4133949191687	651.901875901876
69350	1297.4133949191687	651.901875901876
69400	1210.8083140877598	715.3939393939394
69452	1068.7759815242496	596.4906204906205
69511	1168.083140877598	381.77200577200574
69574	1554.919168591224	620.7330447330448
69637	1258.1524249422632	636.894660894661
69697	1432.517321016166	621.8874458874459
69759	1487.9445727482678	748.871572871573
69814	1169.2378752886837	642.6666666666666
69855	522.5866050808314	162.43578643578644
69900	393.256351039261	116.25974025974027
69926	405.95842956120094	137.03896103896105
69956	356.30484988452656	199.3766233766234
69987	363.23325635103924	234.008658008658
70013	363.23325635103924	234.008658008658
70045	397.8752886836028	101.25252525252526
70076	397.8752886836028	101.25252525252526
70110	247.75981524249426	335.5959595959596
70139	247.75981524249426	335.5959595959596
70173	235.05773672055426	267.48629148629146
70204	214.27251732101618	-96.15007215007213
70234	265.08083140877596	5.437229437229439
70261	330.9006928406467	194.75901875901877
70289	330.9006928406467	194.75901875901877
70320	330.9006928406467	194.75901875901877
70353	250.0692840646651	394.47041847041845
70379	248.91454965357968	467.19769119769114
70412	260.4618937644342	162.43578643578644
70443	691.1778290993071	870.0836940836941
70473	687.7136258660507	835.4516594516595
70507	435.98152424942265	805.4372294372295
70568	515.6581986143187	550.3145743145743
70623	455.6120092378753	613.8066378066378
70662	351.68591224018473	456.8080808080808
70703	254.68822170900697	276.7215007215008
70742	277.7829099307159	370.2279942279942
70773	319.3533487297922	355.2207792207792
70805	237.36720554272517	-28.040404040404038
70838	229.284064665127	86.24531024531026
70871	292.79445727482675	185.52380952380955
70906	256.99769053117785	83.93650793650794
70939	211.96304849884527	246.7070707070707
70972	203.8799076212471	109.33333333333334
71011	251.2240184757506	255.94227994227995
71045	196.95150115473442	261.7142857142857
71077	180.78521939953814	337.90476190476187
71108	187.71362586605082	179.75180375180375
71147	187.71362586605082	179.75180375180375
71183	176.1662817551963	336.7503607503607
71211	176.1662817551963	336.7503607503607
71246	245.4503464203233	415.2496392496392
71278	308.9607390300231	359.8383838383838
71312	216.58198614318707	253.63347763347767
71340	131.13163972286372	199.3766233766234
71366	300.8775981524249	237.47186147186147
71401	300.8775981524249	237.47186147186147
71434	4.110854503464206	208.6118326118326
71471	176.1662817551963	128.95815295815297
71506	131.13163972286372	203.994227994228
71539	76.85912240184757	352.91197691197686
71584	76.85912240184757	352.91197691197686
71613	51.454965357967666	209.76623376623377
71649	-3.9722863741339465	342.5223665223665
71678	222.35565819861432	265.1774891774892
71712	345.91224018475754	309.044733044733
71742	434.82678983833716	347.1399711399711
71774	402.49422632794455	250.17027417027418
71804	296.25866050808315	424.48484848484844
71833	306.65127020785224	462.5800865800866
71886	306.65127020785224	462.5800865800866
71926	210.8083140877598	441.8008658008658
71974	298.56812933025407	382.9264069264069
72007	449.838337182448	265.1774891774892
72041	393.256351039261	275.56709956709955
72072	337.82909930715937	347.1399711399711
72108	325.1270207852194	269.7950937950938
72136	311.270207852194	513.3737373737373
72169	311.270207852194	513.3737373737373
72202	404.8036951501155	89.70851370851372
72247	527.2055427251731	305.5815295815296
72278	384.01847575057735	260.55988455988455
72311	343.6027713625866	306.7359307359307
72341	282.4018475750578	288.26551226551226
72375	295.1039260969977	363.3015873015873
72408	295.1039260969977	363.3015873015873
72448	173.8568129330254	464.8888888888889
72476	173.8568129330254	464.8888888888889
72507	121.89376443418014	424.48484848484844
72536	94.18013856812934	300.9639249639249
72568	392.1016166281755	394.47041847041845
72620	246.60508083140877	497.2121212121212
72652	218.89145496535798	98.94372294372296
72686	601.1085450346419	272.1038961038961
72718	601.1085450346419	272.1038961038961
72770	561.8475750577368	567.6305916305915
72809	431.3625866050808	424.48484848484844
72848	431.3625866050808	424.48484848484844
72890	646.1431870669745	260.55988455988455
72938	442.90993071593533	176.2886002886003
72976	168.08314087759814	200.53102453102457
73010	168.08314087759814	200.53102453102457
73040	117.27482678983834	72.3924963924964
73076	117.27482678983834	72.3924963924964
73134	240.83140877598152	282.49350649350646
73185	143.8337182448037	412.94083694083696
73222	118.4295612009238	291.72871572871577
73252	119.58429561200924	246.7070707070707
73287	603.4180138568128	971.6709956709957
73320	552.6096997690531	1097.5007215007215
73352	699.2609699769052	1144.831168831169
73387	594.1801385681292	1203.7056277056279
73423	508.729792147806	395.62481962481957
73459	250.0692840646651	529.5353535353536
73496	250.0692840646651	529.5353535353536
73535	278.9376443418014	168.2077922077922
73573	371.3163972286374	504.13852813852816
73608	371.3163972286374	442.95526695526695
73640	514.5034642032332	228.23665223665225
73677	534.1339491916859	276.7215007215008
73714	362.0785219399538	381.77200577200574
73751	168.08314087759814	471.81529581529577
73783	247.75981524249426	374.84559884559883
73809	247.75981524249426	374.84559884559883
73841	649.6073903002308	567.6305916305915
73875	760.4618937644341	1212.940836940837
73910	658.8452655889146	1337.6161616161617
73961	424.43418013856814	1124.051948051948
74005	438.2909930715935	688.8427128427129
74043	457.9214780600462	642.6666666666666
74073	344.75750577367205	482.2049062049062
74109	344.75750577367205	482.2049062049062
74144	380.55427251732107	170.51659451659452
74196	191.17782909930716	230.54545454545456
74240	241.986143187067	258.25108225108227
74273	283.5565819861432	219.001443001443
74304	225.81986143187066	429.1024531024531
74331	208.49884526558893	449.8816738816738
74364	178.4757505773672	357.5295815295815
74394	237.36720554272517	370.2279942279942
74420	176.1662817551963	193.60461760461763
74454	180.78521939953814	268.64069264069263
74487	128.82217090069284	295.19191919191917
74520	132.2863741339492	214.3838383838384
74593	261.6166281755196	246.7070707070707
74626	536.4434180138569	1008.6118326118326
74655	531.8244803695151	1058.2510822510824
74705	471.7782909930716	1343.3881673881674
74744	461.3856812933025	536.4617604617604
74774	442.90993071593533	343.67676767676767
74810	411.73210161662814	344.8311688311688
74857	293.9491916859123	315.97113997113996
74901	384.01847575057735	213.22943722943725
74956	299.7228637413395	416.40404040404036
75016	307.80600461893766	264.02308802308806
75073	307.80600461893766	264.02308802308806
75112	263.92609699769054	309.044733044733
75152	190.0230946882217	386.38961038961037
75195	1036.4434180138567	255.94227994227995
75236	1036.4434180138567	255.94227994227995
75274	1431.3625866050807	573.4025974025974
75307	1431.3625866050807	573.4025974025974
75347	1293.9491916859122	434.8744588744588
75386	1390.94688221709	527.2265512265511
75434	1450.9930715935336	602.2626262626263
75472	1581.4780600461893	551.4689754689755
75504	1429.0531177829098	688.8427128427129
75556	1317.0438799076212	601.1082251082252
75612	1291.6397228637413	565.3217893217893
75662	1407.1131639722862	604.5714285714287
75695	1478.7066974595841	785.8124098124098
75727	1479.8614318706698	753.4891774891776
75767	1364.3879907621247	816.9812409812411
75808	1325.1270207852192	504.13852813852816
75849	1325.1270207852192	504.13852813852816
75890	1318.1986143187066	545.6969696969697
75928	1285.866050808314	746.5627705627707
75961	1290.484988452656	715.3939393939394
75995	1393.2563510392608	586.10101010101
76022	1393.2563510392608	586.10101010101
76054	1378.24480369515	633.4314574314575
76087	1394.4110854503465	894.3261183261184
76136	1342.448036951501	814.6724386724386
76179	1400.1847575057736	528.3809523809523
76212	1222.3556581986143	763.878787878788
