time	x	y
1	1138.0600461893764	604.5714285714287
92	1172.70207852194	877.010101010101
169	1104.5727482678985	579.1746031746031
215	1127.6674364896073	564.1673881673881
256	1381.7090069284063	602.2626262626263
298	1236.2124711316396	609.1890331890332
332	1169.2378752886837	763.878787878788
362	1221.2009237875288	701.5411255411256
395	1171.5473441108543	664.6002886002886
426	736.2124711316396	648.4386724386725
474	384.01847575057735	429.1024531024531
532	239.67667436489606	401.39682539682536
586	377.09006928406467	512.2193362193361
638	58.38337182448037	423.3304473304473
670	101.10854503464203	334.4415584415584
707	101.10854503464203	334.4415584415584
749	94.18013856812934	292.8831168831169
782	81.47806004618937	262.8686868686869
818	64.15704387990763	292.8831168831169
853	38.75288683602772	313.6623376623376
887	87.25173210161662	265.1774891774892
921	45.68129330254042	258.25108225108227
957	96.48960739030022	153.20057720057721
987	95.33487297921478	258.25108225108227
1018	87.25173210161662	246.7070707070707
1050	57.22863741339492	303.27272727272725
1083	165.77367205542726	167.05339105339107
1119	198.10623556581984	239.7806637806638
1166	363.23325635103924	604.5714285714287
1202	393.256351039261	729.2467532467532
1240	412.8868360277136	729.2467532467532
1273	231.59353348729792	384.0808080808081
1308	231.59353348729792	384.0808080808081
1350	308.9607390300231	198.22222222222223
1400	176.1662817551963	225.92784992784996
1459	335.51963048498845	126.64935064935065
1524	396.72055427251735	213.22943722943725
1583	349.3764434180139	141.65656565656565
1640	411.73210161662814	295.19191919191917
1700	377.09006928406467	315.97113997113996
1754	353.99538106235565	205.14862914862917
1807	394.41108545034643	841.2236652236652
1853	558.3833718244804	532.998556998557
1888	558.3833718244804	532.998556998557
1921	437.1362586605081	641.5122655122656
1955	501.8013856812933	597.6450216450216
1987	412.8868360277136	421.021645021645
2016	420.9699769053118	381.77200577200574
2045	638.0600461893764	431.41125541125535
2071	628.8221709006929	404.8600288600288
2100	628.8221709006929	404.8600288600288
2134	678.4757505773671	291.72871572871577
2171	475.24249422632795	177.44300144300144
2200	475.24249422632795	177.44300144300144
2227	669.2378752886835	167.05339105339107
2256	608.0369515011547	339.05916305916304
2289	723.5103926096997	426.7936507936508
2337	640.3695150115473	329.8239538239538
2390	684.2494226327944	253.63347763347767
2446	852.8406466512702	268.64069264069263
2501	560.6928406466512	800.8196248196249
2557	716.581986143187	608.0346320346321
2618	976.3972286374133	574.5569985569986
2669	737.3672055427251	186.6782106782107
2704	804.3418013856813	177.44300144300144
2738	834.364896073903	210.9206349206349
2773	834.364896073903	270.949494949495
2805	838.9838337182447	288.26551226551226
2841	860.9237875288684	272.1038961038961
2884	974.0877598152424	242.0894660894661
2918	974.0877598152424	242.0894660894661
2951	1009.8845265588914	321.7431457431457
3001	1075.704387990762	494.9033189033189
3035	1023.7413394919168	386.38961038961037
3085	1028.3602771362584	551.4689754689755
3120	348.2217090069284	315.97113997113996
3157	311.270207852194	395.62481962481957
3189	-39.76905311778291	302.1183261183261
3224	-22.44803695150115	394.47041847041845
3257	109.19168591224019	179.75180375180375
3302	118.4295612009238	173.97979797979798
3335	-18.983833718244803	277.8759018759019
3367	-20.13856812933025	300.9639249639249
3402	76.85912240184757	280.1847041847042
3435	143.8337182448037	206.3030303030303
3472	136.90531177829098	180.90620490620492
3502	148.4526558891455	273.25829725829726
3535	138.06004618937646	322.8975468975469
3567	255.8429561200924	295.19191919191917
3602	255.8429561200924	295.19191919191917
3637	193.48729792147807	367.9191919191919
3670	175.01154734411088	254.78787878787878
3702	88.40646651270208	210.9206349206349
3736	243.14087759815243	396.77922077922074
3769	243.14087759815243	396.77922077922074
3802	161.15473441108546	34.297258297258296
3841	185.4041570438799	112.7965367965368
3869	266.2355658198614	153.20057720057721
3902	276.6281755196305	243.24386724386727
3937	263.92609699769054	306.7359307359307
3969	284.71131639722864	486.82251082251076
4002	317.0438799076212	444.1096681096681
4036	340.1385681293302	273.25829725829726
4069	289.3302540415704	289.4199134199134
4103	351.68591224018473	356.3751803751804
4136	303.18706697459584	225.92784992784996
4169	253.53348729792145	402.55122655122653
4207	498.3371824480369	206.3030303030303
4262	405.95842956120094	296.34632034632034
4303	253.53348729792145	132.42135642135645
4348	411.73210161662814	466.04329004328997
4394	400.18475750577363	371.3823953823954
4448	526.0508083140878	411.7864357864358
4512	476.3972286374134	291.72871572871577
4562	516.8129330254042	274.41269841269843
4599	500.6466512702079	295.19191919191917
4636	544.526558891455	457.96248196248195
4670	505.26558891454965	396.77922077922074
4708	616.1200923787528	135.8845598845599
4741	578.013856812933	163.5901875901876
4811	617.2748267898382	191.2958152958153
4843	654.2263279445727	213.22943722943725
4887	559.5381062355658	306.7359307359307
4920	530.6697459584295	401.39682539682536
4953	563.0023094688221	395.62481962481957
4980	520.2771362586604	395.62481962481957
5011	751.2240184757505	119.72294372294374
5043	762.771362586605	222.46464646464648
5074	621.8937644341801	329.8239538239538
5108	621.8937644341801	329.8239538239538
5154	796.258660508083	133.5757575757576
5187	657.690531177829	396.77922077922074
5221	665.7736720554271	344.8311688311688
5254	931.3625866050808	374.84559884559883
5292	770.8545034642032	298.6551226551226
5321	770.8545034642032	298.6551226551226
5357	773.1639722863741	299.8095238095238
5392	773.1639722863741	299.8095238095238
5422	716.581986143187	227.08225108225108
5454	703.8799076212471	156.66378066378067
5487	753.5334872979215	182.0606060606061
5521	766.2355658198614	203.994227994228
5554	744.2956120092377	294.03751803751805
5588	744.2956120092377	294.03751803751805
5621	658.8452655889146	19.29004329004329
5656	803.1870669745957	274.41269841269843
5688	799.7228637413394	239.7806637806638
5722	761.6166281755195	315.97113997113996
5754	789.3302540415705	202.83982683982686
5788	837.8290993071594	389.8528138528138
5819	750.0692840646651	456.8080808080808
5852	852.8406466512702	520.3001443001443
5888	806.6512702078521	183.21500721500723
5921	806.6512702078521	183.21500721500723
5948	918.6605080831408	471.81529581529577
5982	882.8637413394919	496.05772005772
6011	940.6004618937643	325.20634920634916
6043	1026.0508083140878	333.2871572871573
6075	1011.0392609699768	513.3737373737373
6108	918.6605080831408	550.3145743145743
6142	880.554272517321	217.84704184704188
6177	915.1963048498844	340.2135642135642
6228	581.4780600461894	193.60461760461763
6282	46.83602771362587	268.64069264069263
6328	35.288683602771364	300.9639249639249
6361	14.503464203233259	325.20634920634916
6390	-40.92378752886835	157.81818181818184
6428	138.06004618937646	112.7965367965368
6459	-14.364896073903001	188.987012987013
6489	76.85912240184757	178.5974025974026
6527	36.443418013856814	145.11976911976913
6555	90.715935334873	97.7893217893218
6589	133.44110854503464	158.97258297258298
6622	-2.817551963048496	239.7806637806638
6655	-2.817551963048496	239.7806637806638
6688	46.83602771362587	259.4054834054834
6722	-28.221709006928403	251.32467532467535
6755	90.715935334873	78.16450216450217
6794	169.23787528868363	188.987012987013
6823	181.93995381062356	284.8023088023088
6848	181.93995381062356	254.78787878787878
6877	117.27482678983834	230.54545454545456
6908	176.1662817551963	158.97258297258298
6934	205.03464203233256	132.42135642135645
6960	205.03464203233256	132.42135642135645
6991	318.19861431870675	222.46464646464648
7022	342.4480369515012	354.06637806637804
7056	74.54965357967667	142.81096681096682
7089	131.13163972286372	115.10533910533911
7123	387.4826789838337	329.8239538239538
7157	425.58891454965357	186.6782106782107
7189	395.56581986143186	258.25108225108227
7223	542.217090069284	493.74891774891773
7256	507.5750577367205	654.2106782106782
7289	527.2055427251731	895.4805194805194
7327	409.4226327944573	888.5541125541126
7356	429.05311778290996	494.9033189033189
7389	457.9214780600462	384.0808080808081
7425	462.54041570438795	468.3520923520923
7456	528.3602771362587	279.03030303030306
7490	501.8013856812933	244.39826839826839
7523	529.5150115473441	158.97258297258298
7556	535.2886836027714	138.1933621933622
7590	612.6558891454965	289.4199134199134
7623	593.0254041570439	244.39826839826839
7656	617.2748267898382	202.83982683982686
7690	539.9076212471131	277.8759018759019
7723	539.9076212471131	277.8759018759019
7757	568.7759815242495	183.21500721500723
7790	553.7644341801386	188.987012987013
7823	732.7482678983833	267.48629148629146
7861	625.3579676674365	268.64069264069263
7887	702.7251732101616	356.3751803751804
7915	741.9861431870669	409.4776334776334
7944	699.2609699769052	362.1471861471861
7974	664.6189376443417	348.2943722943723
8007	700.4157043879907	81.62770562770564
8045	673.8568129330254	190.14141414141415
8078	747.7598152424941	244.39826839826839
8112	747.7598152424941	244.39826839826839
8140	780.0923787528867	284.8023088023088
8174	775.473441108545	216.69264069264068
8207	817.0438799076212	276.7215007215008
8240	793.9491916859122	100.0981240981241
8274	826.2817551963047	115.10533910533911
8307	974.0877598152424	234.008658008658
8340	962.540415704388	261.7142857142857
8374	915.1963048498844	312.5079365079365
8408	845.9122401847574	454.4992784992785
8440	820.5080831408775	318.27994227994225
8476	930.2078521939952	295.19191919191917
8507	987.9445727482679	437.18326118326115
8541	1006.4203233256351	310.19913419913416
8574	1073.3949191685913	350.6031746031746
8611	888.6374133949191	137.03896103896105
8658	1019.122401847575	394.47041847041845
8691	884.0184757505773	324.051948051948
8724	735.0577367205542	276.7215007215008
8758	865.5427251732101	213.22943722943725
8796	47.99076212471132	134.73015873015873
8825	28.360277136258663	163.5901875901876
8857	66.46651270207853	240.93506493506496
8893	9.884526558891457	108.1789321789322
8925	131.13163972286372	229.3910533910534
8958	64.15704387990763	270.949494949495
8993	64.15704387990763	270.949494949495
9025	12.193995381062358	265.1774891774892
9058	39.90762124711317	236.31746031746036
9091	57.22863741339492	108.1789321789322
9124	52.60969976905312	255.94227994227995
9150	161.15473441108546	306.7359307359307
9181	161.15473441108546	306.7359307359307
9214	147.29792147806006	201.68542568542568
9262	185.4041570438799	73.54689754689755
9303	185.4041570438799	73.54689754689755
9342	142.67898383371823	430.2568542568542
9375	177.32101616628177	255.94227994227995
9413	155.3810623556582	221.3102453102453
9448	153.0715935334873	295.19191919191917
9479	170.39260969976905	294.03751803751805
9515	218.89145496535798	232.85425685425687
9547	218.89145496535798	232.85425685425687
9582	101.10854503464203	344.8311688311688
9614	133.44110854503464	298.6551226551226
9659	237.36720554272517	173.97979797979798
9698	358.6143187066975	306.7359307359307
9730	336.6743648960739	314.8167388167388
9776	328.5912240184757	342.5223665223665
9811	211.96304849884527	31.98845598845599
9842	256.99769053117785	66.62049062049063
9876	466.00461893764435	234.008658008658
9909	466.00461893764435	234.008658008658
9947	434.82678983833716	73.54689754689755
9981	357.45958429561205	193.60461760461763
10015	365.54272517321016	60.84848484848485
10047	371.3163972286374	227.08225108225108
10082	305.4965357967667	262.8686868686869
10126	447.52886836027716	344.8311688311688
10159	414.04157043879906	207.45743145743148
10209	414.04157043879906	207.45743145743148
10270	505.26558891454965	195.91341991341992
10329	512.1939953810623	240.93506493506496
10376	549.1454965357968	357.5295815295815
10416	619.5842956120092	365.6103896103896
10461	478.7066974595843	310.19913419913416
10504	499.4919168591224	247.86147186147187
10548	440.6004618937645	158.97258297258298
10593	381.7090069284065	287.11111111111114
10643	381.7090069284065	287.11111111111114
10684	508.729792147806	236.31746031746036
10727	422.1247113163972	208.6118326118326
10779	553.7644341801386	297.5007215007215
10827	655.3810623556582	201.68542568542568
10865	573.3949191685912	227.08225108225108
10893	582.6327944572748	250.17027417027418
10927	610.3464203233256	270.949494949495
10960	567.6212471131639	298.6551226551226
10996	567.6212471131639	298.6551226551226
11027	867.8521939953811	276.7215007215008
11060	797.4133949191685	342.5223665223665
11094	690.0230946882217	221.3102453102453
11162	716.581986143187	250.17027417027418
11194	761.6166281755195	146.2741702741703
11228	743.1408775981524	130.1125541125541
11263	777.7829099307158	291.72871572871577
11296	864.3879907621247	228.23665223665225
11327	915.1963048498844	333.2871572871573
11360	915.1963048498844	333.2871572871573
11394	820.5080831408775	239.7806637806638
11427	847.0669745958429	337.90476190476187
11460	833.2101616628174	275.56709956709955
11494	1091.8706697459584	414.095238095238
11531	874.7806004618936	250.17027417027418
11560	881.7090069284063	287.11111111111114
11611	879.3995381062355	291.72871572871577
11639	912.8868360277136	317.1255411255411
11671	925.5889145496535	303.27272727272725
11700	925.5889145496535	303.27272727272725
11730	968.3140877598152	335.5959595959596
11766	968.3140877598152	335.5959595959596
11798	833.2101616628174	198.22222222222223
11828	844.757505773672	250.17027417027418
11856	274.3187066974596	359.8383838383838
11886	229.284064665127	228.23665223665225
11917	28.360277136258663	225.92784992784996
11949	42.21709006928407	374.84559884559883
11979	61.84757505773672	253.63347763347767
12011	61.84757505773672	253.63347763347767
12045	-3.9722863741339465	68.92929292929293
12078	22.58660508083141	78.16450216450217
12111	146.1431870669746	253.63347763347767
12150	112.65588914549654	203.994227994228
12181	22.58660508083141	158.97258297258298
12212	123.04849884526558	108.1789321789322
12245	192.3325635103926	205.14862914862917
12278	-0.5080831408775955	236.31746031746036
12311	58.38337182448037	206.3030303030303
12346	96.48960739030022	320.5887445887446
12383	82.63279445727483	244.39826839826839
12412	194.64203233256353	-18.805194805194805
12445	251.2240184757506	332.1327561327561
12478	206.189376443418	285.95670995671
12511	336.6743648960739	339.05916305916304
12568	493.71824480369514	992.4502164502165
12617	489.0993071593534	983.2150072150073
12655	550.3002309468822	850.4588744588744
12695	453.3025404157044	679.6075036075036
12732	404.8036951501155	509.9105339105339
12767	454.45727482678984	461.4256854256854
12802	478.7066974595843	504.13852813852816
12846	366.69745958429564	330.97835497835496
12896	350.5311778290993	357.5295815295815
12946	434.82678983833716	112.7965367965368
12998	423.27944572748265	360.992784992785
13036	515.6581986143187	356.3751803751804
13065	550.3002309468822	97.7893217893218
13097	599.9538106235566	247.86147186147187
13129	470.6235565819861	274.41269841269843
13170	523.7413394919168	126.64935064935065
13233	589.5612009237875	216.69264069264068
13296	567.6212471131639	247.86147186147187
13335	560.6928406466512	299.8095238095238
13380	599.9538106235566	347.1399711399711
13421	608.0369515011547	158.97258297258298
13463	654.2263279445727	190.14141414141415
13503	554.919168591224	417.55844155844153
13546	601.1085450346419	247.86147186147187
13587	595.3348729792148	364.4559884559884
13622	459.0762124711316	250.17027417027418
13651	432.5173210161663	222.46464646464648
13680	487.9445727482679	216.69264069264068
13710	442.90993071593533	193.60461760461763
13744	461.3856812933025	190.14141414141415
13785	535.2886836027714	284.8023088023088
13832	426.743648960739	259.4054834054834
13868	404.8036951501155	178.5974025974026
13898	378.2448036951501	229.3910533910534
13926	321.6628175519631	237.47186147186147
13958	240.83140877598152	180.90620490620492
13990	222.35565819861432	312.5079365079365
14019	360.9237875288684	149.73737373737376
14052	360.9237875288684	149.73737373737376
14084	291.6397228637413	179.75180375180375
14114	303.18706697459584	235.1630591630592
14140	325.1270207852194	205.14862914862917
14176	332.0554272517321	205.14862914862917
14203	341.2933025404157	287.11111111111114
14242	329.7459584295612	147.42857142857144
14276	382.8637413394919	21.5988455988456
14308	382.8637413394919	21.5988455988456
14335	308.9607390300231	437.18326118326115
14369	370.161662817552	120.8773448773449
14407	675.0115473441108	302.1183261183261
14435	594.1801385681292	550.3145743145743
14468	671.5473441108545	463.73448773448774
14504	639.2147806004618	179.75180375180375
14536	658.8452655889146	274.41269841269843
14568	601.1085450346419	126.64935064935065
14606	567.6212471131639	287.11111111111114
14662	664.6189376443417	71.23809523809524
14709	699.2609699769052	269.7950937950938
14748	758.1524249422632	192.45021645021646
14785	669.2378752886835	285.95670995671
14819	736.2124711316396	317.1255411255411
14864	821.662817551963	344.8311688311688
14915	849.3764434180138	477.58730158730157
14965	722.3556581986143	312.5079365079365
15000	798.568129330254	309.044733044733
15036	982.1709006928406	245.55266955266956
15065	911.7321016166281	294.03751803751805
15100	945.2193995381061	367.9191919191919
15134	945.2193995381061	367.9191919191919
15165	1005.2655889145497	356.3751803751804
15198	997.1824480369514	360.992784992785
15232	430.2078521939954	324.051948051948
15265	430.2078521939954	324.051948051948
15298	-22.44803695150115	172.82539682539684
15332	106.88221709006929	171.6709956709957
15365	13.34872979214781	247.86147186147187
15408	26.05080831408776	303.27272727272725
15453	17.967667436489613	452.19047619047615
15490	-6.2817551963048475	311.35353535353534
15532	98.79907621247114	220.15584415584416
15565	56.07390300230947	262.8686868686869
15599	69.93071593533487	228.23665223665225
15637	69.93071593533487	228.23665223665225
15671	96.48960739030022	182.0606060606061
15703	75.70438799076213	276.7215007215008
15736	20.277136258660512	424.48484848484844
15766	69.93071593533487	104.71572871572872
15799	118.4295612009238	227.08225108225108
15832	12.193995381062358	288.26551226551226
15870	8.729792147806007	287.11111111111114
15900	6.420323325635107	401.39682539682536
15932	-96.35103926096998	222.46464646464648
15966	-70.94688221709008	302.1183261183261
15999	81.47806004618937	272.1038961038961
16032	-18.983833718244803	209.76623376623377
16066	-17.82909930715935	-6.106782106782106
16099	7.575057736720557	110.4877344877345
16133	30.669745958429562	382.9264069264069
16170	19.12240184757506	425.6392496392496
16201	363.23325635103924	785.8124098124098
16233	445.21939953810625	856.2308802308802
16262	493.71824480369514	834.2972582972584
16290	418.6605080831409	696.923520923521
16321	190.0230946882217	550.3145743145743
16354	185.4041570438799	572.2481962481962
16387	265.08083140877596	534.1529581529581
16418	263.92609699769054	490.2857142857143
16452	243.14087759815243	235.1630591630592
16484	37.59815242494226	303.27272727272725
16522	37.59815242494226	303.27272727272725
16556	185.4041570438799	304.4271284271284
16588	185.4041570438799	304.4271284271284
16621	64.15704387990763	73.54689754689755
16655	64.15704387990763	73.54689754689755
16685	157.69053117782911	339.05916305916304
16721	79.16859122401848	107.02453102453104
16766	79.16859122401848	107.02453102453104
16800	111.50115473441109	339.05916305916304
16833	105.72748267898383	416.40404040404036
16867	161.15473441108546	305.5815295815296
16905	202.72517321016167	240.93506493506496
16933	237.36720554272517	253.63347763347767
16967	61.84757505773672	213.22943722943725
17005	164.6189376443418	329.8239538239538
17067	275.47344110854505	385.2352092352092
17103	254.68822170900697	266.33189033189035
17139	265.08083140877596	429.1024531024531
17184	332.0554272517321	238.62626262626264
17221	260.4618937644342	396.77922077922074
17250	274.3187066974596	433.72005772005775
17289	455.6120092378753	434.8744588744588
17318	471.7782909930716	352.91197691197686
17351	363.23325635103924	348.2943722943723
17388	343.6027713625866	403.7056277056277
17417	343.6027713625866	357.5295815295815
17451	499.4919168591224	274.41269841269843
17484	527.2055427251731	244.39826839826839
17518	464.8498845265589	423.3304473304473
17591	517.9676674364896	72.3924963924964
17621	517.9676674364896	72.3924963924964
17651	474.08775981524246	297.5007215007215
17685	484.48036951501155	344.8311688311688
17718	538.7528868360278	279.03030303030306
17751	650.7621247113163	481.05050505050497
17787	597.6443418013856	437.18326118326115
17844	627.6674364896073	192.45021645021646
17908	678.4757505773671	102.40692640692642
17972	616.1200923787528	478.74170274170274
18009	683.0946882217089	280.1847041847042
18052	692.3325635103926	476.4329004329004
18091	672.7020785219398	451.036075036075
18126	690.0230946882217	172.82539682539684
18166	690.0230946882217	172.82539682539684
18196	614.9653579676674	372.5367965367965
18230	716.581986143187	442.95526695526695
18262	781.2471131639722	349.4487734487734
18291	987.9445727482679	269.7950937950938
18322	909.4226327944573	360.992784992785
18352	926.743648960739	336.7503607503607
18384	953.3025404157042	407.16883116883116
18418	882.8637413394919	249.01587301587304
18452	819.3533487297921	468.3520923520923
18485	874.7806004618936	315.97113997113996
18519	874.7806004618936	315.97113997113996
18552	957.9214780600462	312.5079365079365
18586	848.2217090069284	396.77922077922074
18618	848.2217090069284	396.77922077922074
18652	822.8175519630483	425.6392496392496
18690	730.4387990762125	461.4256854256854
18721	666.9284064665127	235.1630591630592
18752	738.5219399538106	230.54545454545456
18787	-51.316397228637406	225.92784992784996
18821	-59.39953810623556	268.64069264069263
18855	27.205542725173213	126.64935064935065
18886	27.205542725173213	126.64935064935065
18919	45.68129330254042	221.3102453102453
18954	163.46420323325637	281.33910533910534
18990	200.4157043879908	384.0808080808081
19021	-104.43418013856812	282.49350649350646
19053	-87.11316397228637	201.68542568542568
19087	44.52655889145497	378.3088023088023
19120	54.91916859122402	384.0808080808081
19154	50.30023094688222	332.1327561327561
19195	46.83602771362587	369.0735930735931
19243	63.00230946882217	250.17027417027418
19277	138.06004618937646	167.05339105339107
19309	246.60508083140877	205.14862914862917
19342	232.74826789838338	333.2871572871573
19380	253.53348729792145	171.6709956709957
19411	253.53348729792145	171.6709956709957
19447	193.48729792147807	176.2886002886003
19485	332.0554272517321	392.16161616161617
19523	282.4018475750578	444.1096681096681
19558	314.73441108545035	200.53102453102457
19599	319.3533487297922	197.0678210678211
19636	371.3163972286374	296.34632034632034
19674	337.82909930715937	351.7575757575757
19706	427.89838337182454	436.02886002886
19739	401.3394919168591	401.39682539682536
19774	416.35103926097	311.35353535353534
19803	245.4503464203233	444.1096681096681
19837	245.4503464203233	444.1096681096681
19870	390.9468822170901	376.0
19920	328.5912240184757	287.11111111111114
19953	329.7459584295612	165.8989898989899
19987	402.49422632794455	294.03751803751805
20020	394.41108545034643	260.55988455988455
20054	322.8175519630485	448.72727272727275
20087	381.7090069284065	377.1544011544011
20128	394.41108545034643	330.97835497835496
20187	412.8868360277136	255.94227994227995
20224	459.0762124711316	277.8759018759019
20260	519.122401847575	232.85425685425687
20295	481.0161662817552	490.2857142857143
20337	528.3602771362587	423.3304473304473
20370	522.5866050808314	366.76479076479075
20406	520.2771362586604	257.0966810966811
20438	404.8036951501155	341.3679653679654
20471	550.3002309468822	563.012987012987
20505	524.8960739030023	209.76623376623377
20537	590.7159353348729	344.8311688311688
20571	668.0831408775981	180.90620490620492
20604	693.487297921478	195.91341991341992
20637	616.1200923787528	213.22943722943725
20671	616.1200923787528	213.22943722943725
20704	701.5704387990761	229.3910533910534
20738	701.5704387990761	229.3910533910534
20775	705.0346420323325	356.3751803751804
20821	820.5080831408775	222.46464646464648
20854	820.5080831408775	222.46464646464648
20888	813.5796766743648	393.3160173160173
20921	796.258660508083	340.2135642135642
20954	790.4849884526558	255.94227994227995
20988	717.7367205542724	372.5367965367965
21021	724.6651270207851	403.7056277056277
21055	658.8452655889146	502.98412698412693
21090	702.7251732101616	433.72005772005775
21121	641.5242494226328	209.76623376623377
21155	565.3117782909931	161.2813852813853
21188	788.1755196304849	305.5815295815296
21221	725.8198614318705	192.45021645021646
21256	881.7090069284063	409.4776334776334
21288	860.9237875288684	279.03030303030306
21324	817.0438799076212	201.68542568542568
21357	889.7921478060046	471.81529581529577
21390	888.6374133949191	309.044733044733
21419	1090.715935334873	387.5440115440115
21472	1038.7528868360275	483.35930735930737
21503	1008.729792147806	482.2049062049062
21538	990.2540415704387	456.8080808080808
21572	994.8729792147806	477.58730158730157
21605	879.3995381062355	332.1327561327561
21639	888.6374133949191	244.39826839826839
21672	934.8267898383372	515.6825396825398
21705	429.05311778290996	117.41414141414141
21739	464.8498845265589	245.55266955266956
21772	0.6466512702078548	238.62626262626264
21808	0.6466512702078548	238.62626262626264
21863	22.58660508083141	484.51370851370854
21906	7.575057736720557	422.17604617604616
21939	21.431870669745962	395.62481962481957
21972	67.62124711316397	228.23665223665225
22007	84.94226327944574	264.02308802308806
22042	124.20323325635104	267.48629148629146
22074	190.0230946882217	328.6695526695527
22110	105.72748267898383	213.22943722943725
22140	200.4157043879908	265.1774891774892
22173	117.27482678983834	265.1774891774892
22202	-24.75750577367205	236.31746031746036
22231	26.05080831408776	237.47186147186147
22257	236.21247113163975	275.56709956709955
22294	232.74826789838338	317.1255411255411
22344	278.9376443418014	258.25108225108227
22407	112.65588914549654	312.5079365079365
22466	218.89145496535798	300.9639249639249
22528	315.8891454965358	319.4343434343434
22573	323.97228637413394	178.5974025974026
22623	325.1270207852194	318.27994227994225
22660	319.3533487297922	262.8686868686869
22695	358.6143187066975	237.47186147186147
22740	425.58891454965357	307.8903318903319
22778	425.58891454965357	307.8903318903319
22817	362.0785219399538	105.87012987012987
22857	385.17321016166284	317.1255411255411
22892	341.2933025404157	235.1630591630592
22926	553.7644341801386	319.4343434343434
22973	455.6120092378753	343.67676767676767
23012	446.3741339491917	490.2857142857143
23057	441.7551963048499	273.25829725829726
23093	476.3972286374134	287.11111111111114
23129	438.2909930715935	431.41125541125535
23161	606.8822170900692	322.8975468975469
23190	597.6443418013856	451.036075036075
23224	621.8937644341801	325.20634920634916
23257	611.501154734411	321.7431457431457
23292	417.50577367205545	255.94227994227995
23324	449.838337182448	257.0966810966811
23357	505.26558891454965	96.63492063492065
23391	505.26558891454965	96.63492063492065
23424	139.2147806004619	444.1096681096681
23457	139.2147806004619	444.1096681096681
23491	-13.21016166281755	336.7503607503607
23524	395.56581986143186	706.1587301587302
23557	404.8036951501155	700.3867243867244
23595	405.95842956120094	822.7532467532468
23641	266.2355658198614	512.2193362193361
23691	105.72748267898383	471.81529581529577
23744	151.91685912240186	393.3160173160173
23798	141.5242494226328	410.6320346320346
23848	208.49884526558893	242.0894660894661
23899	206.189376443418	253.63347763347767
23947	239.67667436489606	531.8441558441558
24000	236.21247113163975	486.82251082251076
24049	236.21247113163975	486.82251082251076
24109	243.14087759815243	391.007215007215
24190	230.4387990762125	303.27272727272725
24234	393.256351039261	251.32467532467535
24275	352.84064665127016	337.90476190476187
24308	377.09006928406467	461.4256854256854
24347	423.27944572748265	498.36652236652236
24380	357.45958429561205	335.5959595959596
24414	270.8545034642033	249.01587301587304
24459	244.29561200923789	232.85425685425687
24493	405.95842956120094	329.8239538239538
24530	405.95842956120094	329.8239538239538
24561	290.4849884526559	215.53823953823957
24593	290.4849884526559	215.53823953823957
24630	452.147806004619	453.3448773448773
24663	452.147806004619	453.3448773448773
24699	583.7875288683603	344.8311688311688
24733	468.31408775981527	254.78787878787878
24766	463.69515011547344	279.03030303030306
24809	486.7898383371824	356.3751803751804
24842	478.7066974595843	431.41125541125535
24879	537.5981524249422	203.994227994228
24916	590.7159353348729	499.52092352092353
24959	590.7159353348729	499.52092352092353
24996	549.1454965357968	16.981240981240983
25030	613.8106235565818	487.97691197691194
25067	531.8244803695151	382.9264069264069
25109	531.8244803695151	72.3924963924964
25159	517.9676674364896	203.994227994228
25193	554.919168591224	188.987012987013
25226	735.0577367205542	313.6623376623376
25259	743.1408775981524	347.1399711399711
25293	754.6882217090068	304.4271284271284
25326	744.2956120092377	417.55844155844153
25359	783.5565819861431	322.8975468975469
25393	657.690531177829	519.1457431457432
25426	625.3579676674365	522.6089466089466
25476	732.7482678983833	200.53102453102457
25512	833.2101616628174	348.2943722943723
25547	858.6143187066973	536.4617604617604
25580	791.6397228637413	335.5959595959596
25626	713.1177829099306	528.3809523809523
25660	802.0323325635104	536.4617604617604
25693	894.4110854503463	309.044733044733
25727	945.2193995381061	581.4834054834055
25760	889.7921478060046	483.35930735930737
25795	863.2332563510392	412.94083694083696
25830	847.0669745958429	381.77200577200574
25864	956.7667436489606	496.05772005772
25900	966.0046189376443	464.8888888888889
25936	969.4688221709006	415.2496392496392
25977	790.4849884526558	408.32323232323233
26015	790.4849884526558	408.32323232323233
26060	1001.8013856812933	527.2265512265511
26110	893.256351039261	317.1255411255411
26147	903.64896073903	362.1471861471861
26179	991.4087759815242	439.4920634920635
26227	992.5635103926096	445.26406926406924
26260	1134.5958429561201	227.08225108225108
26299	527.2055427251731	188.987012987013
26335	517.9676674364896	213.22943722943725
26377	-65.17321016166282	257.0966810966811
26435	313.57967667436486	457.96248196248195
26511	545.6812933025404	877.010101010101
26553	318.19861431870675	579.1746031746031
26595	121.89376443418014	566.4761904761905
26627	69.93071593533487	563.012987012987
26661	190.0230946882217	656.5194805194806
26698	190.0230946882217	656.5194805194806
26729	124.20323325635104	92.01731601731603
26762	392.1016166281755	360.992784992785
26790	392.1016166281755	360.992784992785
26844	209.65357967667435	96.63492063492065
26878	186.55889145496533	306.7359307359307
26911	310.1154734411086	199.3766233766234
26945	263.92609699769054	212.07503607503608
26978	297.4133949191686	442.95526695526695
27015	323.97228637413394	285.95670995671
27055	241.986143187067	268.64069264069263
27100	288.175519630485	399.0880230880231
27145	284.71131639722864	115.10533910533911
27184	314.73441108545035	311.35353535353534
27224	273.16397228637413	393.3160173160173
27265	347.06697459584296	374.84559884559883
27295	445.21939953810625	402.55122655122653
27328	434.82678983833716	501.82972582972576
27362	459.0762124711316	477.58730158730157
27398	420.9699769053118	373.69119769119766
27435	355.15011547344113	376.0
27478	387.4826789838337	431.41125541125535
27512	489.0993071593534	504.13852813852816
27545	410.5773672055427	327.5151515151515
27595	381.7090069284065	327.5151515151515
27639	515.6581986143187	453.3448773448773
27695	543.3718244803695	416.40404040404036
27738	535.2886836027714	418.7128427128427
27779	547.9907621247113	378.3088023088023
27829	620.7390300230946	339.05916305916304
27865	499.4919168591224	232.85425685425687
27912	554.919168591224	332.1327561327561
27945	591.8706697459584	147.42857142857144
27979	514.5034642032332	289.4199134199134
28013	514.5034642032332	289.4199134199134
28046	632.2863741339492	534.1529581529581
28079	632.2863741339492	534.1529581529581
28112	621.8937644341801	439.4920634920635
28145	632.2863741339492	439.4920634920635
28179	736.2124711316396	468.3520923520923
28212	773.1639722863741	416.40404040404036
28246	835.5196304849883	320.5887445887446
28279	725.8198614318705	409.4776334776334
28315	735.0577367205542	300.9639249639249
28346	725.8198614318705	414.095238095238
28396	731.5935334872978	601.1082251082252
28429	821.662817551963	579.1746031746031
28463	604.5727482678983	746.5627705627707
28501	516.8129330254042	760.4155844155845
28534	557.228637413395	765.033189033189
28565	557.228637413395	765.033189033189
28599	717.7367205542724	515.6825396825398
28634	644.9884526558891	452.19047619047615
28668	644.9884526558891	452.19047619047615
28702	754.6882217090068	448.72727272727275
28747	621.8937644341801	168.2077922077922
28787	621.8937644341801	168.2077922077922
28825	685.4041570438798	509.9105339105339
28863	685.4041570438798	509.9105339105339
28900	730.4387990762125	351.7575757575757
28938	664.6189376443417	401.39682539682536
28980	676.1662817551962	507.60173160173156
29016	844.757505773672	464.8888888888889
29064	835.5196304849883	524.9177489177489
29102	886.3279445727483	409.4776334776334
29138	772.0092378752886	438.3376623376623
29180	707.3441108545035	381.77200577200574
29218	780.0923787528867	599.953823953824
29254	804.3418013856813	496.05772005772
29292	834.364896073903	395.62481962481957
29331	885.1732101616627	528.3809523809523
29359	960.230946882217	312.5079365079365
29397	960.230946882217	312.5079365079365
29431	985.635103926097	437.18326118326115
29464	1023.7413394919168	519.1457431457432
29497	1014.5034642032331	410.6320346320346
29533	908.2678983833717	519.1457431457432
29566	968.3140877598152	486.82251082251076
29597	733.9030023094688	502.98412698412693
29633	733.9030023094688	502.98412698412693
29670	255.8429561200924	610.3434343434344
29702	65.31177829099308	320.5887445887446
29731	78.01385681293303	460.27128427128423
29764	78.01385681293303	460.27128427128423
29798	13.34872979214781	243.24386724386727
29834	-39.76905311778291	240.93506493506496
29866	-10.900692840646649	350.6031746031746
29898	-2.817551963048496	430.2568542568542
29931	5.265588914549657	242.0894660894661
29964	193.48729792147807	344.8311688311688
29998	110.34642032332565	254.78787878787878
30031	213.11778290993072	459.1168831168831
30065	255.8429561200924	335.5959595959596
30098	65.31177829099308	209.76623376623377
30136	134.5958429561201	358.68398268398266
30169	134.5958429561201	358.68398268398266
30196	215.4272517321016	382.9264069264069
30248	72.24018475750577	406.01443001443
30302	72.24018475750577	406.01443001443
30349	98.79907621247114	290.5743145743146
30401	188.86836027713628	462.5800865800866
30448	-104.43418013856812	410.6320346320346
30482	-32.840646651270205	294.03751803751805
30516	19.12240184757506	298.6551226551226
30571	792.7944572748268	334.4415584415584
30602	818.1986143187066	551.4689754689755
30632	998.337182448037	553.7777777777777
30665	998.337182448037	553.7777777777777
30707	901.3394919168591	376.0
30758	904.8036951501153	552.6233766233765
30805	1112.6558891454965	430.2568542568542
30843	1112.6558891454965	430.2568542568542
30882	982.1709006928406	279.03030303030306
30922	832.0554272517321	404.8600288600288
30954	937.136258660508	527.2265512265511
30984	181.93995381062356	448.72727272727275
31018	162.3094688221709	448.72727272727275
31053	158.84526558891454	255.94227994227995
31087	158.84526558891454	255.94227994227995
31126	39.90762124711317	572.2481962481962
31158	54.91916859122402	363.3015873015873
31193	65.31177829099308	371.3823953823954
31226	129.9769053117783	371.3823953823954
31255	160.0	370.2279942279942
31284	170.39260969976905	384.0808080808081
31316	170.39260969976905	384.0808080808081
31349	186.55889145496533	524.9177489177489
31388	165.77367205542726	572.2481962481962
31418	173.8568129330254	543.3881673881674
31449	192.3325635103926	614.961038961039
31484	415.1963048498845	472.96969696969694
31516	308.9607390300231	445.26406926406924
31549	315.8891454965358	380.61760461760457
31583	463.69515011547344	501.82972582972576
31616	438.2909930715935	491.4401154401154
31650	433.67205542725173	334.4415584415584
31683	396.72055427251735	447.5728715728716
31716	345.91224018475754	270.949494949495
31750	394.41108545034643	431.41125541125535
31783	310.1154734411086	447.5728715728716
31816	475.24249422632795	335.5959595959596
31850	449.838337182448	356.3751803751804
31884	410.5773672055427	262.8686868686869
31921	414.04157043879906	377.1544011544011
31955	397.8752886836028	357.5295815295815
32003	397.8752886836028	357.5295815295815
32039	490.2540415704388	396.77922077922074
32079	574.5496535796767	385.2352092352092
32117	547.9907621247113	317.1255411255411
32154	588.4064665127021	142.81096681096682
32188	469.4688221709007	305.5815295815296
32221	440.6004618937645	242.0894660894661
32250	471.7782909930716	516.8369408369408
32288	471.7782909930716	516.8369408369408
32323	506.42032332563514	424.48484848484844
32357	447.52886836027716	431.41125541125535
32384	649.6073903002308	322.8975468975469
32417	586.0969976905311	327.5151515151515
32451	728.1293302540415	537.6161616161615
32484	829.7459584295611	468.3520923520923
32521	560.6928406466512	694.6147186147186
32552	722.3556581986143	657.6738816738816
32584	829.7459584295611	769.6507936507936
32617	588.4064665127021	528.3809523809523
32651	588.4064665127021	528.3809523809523
32684	774.3187066974594	554.9321789321789
32717	774.3187066974594	554.9321789321789
32751	638.0600461893764	529.5353535353536
32784	745.4503464203233	563.012987012987
32819	666.9284064665127	457.96248196248195
32853	714.2725173210162	561.8585858585858
32889	671.5473441108545	393.3160173160173
32919	767.3903002309468	485.6681096681096
32955	767.3903002309468	485.6681096681096
32982	802.0323325635104	542.2337662337662
33010	773.1639722863741	605.7258297258298
33039	828.5912240184757	506.4473304473304
33069	828.5912240184757	506.4473304473304
33095	700.4157043879907	436.02886002886
33129	700.4157043879907	436.02886002886
33161	804.3418013856813	474.1240981240981
33190	775.473441108545	392.16161616161617
33235	514.5034642032332	867.7748917748918
33286	661.1547344110854	781.1948051948052
33331	648.4526558891455	728.0923520923521
33369	618.4295612009238	538.7705627705627
33401	829.7459584295611	631.1226551226551
33436	792.7944572748268	595.3362193362194
33468	867.8521939953811	550.3145743145743
33504	855.150115473441	520.3001443001443
33535	724.6651270207851	569.9393939393939
33569	893.256351039261	551.4689754689755
33598	843.6027713625865	266.33189033189035
33628	843.6027713625865	432.5656565656566
33661	785.8660508083141	334.4415584415584
33693	813.5796766743648	408.32323232323233
33735	820.5080831408775	445.26406926406924
33785	713.1177829099306	471.81529581529577
33840	895.5658198614318	552.6233766233765
33885	780.0923787528867	414.095238095238
33923	852.8406466512702	381.77200577200574
33957	896.7205542725172	511.064935064935
33991	878.24480369515	523.7633477633477
34024	899.0300230946882	310.19913419913416
34057	959.0762124711316	631.1226551226551
34089	842.4480369515011	663.4458874458875
34116	890.94688221709	341.3679653679654
34145	828.5912240184757	307.8903318903319
34172	937.136258660508	545.6969696969697
34202	890.94688221709	333.2871572871573
34236	880.554272517321	315.97113997113996
34265	892.1016166281754	162.43578643578644
34292	848.2217090069284	490.2857142857143
34330	848.2217090069284	490.2857142857143
34358	882.8637413394919	408.32323232323233
34393	782.4018475750577	395.62481962481957
34425	882.8637413394919	685.3795093795094
34451	882.8637413394919	685.3795093795094
34484	359.7690531177829	394.47041847041845
34516	349.3764434180139	502.98412698412693
34545	427.89838337182454	728.0923520923521
34579	419.8152424942263	684.2251082251082
34631	357.45958429561205	313.6623376623376
34683	108.03695150115473	306.7359307359307
34740	87.25173210161662	456.8080808080808
34794	101.10854503464203	468.3520923520923
34853	126.51270207852194	318.27994227994225
34903	-43.23325635103926	191.2958152958153
34937	-43.23325635103926	191.2958152958153
34970	128.82217090069284	448.72727272727275
35003	151.91685912240186	408.32323232323233
35037	109.19168591224019	516.8369408369408
35070	113.81062355658199	620.7330447330448
35103	113.81062355658199	620.7330447330448
35137	149.60739030023095	259.4054834054834
35170	104.57274826789839	244.39826839826839
35204	17.967667436489613	208.6118326118326
35237	-5.127020785219397	183.21500721500723
35270	128.82217090069284	340.2135642135642
35305	-54.78060046189376	445.26406926406924
35337	-44.38799076212471	376.0
35370	147.29792147806006	347.1399711399711
35404	141.5242494226328	265.1774891774892
35437	195.79676674364896	232.85425685425687
35470	181.93995381062356	221.3102453102453
35504	307.80600461893766	272.1038961038961
35554	321.6628175519631	192.45021645021646
35606	314.73441108545035	499.52092352092353
35641	335.51963048498845	295.19191919191917
35674	350.5311778290993	421.021645021645
35700	360.9237875288684	334.4415584415584
35737	313.57967667436486	209.76623376623377
35775	272.0092378752887	320.5887445887446
35804	329.7459584295612	352.91197691197686
35838	304.34180138568126	412.94083694083696
35871	502.9561200923788	724.6291486291486
35904	486.7898383371824	505.29292929292933
35938	397.8752886836028	453.3448773448773
35971	416.35103926097	647.2842712842713
36004	483.3256351039261	460.27128427128423
36038	483.3256351039261	460.27128427128423
36071	425.58891454965357	470.6608946608946
36105	420.9699769053118	317.1255411255411
36138	426.743648960739	259.4054834054834
36171	476.3972286374134	377.1544011544011
36205	476.3972286374134	377.1544011544011
36242	484.48036951501155	416.40404040404036
36276	484.48036951501155	416.40404040404036
36309	449.838337182448	596.4906204906205
36347	508.729792147806	324.051948051948
36388	537.5981524249422	468.3520923520923
36422	403.64896073903003	394.47041847041845
36462	390.9468822170901	454.4992784992785
36496	403.64896073903003	447.5728715728716
36535	423.27944572748265	287.11111111111114
36572	362.0785219399538	386.38961038961037
36605	191.17782909930716	134.73015873015873
36640	359.7690531177829	158.97258297258298
36677	370.161662817552	378.3088023088023
36708	377.09006928406467	192.45021645021646
36742	351.68591224018473	192.45021645021646
36777	303.18706697459584	422.17604617604616
36809	198.10623556581984	401.39682539682536
36845	276.6281755196305	190.14141414141415
36876	255.8429561200924	412.94083694083696
36913	229.284064665127	310.19913419913416
36994	164.6189376443418	290.5743145743146
37029	177.32101616628177	426.7936507936508
37072	276.6281755196305	335.5959595959596
37103	233.90300230946883	342.5223665223665
37137	399.0300230946882	381.77200577200574
37171	362.0785219399538	426.7936507936508
37205	211.96304849884527	439.4920634920635
37241	223.51039260969978	292.8831168831169
37278	139.2147806004619	459.1168831168831
37311	401.3394919168591	311.35353535353534
37345	401.3394919168591	311.35353535353534
37377	232.74826789838338	304.4271284271284
37411	266.2355658198614	329.8239538239538
37441	367.85219399538107	371.3823953823954
37472	408.26789838337186	325.20634920634916
37505	370.161662817552	284.8023088023088
37539	336.6743648960739	355.2207792207792
37573	461.3856812933025	276.7215007215008
37606	329.7459584295612	262.8686868686869
37643	344.75750577367205	272.1038961038961
37673	372.47113163972284	414.095238095238
37710	372.47113163972284	414.095238095238
37757	313.57967667436486	253.63347763347767
37824	497.1824480369515	454.4992784992785
37880	392.1016166281755	439.4920634920635
37936	415.1963048498845	500.6753246753247
38000	496.02771362586606	310.19913419913416
38057	565.3117782909931	561.8585858585858
38107	1041.0623556581986	701.5411255411256
38145	1231.593533487298	812.3636363636365
38190	1191.1778290993072	726.937950937951
38223	1173.8568129330254	676.1443001443002
38257	1173.8568129330254	676.1443001443002
38290	1228.1293302540414	633.4314574314575
38324	1265.0808314087758	797.3564213564214
38357	1265.0808314087758	797.3564213564214
38392	1058.3833718244805	750.025974025974
38426	1101.108545034642	771.959595959596
38457	1225.8198614318708	798.5108225108225
38490	1225.8198614318708	798.5108225108225
38516	1209.6535796766743	683.070707070707
38546	1205.0346420323326	700.3867243867244
38575	1188.8683602771362	894.3261183261184
38609	1298.568129330254	707.3131313131314
38645	1220.0461893764434	720.0115440115441
38680	1206.189376443418	647.2842712842713
38709	1208.498845265589	842.3780663780665
38741	1210.8083140877598	756.952380952381
38774	842.4480369515011	898.9437229437231
38806	803.1870669745957	904.7157287157287
38858	565.3117782909931	873.5468975468975
38913	489.0993071593534	762.7243867243868
38948	516.8129330254042	987.8326118326119
38986	613.8106235565818	950.891774891775
39012	567.6212471131639	913.950937950938
39048	534.1339491916859	958.972582972583
39080	466.00461893764435	928.958152958153
39110	483.3256351039261	1065.1774891774892
39146	485.635103926097	962.4357864357866
39173	445.21939953810625	1015.5382395382396
39224	539.9076212471131	893.1717171717173
39254	572.2401847575059	909.3333333333334
39286	539.9076212471131	893.1717171717173
39319	640.3695150115473	877.010101010101
39351	400.18475750577363	1015.5382395382396
39381	335.51963048498845	902.4069264069265
39412	351.68591224018473	852.7676767676768
39445	351.68591224018473	852.7676767676768
39478	348.2217090069284	1076.7215007215007
39511	328.5912240184757	971.6709956709957
39546	415.1963048498845	953.2005772005773
39591	311.270207852194	1057.0966810966813
39647	415.1963048498845	768.4963924963926
39694	375.9353348729792	915.1053391053391
39732	340.1385681293302	908.1789321789323
39762	418.6605080831409	968.2077922077923
39796	326.28175519630486	988.987012987013
39827	355.15011547344113	901.2525252525253
39860	355.15011547344113	901.2525252525253
39895	433.67205542725173	856.2308802308802
39929	471.7782909930716	880.4733044733044
39985	335.51963048498845	859.6940836940837
40045	455.6120092378753	788.1212121212121
40092	372.47113163972284	946.2741702741703
40126	566.4665127020785	887.3997113997115
40165	586.0969976905311	853.9220779220778
40203	1179.6304849884527	711.930735930736
40242	1153.0715935334872	781.1948051948052
40280	1149.607390300231	658.8282828282829
40318	1158.8452655889146	569.9393939393939
40355	1214.272517321016	621.8874458874459
40393	1216.5819861431871	873.5468975468975
40429	1151.9168591224018	799.6652236652237
40462	1151.9168591224018	799.6652236652237
40496	1364.3879907621247	550.3145743145743
40531	1364.3879907621247	550.3145743145743
40564	1380.554272517321	886.2453102453103
40599	1329.7459584295611	819.2900432900434
40637	1297.4133949191687	835.4516594516595
40671	1229.2840646651268	738.4819624819626
40707	1192.3325635103924	741.945165945166
40744	1291.6397228637413	791.5844155844156
40787	1328.5912240184757	720.0115440115441
40825	1240.8314087759816	803.1284271284271
40865	1338.9838337182448	763.878787878788
40904	1292.7944572748268	871.2380952380952
40943	1299.7228637413393	812.3636363636365
40981	1277.782909930716	627.6594516594516
41027	1272.0092378752886	650.7474747474748
41060	1192.3325635103924	658.8282828282829
41099	1162.3094688221709	729.2467532467532
41133	1254.688221709007	713.0851370851371
41162	1236.2124711316396	679.6075036075036
41194	1194.6420323325635	669.2178932178932
41227	1217.7367205542723	691.1515151515152
41260	1168.083140877598	769.6507936507936
41287	1155.3810623556583	716.5483405483405
41315	1155.3810623556583	716.5483405483405
41350	1284.7113163972285	679.6075036075036
