time	x	y
1	1322.5531914893616	542.9219858156027
33	1060.1418439716313	535.8297872340426
58	1098.4397163120568	659.2340425531914
79	1316.8794326241134	672.0
101	1281.418439716312	530.1560283687943
124	1281.418439716312	530.1560283687943
145	1163.6879432624112	479.09219858156024
168	1162.2695035460993	497.531914893617
188	1173.6170212765958	514.5531914893617
210	1299.8581560283687	588.3120567375887
232	1211.914893617021	585.4751773049645
255	1167.9432624113474	635.1205673758865
277	1121.1347517730496	754.2695035460993
296	1169.3617021276596	576.9645390070922
319	1169.3617021276596	576.9645390070922
350	1322.5531914893616	559.9432624113475
377	638.8652482269504	550.0141843971631
400	421.84397163120565	398.2411347517731
435	338.15602836879435	232.2836879432624
467	230.35460992907804	218.09929078014184
490	478.5815602836879	35.12056737588652
513	316.8794326241135	54.97872340425531
536	250.2127659574468	171.29078014184398
567	346.6666666666667	279.0921985815603
600	492.76595744680844	228.0283687943262
634	346.6666666666667	25.191489361702125
666	285.67375886524826	118.80851063829788
700	343.82978723404256	81.9290780141844
737	175.03546099290782	142.92198581560285
768	306.9503546099291	74.83687943262412
800	362.2695035460993	-57.07801418439716
834	289.92907801418437	46.46808510638298
867	333.90070921985813	140.08510638297872
901	539.5744680851063	-145.02127659574467
933	417.5886524822694	64.90780141843972
967	331.06382978723406	-25.87234042553192
1000	302.6950354609929	36.53900709219858
1034	288.51063829787233	256.39716312056737
1067	91.34751773049646	432.2836879432624
1102	160.85106382978725	686.1843971631205
1133	640.2836879432624	728.7375886524823
1157	634.6099290780141	557.1063829787234
1180	542.4113475177304	-31.546099290780145
1203	579.290780141844	140.08510638297872
1226	579.290780141844	140.08510638297872
1252	250.2127659574468	456.39716312056737
1275	226.09929078014184	595.4042553191489
1301	470.0709219858156	127.31914893617022
1325	333.90070921985813	249.30496453900707
1350	465.8156028368794	-7.432624113475178
1384	423.2624113475177	137.24822695035462
1416	231.77304964539007	57.815602836879435
1438	298.43971631205676	195.40425531914894
1468	265.81560283687946	148.59574468085106
1500	158.01418439716315	167.03546099290782
1534	158.01418439716315	167.03546099290782
1568	254.46808510638297	-74.09929078014184
1601	148.08510638297872	84.7659574468085
1633	372.1985815602837	9.588652482269504
1668	356.5957446808511	19.5177304964539
1690	356.5957446808511	19.5177304964539
1716	294.18439716312054	164.19858156028369
1740	372.1985815602837	42.212765957446805
1768	505.53191489361706	-81.19148936170212
1790	505.53191489361706	-81.19148936170212
1814	365.1063829787234	-17.361702127659576
1838	366.5248226950354	83.34751773049646
1863	372.1985815602837	77.67375886524822
1887	400.5673758865248	69.16312056737588
1910	333.90070921985813	266.32624113475174
1935	333.90070921985813	266.32624113475174
1960	477.16312056737587	67.74468085106383
1986	128.22695035460993	184.05673758865245
2011	403.40425531914894	132.99290780141843
2036	546.6666666666666	30.865248226950353
2061	423.2624113475177	40.79432624113475
2084	369.36170212765956	432.2836879432624
2110	470.0709219858156	-8.851063829787234
2135	430.354609929078	306.04255319148933
2160	549.5035460992907	247.88652482269504
2185	630.354609929078	192.56737588652481
2211	407.6595744680851	308.87943262411346
2236	407.6595744680851	308.87943262411346
2258	299.8581560283688	59.23404255319149
2283	274.3262411347518	286.18439716312054
2304	274.3262411347518	286.18439716312054
2333	586.3829787234042	192.56737588652481
2366	501.2765957446809	208.17021276595744
2389	783.5460992907801	239.3758865248227
2417	661.5602836879433	351.4326241134752
2451	487.0921985815603	223.77304964539007
2484	601.9858156028369	189.73049645390068
2518	572.1985815602837	226.60992907801418
2551	331.06382978723406	-4.595744680851064
2575	386.3829787234042	40.79432624113475
2601	636.0283687943262	198.24113475177302
2633	533.9007092198581	375.5460992907801
2668	502.6950354609929	219.51773049645388
2700	628.9361702127659	202.4964539007092
2727	495.6028368794326	243.63120567375884
2754	868.6524822695035	-38.638297872340424
2783	533.9007092198581	286.18439716312054
2808	739.5744680851063	220.93617021276594
2835	641.7021276595744	436.5390070921985
2857	942.4113475177305	57.815602836879435
2884	653.049645390071	120.22695035460993
2910	762.2695035460993	138.66666666666669
2950	546.6666666666666	154.2695035460993
2984	651.6312056737589	175.54609929078015
3009	401.98581560283685	306.04255319148933
3038	565.1063829787234	161.36170212765958
3064	336.73758865248226	294.6950354609929
3089	411.9148936170213	3.9148936170212765
3120	359.4326241134752	250.7234042553191
3150	480.0	306.04255319148933
3176	355.177304964539	308.87943262411346
3202	372.1985815602837	185.47517730496452
3233	392.0567375886524	290.4397163120567
3263	248.79432624113477	260.65248226950354
3289	450.2127659574468	91.8581560283688
3320	455.886524822695	331.57446808510633
3347	420.42553191489355	208.17021276595744
3374	448.79432624113474	462.07092198581563
3403	471.4893617021276	433.70212765957444
3433	497.0212765957446	382.63829787234044
3460	331.06382978723406	203.91489361702125
3487	572.1985815602837	150.01418439716312
3513	573.6170212765958	30.865248226950353
3543	400.5673758865248	100.36879432624116
3571	400.5673758865248	100.36879432624116
3598	345.2482269503546	59.23404255319149
3622	698.4397163120567	32.28368794326241
3653	481.41843971631204	-38.638297872340424
3680	462.9787234042553	-37.21985815602837
3706	400.5673758865248	132.99290780141843
3774	474.32624113475174	9.588652482269504
3804	234.6099290780142	216.6808510638298
3830	390.6382978723404	125.90070921985816
3857	272.90780141843976	223.77304964539007
3882	163.68794326241135	164.19858156028369
3908	375.03546099290776	90.43971631205675
3936	397.7304964539007	53.560283687943254
3962	143.82978723404256	287.6028368794326
3992	233.19148936170214	86.18439716312056
4020	499.85815602836874	111.71631205673759
4048	315.4609929078014	127.31914893617022
4080	75.74468085106383	325.9007092198582
4109	288.51063829787233	195.40425531914894
4136	401.98581560283685	117.39007092198581
4162	339.5744680851064	192.56737588652481
4190	216.17021276595747	135.82978723404256
4222	346.6666666666667	155.68794326241135
4253	170.78014184397165	192.56737588652481
4280	295.60283687943263	144.34042553191492
4307	379.2907801418439	260.65248226950354
4332	383.5460992907801	185.47517730496452
4361	565.1063829787234	203.91489361702125
4389	552.3404255319149	159.94326241134752
4419	536.7375886524823	464.9078014184397
4450	482.8368794326241	510.2978723404255
4476	674.3262411347517	47.88652482269503
4505	471.4893617021276	77.67375886524822
4533	569.3617021276596	-3.1773049645390072
4563	448.79432624113474	145.75886524822695
4592	499.85815602836874	193.98581560283688
4619	679.9999999999999	115.97163120567377
4647	477.16312056737587	167.03546099290782
4674	477.16312056737587	167.03546099290782
4699	559.4326241134752	87.60283687943262
4725	654.468085106383	12.425531914893618
4751	739.5744680851063	46.46808510638298
4783	538.1560283687943	-78.35460992907801
4815	451.6312056737588	53.560283687943254
4840	491.3475177304964	19.5177304964539
4865	437.4468085106383	152.85106382978725
4892	586.3829787234042	178.38297872340428
4920	413.33333333333326	115.97163120567377
4946	413.33333333333326	115.97163120567377
4975	477.16312056737587	30.865248226950353
5003	447.3758865248227	118.80851063829788
5032	360.8510638297873	125.90070921985816
5061	265.81560283687946	266.32624113475174
5088	265.81560283687946	266.32624113475174
5113	450.2127659574468	19.5177304964539
5152	271.48936170212767	220.93617021276594
5185	471.4893617021276	168.45390070921985
5217	460.14184397163115	151.43262411347519
5252	297.02127659574467	124.4822695035461
5283	236.02836879432627	86.18439716312056
5316	140.99290780141845	315.9716312056737
5342	140.99290780141845	315.9716312056737
5369	350.92198581560285	276.25531914893617
5398	450.2127659574468	182.63829787234042
5429	671.4893617021276	171.29078014184398
5460	440.2836879432624	140.08510638297872
5487	506.9503546099291	233.70212765957444
5517	502.6950354609929	340.0851063829787
5547	711.2056737588653	371.290780141844
5583	645.9574468085107	181.21985815602838
5616	681.418439716312	107.46099290780143
5651	664.3971631205673	205.33333333333331
5683	434.60992907801415	401.07801418439715
5718	627.5177304964539	142.92198581560285
5750	660.1418439716313	211.00709219858155
5785	606.241134751773	293.27659574468083
5817	522.5531914893617	313.13475177304963
5850	383.5460992907801	347.17730496453896
5877	518.2978723404254	74.83687943262412
5903	447.3758865248227	364.1985815602837
5934	509.7872340425531	276.25531914893617
5966	495.6028368794326	352.8510638297872
5996	668.6524822695035	237.9574468085106
6022	576.4539007092199	396.822695035461
6051	576.4539007092199	396.822695035461
6085	658.7234042553191	257.8156028368794
6111	826.0992907801418	266.32624113475174
6136	824.6808510638297	195.40425531914894
6167	709.7872340425532	342.92198581560285
6192	709.7872340425532	342.92198581560285
6219	684.2553191489361	284.7659574468085
6251	613.3333333333333	208.17021276595744
6283	681.418439716312	11.00709219858156
6318	563.6879432624113	233.70212765957444
6350	502.6950354609929	274.8368794326241
6383	369.36170212765956	242.2127659574468
6417	516.8794326241134	127.31914893617022
6450	538.1560283687943	225.1914893617021
6483	542.4113475177304	283.34751773049646
6509	539.5744680851063	338.6666666666667
6535	502.6950354609929	415.26241134751774
6566	379.2907801418439	342.92198581560285
6600	644.5390070921986	277.6737588652482
6633	431.77304964539	351.4326241134752
6667	589.2198581560283	198.24113475177302
6700	407.6595744680851	290.4397163120567
6734	514.0425531914893	267.74468085106383
6764	416.1702127659574	355.68794326241135
6789	416.1702127659574	355.68794326241135
6817	461.56028368794324	531.5744680851064
6851	604.8226950354609	374.12765957446805
6883	545.2482269503546	341.5035460992908
6917	626.0992907801418	250.7234042553191
6946	559.4326241134752	327.3191489361702
6973	484.25531914893617	218.09929078014184
7002	654.468085106383	202.4964539007092
7028	464.3971631205673	154.2695035460993
7054	501.2765957446809	266.32624113475174
7084	525.3900709219857	422.354609929078
7116	555.177304964539	276.25531914893617
7151	485.6737588652482	371.290780141844
7184	573.6170212765958	361.36170212765956
7217	545.2482269503546	352.8510638297872
7251	477.16312056737587	311.7163120567376
7284	570.7801418439716	311.7163120567376
7317	684.2553191489361	335.82978723404256
7352	494.18439716312054	361.36170212765956
7383	474.32624113475174	348.59574468085106
7416	529.645390070922	374.12765957446805
7450	420.42553191489355	503.2056737588652
7483	424.6808510638297	446.46808510638294
7518	387.80141843971626	401.07801418439715
7550	613.3333333333333	368.45390070921985
7583	596.3120567375886	423.77304964539
7618	567.9432624113475	386.89361702127655
7650	555.177304964539	369.87234042553195
7681	481.41843971631204	342.92198581560285
7711	539.5744680851063	456.39716312056737
7737	522.5531914893617	328.73758865248226
7767	505.53191489361706	350.0141843971631
7793	492.76595744680844	411.0070921985815
7817	532.482269503546	321.64539007092196
7850	621.8439716312056	420.93617021276594
7880	616.1702127659574	481.9290780141844
7905	528.2269503546099	486.18439716312054
7936	477.16312056737587	303.2056737588652
7966	414.75177304964535	350.0141843971631
7997	428.93617021276594	435.1205673758865
8027	389.21985815602835	259.23404255319144
8058	406.241134751773	260.65248226950354
8089	444.5390070921986	332.9929078014184
8116	458.7234042553191	315.9716312056737
8151	257.3049645390071	393.98581560283685
8180	231.77304964539007	535.8297872340426
8207	400.5673758865248	419.5177304964539
8233	264.39716312056737	401.07801418439715
8267	644.5390070921986	418.09929078014187
8300	211.91489361702128	409.5886524822695
8327	345.2482269503546	430.86524822695037
8353	193.47517730496455	405.33333333333326
8385	265.81560283687946	428.02836879432624
8417	177.87234042553195	408.17021276595744
8451	433.1914893617021	474.83687943262413
8478	407.6595744680851	523.063829787234
8516	345.2482269503546	517.3900709219857
8552	515.4609929078014	524.4822695035461
8584	261.56028368794324	571.2907801418439
8617	355.177304964539	596.8226950354609
8652	387.80141843971626	496.11347517730496
8684	445.9574468085106	472.0
8716	326.80851063829783	541.5035460992907
8750	348.0851063829787	494.6950354609929
8779	414.75177304964535	552.8510638297872
8818	443.12056737588654	616.6808510638298
8851	413.33333333333326	436.5390070921985
8885	694.1843971631205	308.87943262411346
8917	340.9929078014184	513.1347517730496
8950	634.6099290780141	359.94326241134746
8984	627.5177304964539	435.1205673758865
9016	636.0283687943262	113.13475177304966
9050	457.304964539007	340.0851063829787
9083	407.6595744680851	554.2695035460993
9117	427.51773049645385	527.3191489361702
9152	597.7304964539006	385.4751773049645
9183	590.6382978723403	290.4397163120567
9217	532.482269503546	552.8510638297872
9251	587.8014184397163	527.3191489361702
9284	497.0212765957446	514.5531914893617
9316	567.9432624113475	435.1205673758865
9350	709.7872340425532	293.27659574468083
9409	423.2624113475177	453.56028368794324
9452	723.9716312056738	489.02127659574467
9483	580.7092198581561	230.86524822695034
9517	745.2482269503545	401.07801418439715
9550	731.063829787234	406.7517730496454
9583	592.0567375886524	490.4397163120567
9618	592.0567375886524	490.4397163120567
9650	481.41843971631204	466.32624113475174
9683	844.5390070921985	289.02127659574467
9717	760.8510638297872	331.57446808510633
9746	525.3900709219857	325.9007092198582
9772	698.4397163120567	352.8510638297872
9799	396.31205673758865	347.17730496453896
9827	655.886524822695	206.75177304964535
9855	565.1063829787234	422.354609929078
9883	315.4609929078014	466.32624113475174
9917	306.9503546099291	473.41843971631204
9950	282.83687943262413	576.9645390070922
9985	282.83687943262413	576.9645390070922
10017	367.9432624113475	511.71631205673754
10050	322.5531914893617	466.32624113475174
10085	563.6879432624113	372.709219858156
10117	523.9716312056737	452.1418439716312
10151	461.56028368794324	367.0354609929078
10185	549.5035460992907	420.93617021276594
10217	404.822695035461	406.7517730496454
10252	400.5673758865248	365.6170212765957
10285	433.1914893617021	460.6524822695035
10317	433.1914893617021	460.6524822695035
10342	382.12765957446805	524.4822695035461
10369	403.40425531914894	486.18439716312054
10401	383.5460992907801	447.886524822695
10434	373.6170212765957	327.3191489361702
10464	443.12056737588654	445.0496453900709
10494	305.53191489361706	487.60283687943263
10520	319.7163120567376	571.2907801418439
10567	434.60992907801415	391.1489361702127
10597	482.8368794326241	331.57446808510633
10624	336.73758865248226	479.09219858156024
10648	643.1205673758865	340.0851063829787
10679	643.1205673758865	340.0851063829787
10705	689.9290780141844	202.4964539007092
10731	417.5886524822694	371.290780141844
10756	465.8156028368794	371.290780141844
10787	586.3829787234042	426.6099290780142
10813	475.74468085106383	442.2127659574468
10843	657.3049645390071	437.95744680851067
10871	474.32624113475174	321.64539007092196
10898	231.77304964539007	428.02836879432624
10923	640.2836879432624	320.2269503546099
10952	589.2198581560283	342.92198581560285
10985	333.90070921985813	428.02836879432624
11017	333.90070921985813	428.02836879432624
11051	494.18439716312054	365.6170212765957
11083	289.92907801418437	350.0141843971631
11118	410.4964539007092	362.7801418439716
11150	301.27659574468083	425.19148936170217
11183	355.177304964539	382.63829787234044
11217	396.31205673758865	454.9787234042553
11243	271.48936170212767	412.42553191489367
11272	326.80851063829783	496.11347517730496
11300	353.758865248227	823.7730496453901
11335	450.2127659574468	564.1985815602836
11367	742.4113475177304	782.6382978723404
11402	253.0496453900709	635.1205673758865
11434	560.8510638297872	574.127659574468
11467	501.2765957446809	558.5248226950355
11501	672.9078014184396	369.87234042553195
11534	623.2624113475177	399.6595744680851
11566	536.7375886524823	432.2836879432624
11592	653.049645390071	384.0567375886525
11622	506.9503546099291	452.1418439716312
11647	775.0354609929078	369.87234042553195
11672	677.1631205673758	365.6170212765957
11700	477.16312056737587	263.48936170212767
11731	624.6808510638298	401.07801418439715
11756	624.6808510638298	401.07801418439715
11781	628.9361702127659	459.23404255319144
11808	655.886524822695	402.4964539007092
11833	477.16312056737587	418.09929078014187
11857	628.9361702127659	388.3120567375886
11888	569.3617021276596	296.11347517730496
11917	582.1276595744681	314.55319148936167
11946	567.9432624113475	513.1347517730496
11973	358.01418439716315	506.0425531914894
12006	523.9716312056737	361.36170212765956
12038	550.9219858156029	494.6950354609929
12067	733.9007092198582	453.56028368794324
12100	569.3617021276596	481.9290780141844
12135	603.4042553191489	456.39716312056737
12166	636.0283687943262	374.12765957446805
12195	637.4468085106383	454.9787234042553
12223	637.4468085106383	454.9787234042553
12251	533.9007092198581	368.45390070921985
12284	322.5531914893617	532.9929078014185
12316	644.5390070921986	332.9929078014184
12351	662.9787234042552	315.9716312056737
12383	589.2198581560283	392.5673758865248
12418	348.0851063829787	408.17021276595744
12450	644.5390070921986	335.82978723404256
12483	661.5602836879433	364.1985815602837
12518	423.2624113475177	405.33333333333326
12550	519.7163120567375	345.7588652482269
12583	389.21985815602835	341.5035460992908
12618	444.5390070921986	391.1489361702127
12650	445.9574468085106	381.21985815602835
12686	78.58156028368796	540.0851063829787
12717	411.9148936170213	355.68794326241135
12750	383.5460992907801	381.21985815602835
12784	580.7092198581561	413.8439716312057
12817	445.9574468085106	362.7801418439716
12852	440.2836879432624	420.93617021276594
12884	454.46808510638294	371.290780141844
12911	506.9503546099291	335.82978723404256
12951	506.9503546099291	415.26241134751774
12983	592.0567375886524	391.1489361702127
13018	346.6666666666667	359.94326241134746
13050	254.46808510638297	371.290780141844
13083	431.77304964539	337.2482269503546
13111	752.3404255319148	243.63120567375884
13136	569.3617021276596	281.92907801418437
13165	304.11347517730496	298.9503546099291
13193	739.5744680851063	443.63120567375887
13220	641.7021276595744	376.9645390070922
13247	535.3191489361701	498.95035460992904
13283	305.53191489361706	639.3758865248227
13317	396.31205673758865	548.595744680851
13350	284.2553191489362	464.9078014184397
13384	206.24113475177305	596.8226950354609
13410	742.4113475177304	337.2482269503546
13437	660.1418439716313	337.2482269503546
13467	567.9432624113475	425.19148936170217
13495	567.9432624113475	425.19148936170217
13523	484.25531914893617	545.7588652482269
13557	570.7801418439716	498.95035460992904
13601	613.3333333333333	440.79432624113474
13638	579.290780141844	371.290780141844
13666	684.2553191489361	484.7659574468085
13700	636.0283687943262	530.1560283687943
13733	709.7872340425532	595.4042553191489
13768	563.6879432624113	491.85815602836874
13800	545.2482269503546	554.2695035460993
13834	545.2482269503546	554.2695035460993
13867	638.8652482269504	501.78723404255317
13900	535.3191489361701	567.0354609929077
13934	687.0921985815602	602.4964539007092
13962	454.46808510638294	596.8226950354609
14001	545.2482269503546	586.8936170212767
14038	662.9787234042552	618.0992907801419
14067	750.9219858156027	503.2056737588652
14097	750.9219858156027	503.2056737588652
14134	573.6170212765958	541.5035460992907
14167	742.4113475177304	350.0141843971631
14200	742.4113475177304	350.0141843971631
14233	990.6382978723403	205.33333333333331
14267	838.8652482269503	202.4964539007092
14301	952.3404255319149	225.1914893617021
14333	811.9148936170213	212.42553191489358
14362	817.5886524822694	403.9148936170212
14389	881.418439716312	323.06382978723406
14418	834.6099290780141	317.3900709219858
14447	807.6595744680851	467.7446808510638
14474	760.8510638297872	409.5886524822695
14502	880.0	296.11347517730496
14530	880.0	296.11347517730496
14559	877.1631205673759	307.4609929078014
14587	816.1702127659573	164.19858156028369
14615	850.2127659574468	375.5460992907801
14651	780.709219858156	327.3191489361702
14679	636.0283687943262	340.0851063829787
14707	905.531914893617	195.40425531914894
14733	963.6879432624114	304.6241134751773
14762	623.2624113475177	381.21985815602835
14789	525.3900709219857	317.3900709219858
14817	753.7588652482269	131.5744680851064
14850	392.0567375886524	372.709219858156
14880	709.7872340425532	342.92198581560285
14905	566.5248226950355	497.531914893617
14932	392.0567375886524	408.17021276595744
14960	722.5531914893617	412.42553191489367
14989	725.3900709219859	445.0496453900709
15018	728.2269503546099	338.6666666666667
15047	858.7234042553191	254.9787234042553
15077	528.2269503546099	376.9645390070922
15105	528.2269503546099	376.9645390070922
15134	576.4539007092199	520.2269503546099
15163	512.6241134751772	467.7446808510638
15196	679.9999999999999	324.4822695035461
15229	708.3687943262411	189.73049645390068
15314	699.8581560283687	368.45390070921985
15343	855.886524822695	205.33333333333331
15371	765.1063829787233	216.6808510638298
15402	725.3900709219859	358.5248226950354
15429	523.9716312056737	470.58156028368796
15457	478.5815602836879	368.45390070921985
15485	573.6170212765958	470.58156028368796
15510	600.5673758865247	435.1205673758865
15537	600.5673758865247	435.1205673758865
15560	542.4113475177304	371.290780141844
15586	736.7375886524823	330.1560283687943
15611	685.6737588652481	337.2482269503546
15634	540.9929078014184	362.7801418439716
15659	566.5248226950355	418.09929078014187
15686	467.23404255319144	494.6950354609929
15711	572.1985815602837	425.19148936170217
15737	461.56028368794324	341.5035460992908
15761	543.8297872340426	408.17021276595744
15787	461.56028368794324	399.6595744680851
15814	685.6737588652481	474.83687943262413
15838	431.77304964539	511.71631205673754
15864	566.5248226950355	518.8085106382979
15888	480.0	476.25531914893617
15916	478.5815602836879	452.1418439716312
15941	380.70921985815596	470.58156028368796
15965	392.0567375886524	403.9148936170212
15990	236.02836879432627	532.9929078014185
16015	636.0283687943262	491.85815602836874
16038	455.886524822695	596.8226950354609
16063	620.4255319148936	313.13475177304963
16088	518.2978723404254	287.6028368794326
16115	518.2978723404254	287.6028368794326
16141	621.8439716312056	422.354609929078
16169	433.1914893617021	548.595744680851
16196	542.4113475177304	361.36170212765956
16222	592.0567375886524	454.9787234042553
16251	606.241134751773	276.25531914893617
16278	318.29787234042556	541.5035460992907
16305	318.29787234042556	541.5035460992907
16328	539.5744680851063	542.9219858156027
16355	197.73049645390074	555.6879432624114
16383	68.65248226950357	732.9929078014185
16418	305.53191489361706	515.9716312056737
16450	413.33333333333326	541.5035460992907
16485	322.5531914893617	742.9219858156027
16518	115.46099290780143	857.8156028368793
16550	390.6382978723404	544.3404255319149
16584	694.1843971631205	493.2765957446809
16617	549.5035460992907	480.5106382978723
16652	549.5035460992907	480.5106382978723
16684	387.80141843971626	555.6879432624114
16717	150.92198581560285	915.9716312056737
16751	583.5460992907801	497.531914893617
16784	244.53900709219857	663.4893617021277
16816	691.3475177304964	270.58156028368796
16852	427.51773049645385	470.58156028368796
16883	548.0851063829787	450.72340425531917
16918	586.3829787234042	472.0
16942	586.3829787234042	472.0
16969	697.0212765957447	338.6666666666667
17001	441.70212765957444	490.4397163120567
17035	575.0354609929078	351.4326241134752
17067	560.8510638297872	367.0354609929078
17100	441.70212765957444	498.95035460992904
17134	413.33333333333326	420.93617021276594
17167	362.2695035460993	550.0141843971631
17199	528.2269503546099	395.40425531914894
17226	31.773049645390078	575.5460992907801
17253	209.07801418439718	542.9219858156027
17285	289.92907801418437	523.063829787234
17317	-44.82269503546098	550.0141843971631
17350	123.97163120567377	501.78723404255317
17383	106.9503546099291	531.5744680851064
17418	535.3191489361701	340.0851063829787
17450	377.8723404255319	523.063829787234
17477	331.06382978723406	425.19148936170217
17505	206.24113475177305	620.936170212766
17530	250.2127659574468	521.645390070922
17556	450.2127659574468	532.9929078014185
17581	315.4609929078014	569.8723404255319
17604	376.4539007092198	564.1985815602836
17630	384.9645390070921	612.4255319148937
17655	390.6382978723404	578.3829787234042
17682	390.6382978723404	578.3829787234042
17708	360.8510638297873	399.6595744680851
17732	392.0567375886524	354.2695035460993
17755	392.0567375886524	354.2695035460993
17780	619.0070921985815	235.12056737588648
17808	230.35460992907804	429.4468085106383
17831	519.7163120567375	382.63829787234044
17858	519.7163120567375	382.63829787234044
17884	294.18439716312054	550.0141843971631
17909	328.2269503546099	459.23404255319144
17935	360.8510638297873	636.5390070921985
17958	499.85815602836874	385.4751773049645
17983	512.6241134751772	510.2978723404255
18006	401.98581560283685	530.1560283687943
18034	308.36879432624113	480.5106382978723
18059	308.36879432624113	480.5106382978723
18081	409.07801418439715	358.5248226950354
18108	559.4326241134752	436.5390070921985
18133	404.822695035461	480.5106382978723
18167	528.2269503546099	673.418439716312
18200	359.4326241134752	672.0
18235	481.41843971631204	402.4964539007092
18267	484.25531914893617	446.46808510638294
18300	662.9787234042552	490.4397163120567
18324	606.241134751773	300.36879432624113
18351	606.241134751773	300.36879432624113
18384	532.482269503546	388.3120567375886
18417	400.5673758865248	586.8936170212767
18448	498.4397163120567	540.0851063829787
18472	636.0283687943262	291.8581560283688
18500	560.8510638297872	409.5886524822695
18525	560.8510638297872	409.5886524822695
18552	631.7730496453901	284.7659574468085
18583	644.5390070921986	361.36170212765956
18618	604.8226950354609	450.72340425531917
18650	533.9007092198581	489.02127659574467
18684	499.85815602836874	643.6312056737589
18716	716.8794326241135	496.11347517730496
18742	624.6808510638298	510.2978723404255
18768	538.1560283687943	484.7659574468085
18800	650.2127659574468	537.2482269503546
18834	558.0141843971631	527.3191489361702
18867	498.4397163120567	557.1063829787234
18892	438.8652482269503	508.87943262411346
18919	655.886524822695	622.354609929078
18950	438.8652482269503	707.4609929078014
18975	458.7234042553191	521.645390070922
19003	482.8368794326241	515.9716312056737
19028	448.79432624113474	616.6808510638298
19052	396.31205673758865	538.6666666666666
19077	447.3758865248227	724.4822695035461
19104	572.1985815602837	582.6382978723404
19127	645.9574468085107	507.4609929078014
19151	356.5957446808511	593.9858156028369
19175	508.3687943262412	535.8297872340426
19198	508.3687943262412	535.8297872340426
19222	420.42553191489355	567.0354609929077
19248	505.53191489361706	440.79432624113474
19274	526.8085106382978	338.6666666666667
19304	201.98581560283688	534.4113475177305
19334	416.1702127659574	565.6170212765958
19367	377.8723404255319	426.6099290780142
19400	367.9432624113475	453.56028368794324
19435	387.80141843971626	408.17021276595744
19467	387.80141843971626	408.17021276595744
19501	484.25531914893617	494.6950354609929
19533	379.2907801418439	405.33333333333326
19567	467.23404255319144	429.4468085106383
19600	499.85815602836874	376.9645390070922
19633	749.5035460992907	364.1985815602837
19667	576.4539007092199	453.56028368794324
19700	491.3475177304964	554.2695035460993
19725	491.3475177304964	554.2695035460993
19750	606.241134751773	510.2978723404255
19783	514.0425531914893	541.5035460992907
19817	309.7872340425532	542.9219858156027
19850	420.42553191489355	405.33333333333326
19884	387.80141843971626	321.64539007092196
19908	216.17021276595747	625.1914893617021
19934	407.6595744680851	524.4822695035461
19958	383.5460992907801	493.2765957446809
19986	298.43971631205676	425.19148936170217
20014	549.5035460992907	307.4609929078014
20050	515.4609929078014	347.17730496453896
20078	677.1631205673758	393.98581560283685
20104	505.53191489361706	428.02836879432624
20131	365.1063829787234	436.5390070921985
20156	272.90780141843976	525.9007092198582
20181	508.3687943262412	449.30496453900713
20208	533.9007092198581	491.85815602836874
20233	491.3475177304964	528.7375886524823
20256	624.6808510638298	277.6737588652482
20281	491.3475177304964	323.06382978723406
20308	514.0425531914893	306.04255319148933
20335	514.0425531914893	306.04255319148933
20367	616.1702127659574	236.53900709219857
20400	640.2836879432624	330.1560283687943
20434	528.2269503546099	442.2127659574468
20467	394.89361702127655	530.1560283687943
20500	321.1347517730497	530.1560283687943
20534	321.1347517730497	530.1560283687943
20567	219.00709219858157	647.886524822695
20601	383.5460992907801	379.8014184397163
20634	543.8297872340426	514.5531914893617
20666	329.64539007092196	623.7730496453901
20700	254.46808510638297	423.77304964539
20734	308.36879432624113	598.241134751773
20767	410.4964539007092	582.6382978723404
20823	501.2765957446809	558.5248226950355
20858	443.12056737588654	650.7234042553191
20886	380.70921985815596	698.950354609929
20910	380.70921985815596	698.950354609929
20936	526.8085106382978	557.1063829787234
20962	611.9148936170212	436.5390070921985
20991	589.2198581560283	462.07092198581563
21016	654.468085106383	599.6595744680851
21046	630.354609929078	579.8014184397163
21071	630.354609929078	579.8014184397163
21097	729.645390070922	422.354609929078
21126	604.8226950354609	367.0354609929078
21152	684.2553191489361	565.6170212765958
21177	533.9007092198581	611.0070921985815
21203	533.9007092198581	453.56028368794324
21233	677.1631205673758	479.09219858156024
21261	702.6950354609929	481.9290780141844
21287	619.0070921985815	542.9219858156027
21311	834.6099290780141	486.18439716312054
21337	733.9007092198582	525.9007092198582
21363	601.9858156028369	428.02836879432624
21397	800.5673758865248	393.98581560283685
21424	759.4326241134751	572.709219858156
21454	837.4468085106382	535.8297872340426
21482	702.6950354609929	565.6170212765958
21508	877.1631205673759	515.9716312056737
21535	877.1631205673759	515.9716312056737
21560	759.4326241134751	697.531914893617
21589	607.659574468085	464.9078014184397
21620	691.3475177304964	584.0567375886525
21647	691.3475177304964	584.0567375886525
21675	711.2056737588653	684.7659574468084
21704	508.3687943262412	507.4609929078014
21731	640.2836879432624	582.6382978723404
21759	840.2836879432624	415.26241134751774
21787	487.0921985815603	452.1418439716312
21815	940.9929078014184	562.7801418439717
21844	495.6028368794326	599.6595744680851
21871	580.7092198581561	673.418439716312
21900	445.9574468085106	593.9858156028369
21935	789.2198581560284	489.02127659574467
21965	434.60992907801415	672.0
21995	489.9290780141843	423.77304964539
22022	454.46808510638294	515.9716312056737
22050	454.46808510638294	515.9716312056737
22083	624.6808510638298	530.1560283687943
22118	477.16312056737587	371.290780141844
22151	712.6241134751773	413.8439716312057
22185	624.6808510638298	402.4964539007092
22215	701.2765957446808	358.5248226950354
22245	691.3475177304964	378.3829787234042
22275	691.3475177304964	378.3829787234042
22299	650.2127659574468	453.56028368794324
22331	603.4042553191489	497.531914893617
22361	550.9219858156029	576.9645390070922
22391	631.7730496453901	430.86524822695037
22422	600.5673758865247	480.5106382978723
22450	600.5673758865247	480.5106382978723
22477	431.77304964539	443.63120567375887
22502	572.1985815602837	408.17021276595744
22528	545.2482269503546	462.07092198581563
22556	556.595744680851	436.5390070921985
22582	558.0141843971631	357.1063829787234
22633	586.3829787234042	503.2056737588652
22660	441.70212765957444	557.1063829787234
22691	535.3191489361701	578.3829787234042
22721	756.595744680851	479.09219858156024
22745	577.8723404255319	487.60283687943263
22771	519.7163120567375	551.4326241134752
22800	575.0354609929078	579.8014184397163
22827	609.0780141843971	442.2127659574468
22857	556.595744680851	480.5106382978723
22884	621.8439716312056	518.8085106382979
22912	433.1914893617021	510.2978723404255
22942	708.3687943262411	494.6950354609929
22968	616.1702127659574	420.93617021276594
22994	743.8297872340424	450.72340425531917
23024	315.4609929078014	487.60283687943263
23055	566.5248226950355	395.40425531914894
23079	506.9503546099291	395.40425531914894
23108	426.0992907801418	720.2269503546099
23134	280.0	411.0070921985815
23160	593.4751773049645	528.7375886524823
23189	577.8723404255319	425.19148936170217
23217	501.2765957446809	321.64539007092196
23247	529.645390070922	497.531914893617
23277	495.6028368794326	376.9645390070922
23303	562.2695035460993	290.4397163120567
23333	548.0851063829787	334.41134751773046
23360	548.0851063829787	334.41134751773046
23385	671.4893617021276	229.4468085106383
23412	373.6170212765957	585.4751773049645
23439	576.4539007092199	355.68794326241135
23465	504.11347517730496	342.92198581560285
23488	504.11347517730496	342.92198581560285
23516	458.7234042553191	361.36170212765956
23545	260.1418439716312	490.4397163120567
23571	587.8014184397163	388.3120567375886
23598	482.8368794326241	341.5035460992908
23624	362.2695035460993	436.5390070921985
23651	424.6808510638297	413.8439716312057
23676	431.77304964539	358.5248226950354
23704	70.0709219858156	613.8439716312057
23734	441.70212765957444	345.7588652482269
23764	434.60992907801415	507.4609929078014
23790	311.20567375886526	530.1560283687943
23820	370.78014184397165	506.0425531914894
23848	315.4609929078014	466.32624113475174
23873	360.8510638297873	554.2695035460993
23904	573.6170212765958	382.63829787234044
23930	445.9574468085106	562.7801418439717
23959	565.1063829787234	367.0354609929078
23985	565.1063829787234	367.0354609929078
24013	515.4609929078014	384.0567375886525
24039	697.0212765957447	344.3404255319149
24064	609.0780141843971	368.45390070921985
24091	321.1347517730497	572.709219858156
24119	462.9787234042553	396.822695035461
24147	617.5886524822695	500.36879432624113
24171	697.0212765957447	342.92198581560285
24199	569.3617021276596	426.6099290780142
24225	358.01418439716315	430.86524822695037
24248	377.8723404255319	469.1631205673759
24277	701.2765957446808	208.17021276595744
24303	684.2553191489361	447.886524822695
24331	377.8723404255319	418.09929078014187
24356	487.0921985815603	340.0851063829787
24381	487.0921985815603	340.0851063829787
24406	528.2269503546099	385.4751773049645
24438	203.40425531914894	540.0851063829787
24468	461.56028368794324	382.63829787234044
24497	461.56028368794324	382.63829787234044
24522	426.0992907801418	323.06382978723406
24553	658.7234042553191	277.6737588652482
24580	553.7588652482269	535.8297872340426
24611	533.9007092198581	315.9716312056737
24639	417.5886524822694	443.63120567375887
24664	348.0851063829787	355.68794326241135
24693	600.5673758865247	395.40425531914894
24721	648.7943262411347	392.5673758865248
24748	533.9007092198581	355.68794326241135
24779	691.3475177304964	216.6808510638298
24807	553.7588652482269	313.13475177304963
24835	372.1985815602837	554.2695035460993
24862	372.1985815602837	554.2695035460993
24887	688.5106382978723	442.2127659574468
24912	651.6312056737589	442.2127659574468
24944	495.6028368794326	514.5531914893617
24975	549.5035460992907	405.33333333333326
25005	566.5248226950355	376.9645390070922
25031	589.2198581560283	435.1205673758865
25062	684.2553191489361	264.9078014184397
25093	684.2553191489361	264.9078014184397
25120	424.6808510638297	401.07801418439715
25150	580.7092198581561	558.5248226950355
25176	477.16312056737587	683.3475177304964
25207	498.4397163120567	910.2978723404256
25239	702.6950354609929	672.0
25267	427.51773049645385	883.3475177304964
25295	427.51773049645385	883.3475177304964
25322	550.9219858156029	636.5390070921985
25350	389.21985815602835	700.3687943262412
25376	550.9219858156029	596.8226950354609
25405	492.76595744680844	845.0496453900709
25432	549.5035460992907	623.7730496453901
25457	502.6950354609929	654.9787234042552
25488	540.9929078014184	656.3971631205674
25516	462.9787234042553	538.6666666666666
25548	444.5390070921986	707.4609929078014
25578	204.82269503546098	654.9787234042552
25604	420.42553191489355	663.4893617021277
25635	311.20567375886526	588.3120567375887
25661	311.20567375886526	588.3120567375887
25686	404.822695035461	511.71631205673754
25721	325.3900709219858	506.0425531914894
25755	614.7517730496453	542.9219858156027
25786	594.8936170212766	406.7517730496454
25813	556.595744680851	469.1631205673759
25839	387.80141843971626	449.30496453900713
25871	577.8723404255319	618.0992907801419
25900	624.6808510638298	530.1560283687943
25927	601.9858156028369	633.7021276595744
25954	450.2127659574468	728.7375886524823
25983	474.32624113475174	579.8014184397163
26015	536.7375886524823	640.7943262411347
26040	909.7872340425531	593.9858156028369
26067	1055.886524822695	602.4964539007092
26093	1055.886524822695	602.4964539007092
26118	845.9574468085106	484.7659574468085
26148	638.8652482269504	714.5531914893617
26175	478.5815602836879	714.5531914893617
26206	491.3475177304964	645.049645390071
26239	636.0283687943262	629.4468085106382
26271	525.3900709219857	666.3262411347517
26306	587.8014184397163	808.1702127659573
26346	521.1347517730496	730.1560283687943
26384	525.3900709219857	385.4751773049645
26426	38.86524822695036	742.9219858156027
26460	509.7872340425531	525.9007092198582
26495	92.76595744680851	619.517730496454
26533	539.5744680851063	616.6808510638298
26568	505.53191489361706	491.85815602836874
26602	372.1985815602837	507.4609929078014
26633	377.8723404255319	706.0425531914893
26666	167.94326241134752	789.7304964539007
26701	392.0567375886524	589.7304964539007
26805	301.27659574468083	654.9787234042552
26843	536.7375886524823	576.9645390070922
26877	441.70212765957444	632.2836879432624
26918	363.68794326241135	742.9219858156027
26955	685.6737588652481	863.4893617021277
26985	691.3475177304964	799.6595744680851
27014	638.8652482269504	620.936170212766
27050	614.7517730496453	731.5744680851064
27080	543.8297872340426	616.6808510638298
27111	420.42553191489355	706.0425531914893
27140	447.3758865248227	639.3758865248227
27172	575.0354609929078	642.2127659574468
27201	575.0354609929078	642.2127659574468
27232	453.04964539007085	662.0709219858156
27260	546.6666666666666	636.5390070921985
27291	482.8368794326241	704.6241134751773
27319	508.3687943262412	503.2056737588652
27350	309.7872340425532	776.9645390070922
27382	572.1985815602837	473.41843971631204
27415	416.1702127659574	613.8439716312057
27447	443.12056737588654	687.6028368794326
27480	353.758865248227	731.5744680851064
27511	575.0354609929078	507.4609929078014
27543	413.33333333333326	564.1985815602836
27583	365.1063829787234	758.5248226950355
27620	738.1560283687943	454.9787234042553
27651	396.31205673758865	788.3120567375887
27682	487.0921985815603	435.1205673758865
27719	762.2695035460993	815.2624113475177
27758	684.2553191489361	663.4893617021277
27790	674.3262411347517	646.468085106383
27821	648.7943262411347	632.2836879432624
27852	628.9361702127659	623.7730496453901
27882	782.1276595744681	507.4609929078014
27913	782.1276595744681	507.4609929078014
27946	417.5886524822694	666.3262411347517
27980	624.6808510638298	472.0
28023	277.1631205673759	713.1347517730496
28055	538.1560283687943	768.4539007092199
28087	570.7801418439716	578.3829787234042
28119	545.2482269503546	606.7517730496454
28151	182.12765957446808	714.5531914893617
28180	380.70921985815596	703.2056737588653
28211	448.79432624113474	633.7021276595744
28241	448.79432624113474	633.7021276595744
28270	358.01418439716315	554.2695035460993
28300	443.12056737588654	504.62411347517724
28332	742.4113475177304	541.5035460992907
28360	338.15602836879435	532.9929078014185
28389	295.60283687943263	653.5602836879432
28419	679.9999999999999	405.33333333333326
28451	679.9999999999999	405.33333333333326
28478	511.20567375886515	596.8226950354609
28510	295.60283687943263	637.9574468085107
28536	661.5602836879433	676.2553191489362
28561	234.6099290780142	707.4609929078014
28588	294.18439716312054	630.8652482269504
28612	294.18439716312054	630.8652482269504
28636	526.8085106382978	476.25531914893617
28664	241.70212765957447	565.6170212765958
28689	230.35460992907804	586.8936170212767
28718	211.91489361702128	586.8936170212767
28746	221.84397163120568	555.6879432624114
28773	70.0709219858156	532.9929078014185
28805	434.60992907801415	534.4113475177305
28835	428.93617021276594	575.5460992907801
28864	294.18439716312054	593.9858156028369
28895	338.15602836879435	416.6808510638298
28920	43.12056737588654	696.113475177305
28948	285.67375886524826	481.9290780141844
28973	285.67375886524826	481.9290780141844
28998	468.65248226950354	494.6950354609929
29022	499.85815602836874	354.2695035460993
29049	525.3900709219857	413.8439716312057
29076	369.36170212765956	593.9858156028369
29103	159.43262411347519	592.5673758865248
29129	331.06382978723406	572.709219858156
29154	99.8581560283688	669.1631205673759
29183	240.2836879432624	605.3333333333333
29211	213.33333333333334	633.7021276595744
29237	299.8581560283688	585.4751773049645
29263	201.98581560283688	497.531914893617
29289	436.02836879432624	643.6312056737589
29315	436.02836879432624	643.6312056737589
29342	472.9078014184397	507.4609929078014
29368	414.75177304964535	731.5744680851064
29393	410.4964539007092	815.2624113475177
29419	387.80141843971626	666.3262411347517
29445	509.7872340425531	819.5177304964539
29471	390.6382978723404	622.354609929078
29496	318.29787234042556	660.6524822695035
29524	638.8652482269504	446.46808510638294
29551	610.4964539007092	506.0425531914894
29580	411.9148936170213	490.4397163120567
29612	228.93617021276597	514.5531914893617
29639	468.65248226950354	464.9078014184397
29668	373.6170212765957	513.1347517730496
29700	424.6808510638297	599.6595744680851
29728	567.9432624113475	460.6524822695035
29754	253.0496453900709	666.3262411347517
29780	369.36170212765956	589.7304964539007
29809	264.39716312056737	469.1631205673759
29837	583.5460992907801	513.1347517730496
29865	353.758865248227	669.1631205673759
29893	335.3191489361702	589.7304964539007
29920	335.3191489361702	589.7304964539007
29945	254.46808510638297	603.9148936170212
29978	362.2695035460993	568.4539007092199
30007	302.6950354609929	466.32624113475174
30038	350.92198581560285	429.4468085106383
30067	350.92198581560285	429.4468085106383
30101	387.80141843971626	440.79432624113474
30134	224.68085106382978	569.8723404255319
30168	308.36879432624113	603.9148936170212
30200	382.12765957446805	537.2482269503546
30233	379.2907801418439	473.41843971631204
30268	238.86524822695034	640.7943262411347
30300	98.43971631205675	706.0425531914893
30334	24.680851063829795	657.8156028368794
30367	201.98581560283688	677.6737588652483
30400	201.98581560283688	677.6737588652483
30435	359.4326241134752	500.36879432624113
30470	624.6808510638298	588.3120567375887
30502	994.8936170212766	622.354609929078
30534	980.709219858156	758.5248226950355
30567	1028.936170212766	728.7375886524823
30600	823.2624113475176	811.0070921985816
30634	905.531914893617	769.8723404255319
30667	942.4113475177305	620.936170212766
30700	1013.3333333333331	809.5886524822696
30734	1013.3333333333331	809.5886524822696
30767	1044.5390070921985	701.7872340425532
30791	926.8085106382979	593.9858156028369
30819	983.54609929078	721.645390070922
30851	1013.3333333333331	654.9787234042552
30885	1165.1063829787233	711.7163120567375
30914	1210.4964539007092	677.6737588652483
30942	1199.148936170213	656.3971631205674
30968	1131.063829787234	636.5390070921985
30992	1131.063829787234	636.5390070921985
31016	1058.723404255319	786.8936170212767
31050	1192.0567375886524	649.3049645390071
31076	1165.1063829787233	747.177304964539
31102	1132.4822695035461	696.113475177305
31126	1128.22695035461	849.3049645390071
31154	1175.0354609929077	659.2340425531914
31188	967.9432624113475	721.645390070922
31233	1308.3687943262412	737.2482269503546
31260	1186.3829787234042	679.0921985815603
31287	1356.5957446808509	687.6028368794326
31317	1041.7021276595744	603.9148936170212
31345	1061.5602836879432	324.4822695035461
31369	860.1418439716311	710.2978723404254
31394	1065.8156028368794	517.3900709219857
31419	919.7163120567376	236.53900709219857
31444	909.7872340425531	367.0354609929078
31470	772.1985815602836	303.2056737588652
31493	438.8652482269503	429.4468085106383
31521	593.4751773049645	457.8156028368794
31549	658.7234042553191	287.6028368794326
31574	502.6950354609929	325.9007092198582
31597	481.41843971631204	342.92198581560285
31621	739.5744680851063	272.0
31648	935.3191489361702	272.0
31674	787.8014184397163	350.0141843971631
31702	736.7375886524823	293.27659574468083
31730	533.9007092198581	263.48936170212767
31755	462.9787234042553	568.4539007092199
31782	494.18439716312054	470.58156028368796
31805	512.6241134751772	453.56028368794324
31833	355.177304964539	337.2482269503546
31861	277.1631205673759	480.5106382978723
31889	277.1631205673759	432.2836879432624
31913	536.7375886524823	340.0851063829787
31941	153.75886524822695	481.9290780141844
31969	376.4539007092198	524.4822695035461
31993	305.53191489361706	493.2765957446809
32019	217.5886524822695	574.127659574468
32047	148.08510638297872	330.1560283687943
32072	304.11347517730496	215.2624113475177
32095	304.11347517730496	215.2624113475177
32119	261.56028368794324	430.86524822695037
32149	72.90780141843972	411.0070921985815
32175	295.60283687943263	279.0921985815603
32201	214.7517730496454	365.6170212765957
32227	407.6595744680851	313.13475177304963
32255	421.84397163120565	345.7588652482269
32279	345.2482269503546	243.63120567375884
32305	297.02127659574467	300.36879432624113
32329	461.56028368794324	376.9645390070922
32355	455.886524822695	321.64539007092196
32384	349.5035460992908	311.7163120567376
32410	358.01418439716315	245.04964539007094
32436	299.8581560283688	890.4397163120567
32461	582.1276595744681	809.5886524822696
32487	461.56028368794324	954.2695035460993
32511	620.4255319148936	876.2553191489362
32537	653.049645390071	715.9716312056737
32613	539.5744680851063	775.5460992907801
32643	465.8156028368794	944.3404255319148
32668	743.8297872340424	825.1914893617021
32695	651.6312056737589	752.8510638297872
32724	736.7375886524823	842.2127659574468
32753	516.8794326241134	876.2553191489362
32784	308.36879432624113	515.9716312056737
32817	640.2836879432624	633.7021276595744
32844	640.2836879432624	633.7021276595744
32867	376.4539007092198	576.9645390070922
32893	892.7659574468086	557.1063829787234
32918	1036.028368794326	535.8297872340426
32942	1078.5815602836878	379.8014184397163
32967	882.8368794326241	609.5886524822695
33000	1013.3333333333331	569.8723404255319
33029	919.7163120567376	626.6099290780141
33055	1003.4042553191489	615.2624113475177
33080	775.0354609929078	551.4326241134752
33108	919.7163120567376	774.127659574468
33135	919.7163120567376	774.127659574468
33158	864.3971631205674	647.886524822695
33184	814.7517730496454	781.2198581560284
33211	865.8156028368794	744.3404255319149
33237	990.6382978723403	507.4609929078014
33261	1210.4964539007092	585.4751773049645
33287	864.3971631205674	741.5035460992907
33317	1017.5886524822695	466.32624113475174
33342	1087.0921985815603	616.6808510638298
33367	1051.6312056737588	487.60283687943263
33393	1001.985815602837	456.39716312056737
33421	1031.77304964539	674.8368794326242
33450	1133.900709219858	717.3900709219857
33478	1148.0851063829787	670.581560283688
33505	1148.0851063829787	670.581560283688
33531	956.5957446808511	491.85815602836874
33558	1220.4255319148936	633.7021276595744
33583	1220.4255319148936	633.7021276595744
33608	1438.8652482269504	508.87943262411346
33637	1450.212765957447	623.7730496453901
33662	861.5602836879432	715.9716312056737
33687	1016.1702127659573	768.4539007092199
33715	1474.326241134752	334.41134751773046
33739	1323.9716312056737	503.2056737588652
33764	1319.7163120567375	606.7517730496454
33790	1160.8510638297873	683.3475177304964
33815	1268.6524822695035	650.7234042553191
33842	1268.6524822695035	650.7234042553191
33867	1091.3475177304963	869.1631205673758
33893	1389.2198581560285	483.34751773049646
33921	1389.2198581560285	483.34751773049646
33947	967.9432624113475	574.127659574468
33974	899.8581560283687	574.127659574468
34003	1077.163120567376	647.886524822695
34030	1216.1702127659576	557.1063829787234
34055	1325.3900709219856	567.0354609929077
34085	1155.177304964539	758.5248226950355
34111	1240.2836879432623	732.9929078014185
34136	1163.6879432624112	481.9290780141844
34163	1108.368794326241	732.9929078014185
34189	1072.9078014184397	637.9574468085107
34218	912.6241134751773	551.4326241134752
34245	912.6241134751773	551.4326241134752
34270	1048.7943262411347	606.7517730496454
34300	1194.8936170212764	732.9929078014185
34326	1070.0709219858156	690.4397163120567
34351	1014.7517730496454	744.3404255319149
34380	1153.7588652482268	683.3475177304964
34410	1010.4964539007091	628.0283687943262
34439	1148.0851063829787	761.3617021276596
34467	1328.2269503546097	669.1631205673759
34494	1180.7092198581558	524.4822695035461
34521	1297.0212765957447	602.4964539007092
34549	1331.063829787234	469.1631205673759
34577	1243.1205673758866	571.2907801418439
34604	1549.503546099291	508.87943262411346
34633	1343.8297872340427	602.4964539007092
34660	1291.3475177304965	555.6879432624114
34688	1291.3475177304965	555.6879432624114
34720	1228.936170212766	611.0070921985815
34757	1175.0354609929077	498.95035460992904
34787	1241.7021276595742	257.8156028368794
34820	545.2482269503546	598.241134751773
34850	210.49645390070924	700.3687943262412
34879	721.1347517730496	181.21985815602838
34909	550.9219858156029	359.94326241134746
34939	447.3758865248227	219.51773049645388
34970	733.9007092198582	202.4964539007092
35003	468.65248226950354	351.4326241134752
35032	609.0780141843971	131.5744680851064
35060	431.77304964539	389.7304964539007
35092	472.9078014184397	218.09929078014184
35125	923.9716312056737	57.815602836879435
35155	722.5531914893617	72.0
35183	670.0709219858155	359.94326241134746
35213	336.73758865248226	474.83687943262413
35243	536.7375886524823	395.40425531914894
35271	297.02127659574467	493.2765957446809
35302	321.1347517730497	472.0
35330	321.1347517730497	472.0
35360	584.9645390070922	361.36170212765956
35387	689.9290780141844	393.98581560283685
35420	609.0780141843971	398.2411347517731
35450	550.9219858156029	371.290780141844
35480	488.51063829787233	347.17730496453896
35509	309.7872340425532	447.886524822695
35538	97.0212765957447	568.4539007092199
35567	593.4751773049645	588.3120567375887
35598	1006.241134751773	433.70212765957444
35626	999.1489361702127	355.68794326241135
35653	830.3546099290779	396.822695035461
35681	1095.6028368794325	480.5106382978723
35709	923.9716312056737	535.8297872340426
35737	794.8936170212766	598.241134751773
35767	921.1347517730496	623.7730496453901
35796	772.1985815602836	467.7446808510638
35827	792.0567375886525	447.886524822695
35854	779.2907801418439	581.2198581560284
35884	711.2056737588653	691.8581560283687
35912	288.51063829787233	466.32624113475174
35942	366.5248226950354	484.7659574468085
35977	475.74468085106383	476.25531914893617
36013	420.42553191489355	426.6099290780142
36045	397.7304964539007	420.93617021276594
36083	563.6879432624113	429.4468085106383
36112	400.5673758865248	579.8014184397163
36152	424.6808510638297	504.62411347517724
36186	543.8297872340426	415.26241134751774
36219	902.6950354609928	643.6312056737589
36250	872.9078014184397	591.1489361702128
36281	1041.7021276595744	589.7304964539007
36314	918.2978723404254	622.354609929078
36344	1199.148936170213	476.25531914893617
36377	1033.191489361702	428.02836879432624
36407	1166.5248226950353	596.8226950354609
36437	800.5673758865248	559.9432624113475
36468	1328.2269503546097	470.58156028368796
36503	1158.0141843971633	579.8014184397163
36534	1274.3262411347519	480.5106382978723
36566	1055.886524822695	653.5602836879432
36601	1142.4113475177305	608.1702127659574
36633	1184.9645390070923	493.2765957446809
36668	959.4326241134752	663.4893617021277
36699	1160.8510638297873	854.9787234042552
36730	1170.7801418439717	748.595744680851
36758	1234.6099290780141	483.34751773049646
36787	1097.0212765957447	649.3049645390071
36821	1142.4113475177305	491.85815602836874
36854	1201.985815602837	513.1347517730496
36884	1384.964539007092	542.9219858156027
36917	1308.3687943262412	586.8936170212767
36950	1196.3120567375886	591.1489361702128
36976	1189.2198581560283	432.2836879432624
37004	1075.7446808510638	656.3971631205674
37031	1287.0921985815603	425.19148936170217
37057	1287.0921985815603	425.19148936170217
37083	1288.5106382978724	642.2127659574468
37108	1092.7659574468084	490.4397163120567
37133	1092.7659574468084	490.4397163120567
37159	1135.3191489361702	538.6666666666666
37186	1390.6382978723404	548.595744680851
37212	1285.6737588652484	517.3900709219857
37238	1348.0851063829787	487.60283687943263
37267	1314.0425531914893	511.71631205673754
