time	x	y
1	88.51063829787235	89.02127659574468
33	-15.035460992907794	46.46808510638298
63	-0.8510638297872261	37.95744680851064
86	-0.8510638297872261	37.95744680851064
110	98.43971631205675	-8.851063829787234
132	-3.6879432624113395	45.04964539007092
158	81.41843971631207	-32.964539007092206
180	45.957446808510646	79.09219858156028
204	-227.8014184397163	-469.8439716312057
227	109.7872340425532	-120.9078014184397
255	109.7872340425532	-120.9078014184397
279	776.4539007092199	56.39716312056737
302	1020.4255319148936	8.170212765957446
322	984.9645390070922	57.815602836879435
345	984.9645390070922	57.815602836879435
370	1026.099290780142	67.74468085106383
394	1075.7446808510638	81.9290780141844
417	1075.7446808510638	81.9290780141844
438	1217.5886524822695	284.7659574468085
458	1194.8936170212764	229.4468085106383
482	1416.1702127659576	260.65248226950354
505	1275.7446808510638	250.7234042553191
530	1477.1631205673762	242.2127659574468
554	1477.1631205673762	242.2127659574468
578	1265.8156028368794	267.74468085106383
599	1301.276595744681	446.46808510638294
621	1301.276595744681	446.46808510638294
645	1258.723404255319	453.56028368794324
669	526.8085106382978	145.75886524822695
692	237.4468085106383	91.8581560283688
715	237.4468085106383	91.8581560283688
741	409.07801418439715	388.3120567375886
768	447.3758865248227	345.7588652482269
792	447.3758865248227	345.7588652482269
818	211.91489361702128	269.16312056737587
842	209.07801418439718	46.46808510638298
868	-90.2127659574468	-69.84397163120568
892	50.21276595744681	-8.851063829787234
914	201.98581560283688	-174.8085106382979
940	-57.588652482269495	11.00709219858156
965	184.96453900709218	114.55319148936172
986	184.96453900709218	114.55319148936172
1011	180.70921985815602	59.23404255319149
1036	175.03546099290782	37.95744680851064
1058	-6.5248226950354535	120.22695035460993
1082	-91.63120567375886	110.29787234042554
1107	-84.53900709219857	32.28368794326241
1129	-219.29078014184398	164.19858156028369
1151	101.27659574468086	-143.60283687943263
1176	-144.11347517730496	-45.73049645390071
1203	-227.8014184397163	-96.79432624113474
1229	-227.8014184397163	-96.79432624113474
1254	-142.6950354609929	-7.432624113475178
1281	-59.00709219858155	-47.14893617021277
1307	-24.96453900709219	-13.106382978723405
1334	-163.97163120567376	-120.9078014184397
1358	-163.97163120567376	-120.9078014184397
1382	-158.29787234042553	-11.687943262411347
1407	62.97872340425533	-123.74468085106383
1435	98.43971631205675	28.028368794326237
1459	186.38297872340425	103.20567375886525
1483	87.0921985815603	-21.617021276595743
1504	87.0921985815603	-21.617021276595743
1529	158.01418439716315	-38.638297872340424
1553	204.82269503546098	-204.59574468085106
1584	175.03546099290782	3.9148936170212765
1616	80.0	52.14184397163121
1649	285.67375886524826	-24.453900709219862
1672	311.20567375886526	25.191489361702125
1697	467.23404255319144	-221.61702127659578
1724	467.23404255319144	-221.61702127659578
1750	88.51063829787235	-76.93617021276596
1777	114.04255319148938	-145.02127659574467
1803	759.4326241134751	-74.09929078014184
1829	711.2056737588653	46.46808510638298
1855	1030.354609929078	-119.48936170212765
1884	1165.1063829787233	-30.127659574468087
1909	1237.4468085106382	218.09929078014184
1937	1114.0425531914893	332.9929078014184
1964	1078.5815602836878	63.48936170212765
1988	1071.4893617021278	118.80851063829788
2015	1098.4397163120568	49.30496453900709
2043	1247.3758865248226	150.01418439716312
2066	1281.418439716312	52.14184397163121
2091	1260.1418439716313	19.5177304964539
2116	1019.0070921985814	-228.70921985815605
2149	1105.5319148936169	73.41843971631205
2175	1169.3617021276596	25.191489361702125
2198	1169.3617021276596	25.191489361702125
2225	1221.8439716312057	308.87943262411346
2249	1196.3120567375886	416.6808510638298
2274	1199.148936170213	412.42553191489367
2300	1336.7375886524821	388.3120567375886
2322	1271.4893617021278	419.5177304964539
2347	1199.148936170213	528.7375886524823
2371	1245.9574468085107	454.9787234042553
2398	1245.9574468085107	454.9787234042553
2420	1254.468085106383	342.92198581560285
2446	1238.8652482269504	619.517730496454
2471	1372.1985815602836	637.9574468085107
2496	1404.822695035461	657.8156028368794
2522	1342.4113475177303	606.7517730496454
2548	1177.8723404255318	429.4468085106383
2572	1064.3971631205673	463.48936170212767
2596	1036.028368794326	601.0780141843971
2624	1380.709219858156	601.0780141843971
2653	1146.6666666666667	510.2978723404255
2682	1131.063829787234	507.4609929078014
2707	518.2978723404254	235.12056737588648
2735	590.6382978723403	168.45390070921985
2759	379.2907801418439	340.0851063829787
2786	477.16312056737587	246.46808510638297
2816	485.6737588652482	256.39716312056737
2844	556.595744680851	155.68794326241135
2869	333.90070921985813	225.1914893617021
2894	333.90070921985813	225.1914893617021
2919	404.822695035461	169.87234042553192
2950	-7.94326241134751	84.7659574468085
2983	21.843971631205683	113.13475177304966
3016	-19.290780141843964	36.53900709219858
3050	-10.780141843971624	-79.77304964539007
3075	-5.1063829787233965	-27.290780141843975
3101	-29.219858156028362	-72.68085106382979
3133	-81.70212765957446	89.02127659574468
3166	36.02836879432625	-65.58865248226951
3199	-23.546099290780134	11.00709219858156
3233	116.87943262411349	60.65248226950354
3260	6.241134751773058	97.53191489361703
3285	172.19858156028369	-162.04255319148933
3308	172.19858156028369	-162.04255319148933
3339	50.21276595744681	-37.21985815602837
3367	114.04255319148938	87.60283687943262
3392	-142.6950354609929	13.843971631205672
3418	179.29078014184398	167.03546099290782
3444	180.70921985815602	57.815602836879435
3469	278.58156028368796	6.75177304964539
3498	228.93617021276597	3.9148936170212765
3522	-30.638297872340416	-40.05673758865249
3548	57.3049645390071	96.11347517730498
3571	278.58156028368796	-193.24822695035462
3598	118.29787234042553	-110.97872340425532
3622	108.36879432624114	67.74468085106383
3648	289.92907801418437	-116.65248226950354
3675	318.29787234042556	-108.1418439716312
3701	231.77304964539007	-187.57446808510642
3732	158.01418439716315	5.333333333333333
3760	470.0709219858156	-21.617021276595743
3786	424.6808510638297	73.41843971631205
3812	444.5390070921986	57.815602836879435
3840	180.70921985815602	-48.56737588652483
3868	180.70921985815602	-48.56737588652483
3893	339.5744680851064	22.354609929078016
3920	146.66666666666666	171.29078014184398
3950	146.66666666666666	171.29078014184398
3983	258.72340425531917	-41.47517730496455
4010	282.83687943262413	-71.26241134751773
4039	192.05673758865248	-113.81560283687942
4068	82.83687943262412	-79.77304964539007
4119	186.38297872340425	-118.07092198581559
4152	31.773049645390078	53.560283687943254
4181	301.27659574468083	47.88652482269503
4216	433.1914893617021	93.27659574468086
4241	434.60992907801415	145.75886524822695
4268	428.93617021276594	-128.0
4297	464.3971631205673	179.80141843971631
4323	421.84397163120565	148.59574468085106
4354	577.8723404255319	140.08510638297872
4381	577.8723404255319	140.08510638297872
4416	342.4113475177305	140.08510638297872
4445	549.5035460992907	135.82978723404256
4472	620.4255319148936	106.04255319148936
4500	657.3049645390071	205.33333333333331
4525	430.354609929078	74.83687943262412
4551	145.24822695035462	145.75886524822695
4579	419.0070921985815	167.03546099290782
4605	419.0070921985815	167.03546099290782
4631	186.38297872340425	228.0283687943262
4659	319.7163120567376	151.43262411347519
4686	282.83687943262413	185.47517730496452
4717	538.1560283687943	558.5248226950355
4745	600.5673758865247	120.22695035460993
4775	386.3829787234042	294.6950354609929
4816	305.53191489361706	361.36170212765956
4843	454.46808510638294	354.2695035460993
4868	437.4468085106383	327.3191489361702
4895	443.12056737588654	341.5035460992908
4925	531.063829787234	218.09929078014184
4949	494.18439716312054	230.86524822695034
4979	491.3475177304964	100.36879432624116
5007	491.3475177304964	100.36879432624116
5034	529.645390070922	40.79432624113475
5059	445.9574468085106	130.15602836879435
5089	441.70212765957444	107.46099290780143
5117	441.70212765957444	107.46099290780143
5143	400.5673758865248	54.97872340425531
5171	644.5390070921986	50.723404255319146
5200	566.5248226950355	185.47517730496452
5227	502.6950354609929	43.63120567375886
5252	424.6808510638297	174.12765957446808
5278	424.6808510638297	174.12765957446808
5304	184.96453900709218	179.80141843971631
5336	387.80141843971626	39.37588652482269
5363	523.9716312056737	56.39716312056737
5388	411.9148936170213	-45.73049645390071
5414	461.56028368794324	-14.52482269503546
5444	353.758865248227	-143.60283687943263
5471	481.41843971631204	-272.6808510638298
5498	379.2907801418439	-99.63120567375886
5533	505.53191489361706	-85.4468085106383
5568	170.78014184397165	-176.22695035460993
5599	423.2624113475177	-61.33333333333334
5633	342.4113475177305	-102.46808510638297
5663	384.9645390070921	-44.312056737588655
5699	431.77304964539	-75.51773049645391
5726	431.77304964539	-75.51773049645391
5752	462.9787234042553	123.06382978723404
5782	411.9148936170213	9.588652482269504
5807	384.9645390070921	-154.95035460992906
5834	406.241134751773	-82.60992907801419
5866	318.29787234042556	-164.87943262411346
5899	525.3900709219857	-156.36879432624113
5929	522.5531914893617	-58.49645390070922
5955	586.3829787234042	172.70921985815605
5984	413.33333333333326	-187.57446808510642
6011	413.33333333333326	-187.57446808510642
6035	586.3829787234042	-108.1418439716312
6062	633.1914893617021	-176.22695035460993
6087	529.645390070922	-217.36170212765958
6118	626.0992907801418	-198.92198581560285
6147	681.418439716312	83.34751773049646
6171	641.7021276595744	-75.51773049645391
6201	664.3971631205673	178.38297872340428
6232	790.6382978723404	-57.07801418439716
6257	552.3404255319149	-136.51063829787233
6285	698.4397163120567	-173.39007092198582
6316	634.6099290780141	228.0283687943262
6343	753.7588652482269	3.9148936170212765
6373	684.2553191489361	-119.48936170212765
6405	820.4255319148936	-145.02127659574467
6436	871.4893617021277	52.14184397163121
6465	722.5531914893617	-20.19858156028369
6499	918.2978723404254	-55.659574468085104
6533	888.5106382978723	-31.546099290780145
6557	891.3475177304965	-34.38297872340426
6583	959.4326241134752	-34.38297872340426
6608	698.4397163120567	-17.361702127659576
6635	875.7446808510638	-76.93617021276596
6660	982.127659574468	-8.851063829787234
6688	908.3687943262411	-140.7659574468085
6715	908.3687943262411	-140.7659574468085
6740	736.7375886524823	-18.78014184397163
6769	925.3900709219857	-75.51773049645391
6796	925.3900709219857	-75.51773049645391
6821	888.5106382978723	6.75177304964539
6849	1106.950354609929	-44.312056737588655
6875	767.9432624113475	-51.40425531914894
6907	1014.7517730496454	-196.08510638297872
6932	1026.099290780142	-99.63120567375886
6959	908.3687943262411	-47.14893617021277
6985	932.482269503546	-7.432624113475178
7013	983.54609929078	22.354609929078016
7041	1048.7943262411347	-52.822695035460995
7069	878.581560283688	-173.39007092198582
7096	282.83687943262413	-25.87234042553192
7122	282.83687943262413	-25.87234042553192
7149	511.20567375886515	-35.801418439716315
7175	156.59574468085108	-215.94326241134755
7203	-16.45390070921985	-160.6241134751773
7233	519.7163120567375	-8.851063829787234
7257	519.7163120567375	-8.851063829787234
7283	36.02836879432625	-28.709219858156033
7308	316.8794326241135	37.95744680851064
7336	106.9503546099291	13.843971631205672
7362	210.49645390070924	13.843971631205672
7391	210.49645390070924	13.843971631205672
7416	183.54609929078015	-11.687943262411347
7449	116.87943262411349	-149.27659574468083
7482	-16.45390070921985	-55.659574468085104
7509	-46.241134751773046	-143.60283687943263
7540	-148.36879432624113	20.936170212765955
7565	-148.36879432624113	20.936170212765955
7594	-88.79432624113474	-119.48936170212765
7624	-246.24113475177305	-137.9290780141844
7655	-20.70921985815602	-31.546099290780145
7683	-107.23404255319149	181.21985815602838
7710	236.02836879432627	9.588652482269504
7736	139.5744680851064	13.843971631205672
7763	6.241134751773058	-109.56028368794325
7789	6.241134751773058	-109.56028368794325
7814	322.5531914893617	79.09219858156028
7843	106.9503546099291	184.05673758865245
7868	106.9503546099291	184.05673758865245
7893	234.6099290780142	110.29787234042554
7920	123.97163120567377	281.92907801418437
7947	190.63829787234044	303.2056737588652
7977	230.35460992907804	-57.07801418439716
8004	62.97872340425533	140.08510638297872
8033	228.93617021276597	199.65957446808508
8060	228.93617021276597	199.65957446808508
8086	99.8581560283688	40.79432624113475
8120	312.6241134751773	-31.546099290780145
8148	81.41843971631207	29.446808510638295
8174	81.41843971631207	29.446808510638295
8201	413.33333333333326	-72.68085106382979
8229	58.72340425531915	93.27659574468086
8256	184.96453900709218	91.8581560283688
8280	288.51063829787233	80.51063829787233
8311	268.65248226950354	43.63120567375886
8339	230.35460992907804	56.39716312056737
8368	216.17021276595747	-28.709219858156033
8395	248.79432624113477	42.212765957446805
8420	340.9929078014184	8.170212765957446
8447	139.5744680851064	-59.91489361702128
8476	201.98581560283688	-20.19858156028369
8503	-29.219858156028362	6.75177304964539
8530	-29.219858156028362	6.75177304964539
8560	114.04255319148938	-34.38297872340426
8587	221.84397163120568	-25.87234042553192
8615	40.28368794326242	-8.851063829787234
8642	-121.41843971631205	-7.432624113475178
8669	-121.41843971631205	-7.432624113475178
8697	-114.32624113475175	104.62411347517731
8724	-172.4822695035461	74.83687943262412
8750	193.47517730496455	1.078014184397163
8779	50.21276595744681	79.09219858156028
8809	48.794326241134755	128.7375886524823
8840	-93.04964539007092	157.10638297872342
8869	-93.04964539007092	157.10638297872342
8896	-145.53191489361703	147.17730496453902
8921	-2.2695035460992825	-7.432624113475178
8948	123.97163120567377	93.27659574468086
8972	-12.19858156028368	157.10638297872342
8997	55.886524822695044	13.843971631205672
9033	-104.39716312056736	40.79432624113475
9060	-27.801418439716304	76.25531914893617
9088	153.75886524822695	304.6241134751773
9115	189.21985815602838	103.20567375886525
9140	170.78014184397165	72.0
9165	111.20567375886526	140.08510638297872
9192	245.95744680851064	137.24822695035462
9220	203.40425531914894	-7.432624113475178
9252	20.425531914893625	276.25531914893617
9280	217.5886524822695	140.08510638297872
9306	241.70212765957447	167.03546099290782
9330	162.2695035460993	100.36879432624116
9360	65.81560283687944	84.7659574468085
9388	236.02836879432627	118.80851063829788
9413	99.8581560283688	76.25531914893617
9443	135.31914893617022	256.39716312056737
9468	24.680851063829795	212.42553191489358
9494	53.049645390070935	94.69503546099291
9520	462.9787234042553	127.31914893617022
9549	306.9503546099291	195.40425531914894
9580	-33.475177304964525	240.79432624113474
9610	149.5035460992908	222.35460992907798
9682	365.1063829787234	239.3758865248227
9709	365.1063829787234	239.3758865248227
9737	299.8581560283688	-17.361702127659576
9765	253.0496453900709	57.815602836879435
9791	326.80851063829783	110.29787234042554
9819	271.48936170212767	114.55319148936172
9850	257.3049645390071	254.9787234042553
9876	275.74468085106383	114.55319148936172
9902	133.90070921985816	130.15602836879435
9932	165.10638297872342	25.191489361702125
9961	214.7517730496454	140.08510638297872
9989	376.4539007092198	76.25531914893617
10014	376.4539007092198	76.25531914893617
10043	477.16312056737587	-130.8368794326241
10073	331.06382978723406	73.41843971631205
10100	444.5390070921986	165.61702127659575
10124	399.1489361702127	93.27659574468086
10150	458.7234042553191	147.17730496453902
10178	406.241134751773	-13.106382978723405
10203	406.241134751773	-13.106382978723405
10230	255.88652482269504	-1.7588652482269505
10259	200.56737588652481	-28.709219858156033
10291	143.82978723404256	45.04964539007092
10320	319.7163120567376	-149.27659574468083
10346	278.58156028368796	-267.0070921985816
10378	298.43971631205676	-84.02836879432624
10406	411.9148936170213	84.7659574468085
10432	451.6312056737588	-88.28368794326241
10464	356.5957446808511	-10.269503546099292
10490	373.6170212765957	-31.546099290780145
10521	641.7021276595744	-3.1773049645390072
10553	288.51063829787233	98.95035460992908
10580	410.4964539007092	-0.34042553191489394
10604	394.89361702127655	-10.269503546099292
10632	282.83687943262413	-162.04255319148933
10660	362.2695035460993	-62.75177304964539
10687	288.51063829787233	-0.34042553191489394
10717	458.7234042553191	-110.97872340425532
10746	410.4964539007092	-7.432624113475178
10778	386.3829787234042	-59.91489361702128
10804	453.04964539007085	-109.56028368794325
10833	322.5531914893617	104.62411347517731
10859	331.06382978723406	-48.56737588652483
10885	372.1985815602837	-129.41843971631204
10914	470.0709219858156	8.170212765957446
10940	504.11347517730496	124.4822695035461
10963	539.5744680851063	-42.8936170212766
10989	695.6028368794326	-38.638297872340424
11012	597.7304964539006	32.28368794326241
11043	687.0921985815602	76.25531914893617
11076	640.2836879432624	47.88652482269503
11107	433.1914893617021	-68.42553191489363
11141	445.9574468085106	-88.28368794326241
11178	474.32624113475174	-48.56737588652483
11212	467.23404255319144	-93.95744680851064
11241	480.0	134.4113475177305
11269	555.177304964539	-21.617021276595743
11295	643.1205673758865	-241.47517730496455
11326	640.2836879432624	-48.56737588652483
11355	640.2836879432624	-48.56737588652483
11384	738.1560283687943	-13.106382978723405
11414	600.5673758865247	-126.58156028368795
11446	933.9007092198581	-69.84397163120568
11477	711.2056737588653	-110.97872340425532
11508	719.7163120567376	189.73049645390068
11539	782.1276595744681	-232.96453900709218
11569	904.1134751773048	-64.17021276595744
11598	742.4113475177304	-21.617021276595743
11629	793.4751773049645	-234.38297872340428
11658	956.5957446808511	101.78723404255321
11686	956.5957446808511	101.78723404255321
11714	765.1063829787233	-92.53900709219857
11743	1014.7517730496454	201.07801418439718
11773	739.5744680851063	103.20567375886525
11802	1001.985815602837	-78.35460992907801
11829	844.5390070921985	162.78014184397165
11859	898.4397163120567	-17.361702127659576
11888	1153.7588652482268	127.31914893617022
11915	1153.7588652482268	127.31914893617022
11945	1104.113475177305	11.00709219858156
11973	1014.7517730496454	57.815602836879435
12003	1061.5602836879432	-13.106382978723405
12034	1123.9716312056737	86.18439716312056
12061	1123.9716312056737	86.18439716312056
12088	965.1063829787234	62.070921985815595
12116	389.21985815602835	192.56737588652481
12144	167.94326241134752	70.58156028368793
12173	251.63120567375884	103.20567375886525
12201	396.31205673758865	46.46808510638298
12230	193.47517730496455	209.58865248226948
12258	112.62411347517731	-11.687943262411347
12291	223.26241134751774	124.4822695035461
12320	153.75886524822695	104.62411347517731
12349	200.56737588652481	33.702127659574465
12376	159.43262411347519	192.56737588652481
12404	-159.7163120567376	188.31205673758865
12436	-20.70921985815602	215.2624113475177
12467	152.3404255319149	89.02127659574468
12494	152.3404255319149	89.02127659574468
12521	-5.1063829787233965	172.70921985815605
12550	121.13475177304966	37.95744680851064
12578	-22.12765957446808	120.22695035460993
12608	85.67375886524823	332.9929078014184
12638	241.70212765957447	23.773049645390067
12667	-85.95744680851062	100.36879432624116
12696	111.20567375886526	188.31205673758865
12732	129.645390070922	134.4113475177305
12764	133.90070921985816	172.70921985815605
12800	-121.41843971631205	332.9929078014184
12838	7.659574468085115	72.0
12870	-34.89361702127658	179.80141843971631
12902	-37.730496453900706	130.15602836879435
12932	159.43262411347519	284.7659574468085
12962	294.18439716312054	25.191489361702125
12993	47.375886524822704	5.333333333333333
13022	47.375886524822704	5.333333333333333
13054	274.3262411347518	141.5035460992908
13086	131.06382978723406	60.65248226950354
13117	-141.27659574468086	-14.52482269503546
13147	-459.0070921985816	152.85106382978725
13178	6.241134751773058	-7.432624113475178
13210	102.69503546099291	-3.1773049645390072
13240	20.425531914893625	159.94326241134752
13272	316.8794326241135	132.99290780141843
13302	193.47517730496455	147.17730496453902
13333	201.98581560283688	152.85106382978725
13368	217.5886524822695	192.56737588652481
13398	82.83687943262412	57.815602836879435
13428	158.01418439716315	281.92907801418437
13457	182.12765957446808	435.1205673758865
13487	43.12056737588654	338.6666666666667
13517	538.1560283687943	467.7446808510638
13548	325.3900709219858	272.0
13576	641.7021276595744	185.47517730496452
13603	433.1914893617021	270.58156028368796
13626	312.6241134751773	321.64539007092196
13651	376.4539007092198	472.0
13677	440.2836879432624	347.17730496453896
13703	455.886524822695	321.64539007092196
13729	348.0851063829787	403.9148936170212
13757	411.9148936170213	342.92198581560285
13782	508.3687943262412	313.13475177304963
13815	409.07801418439715	318.80851063829783
13840	552.3404255319149	365.6170212765957
13865	451.6312056737588	382.63829787234044
13889	243.12056737588654	459.23404255319144
13915	281.4184397163121	315.9716312056737
13939	430.354609929078	140.08510638297872
13967	375.03546099290776	220.93617021276594
13992	650.2127659574468	321.64539007092196
14017	389.21985815602835	315.9716312056737
14043	298.43971631205676	334.41134751773046
14069	498.4397163120567	157.10638297872342
14094	550.9219858156029	145.75886524822695
14124	467.23404255319144	211.00709219858155
14151	472.9078014184397	239.3758865248227
14178	529.645390070922	198.24113475177302
14203	529.645390070922	198.24113475177302
14225	505.53191489361706	229.4468085106383
14253	413.33333333333326	246.46808510638297
14281	248.79432624113477	222.35460992907798
14307	302.6950354609929	286.18439716312054
14336	360.8510638297873	230.86524822695034
14365	201.98581560283688	247.88652482269504
14400	617.5886524822695	344.3404255319149
14433	387.80141843971626	286.18439716312054
14460	387.80141843971626	286.18439716312054
14484	203.40425531914894	195.40425531914894
14510	203.40425531914894	195.40425531914894
14534	333.90070921985813	286.18439716312054
14566	312.6241134751773	341.5035460992908
14594	322.5531914893617	144.34042553191492
14621	261.56028368794324	242.2127659574468
14650	420.42553191489355	202.4964539007092
14684	575.0354609929078	374.12765957446805
14716	413.33333333333326	118.80851063829788
14742	546.6666666666666	384.0567375886525
14768	467.23404255319144	250.7234042553191
14794	467.23404255319144	250.7234042553191
14820	441.70212765957444	125.90070921985816
14849	426.0992907801418	304.6241134751773
14875	426.0992907801418	304.6241134751773
14902	358.01418439716315	206.75177304964535
14927	587.8014184397163	118.80851063829788
14955	688.5106382978723	351.4326241134752
14981	662.9787234042552	233.70212765957444
15007	662.9787234042552	233.70212765957444
15033	636.0283687943262	345.7588652482269
15061	525.3900709219857	306.04255319148933
15088	454.46808510638294	185.47517730496452
15112	376.4539007092198	206.75177304964535
15137	584.9645390070922	216.6808510638298
15162	584.9645390070922	216.6808510638298
15189	525.3900709219857	372.709219858156
15213	515.4609929078014	375.5460992907801
15237	688.5106382978723	267.74468085106383
15264	433.1914893617021	498.95035460992904
15293	451.6312056737588	137.24822695035462
15319	599.1489361702127	270.58156028368796
15347	506.9503546099291	376.9645390070922
15371	506.9503546099291	376.9645390070922
15399	609.0780141843971	228.0283687943262
15426	489.9290780141843	150.01418439716312
15455	711.2056737588653	378.3829787234042
15485	455.886524822695	359.94326241134746
15563	475.74468085106383	525.9007092198582
15597	532.482269503546	215.2624113475177
15625	440.2836879432624	195.40425531914894
15654	383.5460992907801	398.2411347517731
15681	384.9645390070921	37.95744680851064
15707	312.6241134751773	157.10638297872342
15733	543.8297872340426	40.79432624113475
15760	431.77304964539	93.27659574468086
15785	444.5390070921986	182.63829787234042
15811	508.3687943262412	263.48936170212767
15839	508.3687943262412	263.48936170212767
15863	484.25531914893617	246.46808510638297
15889	457.304964539007	80.51063829787233
15916	457.304964539007	80.51063829787233
15944	590.6382978723403	259.23404255319144
15977	515.4609929078014	246.46808510638297
16008	570.7801418439716	250.7234042553191
16037	506.9503546099291	277.6737588652482
16064	358.01418439716315	338.6666666666667
16093	755.177304964539	274.8368794326241
16120	755.177304964539	422.354609929078
16147	679.9999999999999	150.01418439716312
16176	677.1631205673758	30.865248226950353
16200	519.7163120567375	184.05673758865245
16224	546.6666666666666	47.88652482269503
16253	762.2695035460993	279.0921985815603
16279	756.595744680851	181.21985815602838
16303	711.2056737588653	245.04964539007094
16327	672.9078014184396	409.5886524822695
16352	870.0709219858156	239.3758865248227
16378	870.0709219858156	239.3758865248227
16404	780.709219858156	375.5460992907801
16434	760.8510638297872	-0.34042553191489394
16465	880.0	298.9503546099291
16492	948.0851063829787	97.53191489361703
16518	960.8510638297872	125.90070921985816
16548	992.0567375886525	182.63829787234042
16571	992.0567375886525	182.63829787234042
16596	942.4113475177305	259.23404255319144
16621	942.4113475177305	259.23404255319144
16647	827.5177304964539	-58.49645390070922
16672	861.5602836879432	86.18439716312056
16698	1031.77304964539	249.30496453900707
16724	963.6879432624114	276.25531914893617
16752	916.8794326241134	266.32624113475174
16778	872.9078014184397	359.94326241134746
16803	1030.354609929078	154.2695035460993
16835	1019.0070921985814	171.29078014184398
16860	997.7304964539006	348.59574468085106
16883	1105.5319148936169	250.7234042553191
16909	1105.5319148936169	250.7234042553191
16934	1001.985815602837	419.5177304964539
16959	1098.4397163120568	279.0921985815603
16985	1098.4397163120568	279.0921985815603
17010	1119.7163120567375	167.03546099290782
17035	1169.3617021276596	140.08510638297872
17059	1217.5886524822695	212.42553191489358
17085	1217.5886524822695	212.42553191489358
17109	1177.8723404255318	208.17021276595744
17140	970.7801418439716	308.87943262411346
17165	1200.5673758865248	327.3191489361702
17189	1003.4042553191489	185.47517730496452
17214	1132.4822695035461	147.17730496453902
17241	935.3191489361702	3.9148936170212765
17267	989.2198581560283	93.27659574468086
17291	1038.8652482269501	42.212765957446805
17316	1038.8652482269501	42.212765957446805
17341	834.6099290780141	257.8156028368794
17368	1167.9432624113474	49.30496453900709
17395	979.2907801418439	247.88652482269504
17420	979.2907801418439	247.88652482269504
17443	1043.1205673758866	188.31205673758865
17472	878.581560283688	208.17021276595744
17500	850.2127659574468	179.80141843971631
17525	740.9929078014184	165.61702127659575
17553	516.8794326241134	6.75177304964539
17586	257.3049645390071	157.10638297872342
17619	197.73049645390074	240.79432624113474
17646	197.73049645390074	240.79432624113474
17669	67.2340425531915	301.78723404255317
17694	67.2340425531915	301.78723404255317
17720	109.7872340425532	40.79432624113475
17744	30.35460992907802	230.86524822695034
17770	129.645390070922	327.3191489361702
17795	65.81560283687944	220.93617021276594
17821	114.04255319148938	174.12765957446808
17844	14.751773049645399	168.45390070921985
17871	245.95744680851064	142.92198581560285
17899	30.35460992907802	130.15602836879435
17926	118.29787234042553	212.42553191489358
17955	-34.89361702127658	179.80141843971631
17980	186.38297872340425	80.51063829787233
18007	9.078014184397171	169.87234042553192
18033	89.9290780141844	362.7801418439716
18059	89.9290780141844	362.7801418439716
18085	214.7517730496454	11.00709219858156
18113	116.87943262411349	358.5248226950354
18138	-0.8510638297872261	191.14893617021275
18161	104.11347517730498	345.7588652482269
18187	104.11347517730498	345.7588652482269
18210	318.29787234042556	290.4397163120567
18238	255.88652482269504	342.92198581560285
18266	-26.382978723404246	293.27659574468083
18291	133.90070921985816	151.43262411347519
18315	131.06382978723406	443.63120567375887
18340	109.7872340425532	273.41843971631204
18366	109.7872340425532	273.41843971631204
18393	-66.09929078014183	243.63120567375884
18416	102.69503546099291	314.55319148936167
18443	200.56737588652481	430.86524822695037
18467	57.3049645390071	106.04255319148936
18492	121.13475177304966	347.17730496453896
18519	414.75177304964535	289.02127659574467
18545	216.17021276595747	131.5744680851064
18572	169.36170212765958	33.702127659574465
18597	271.48936170212767	218.09929078014184
18621	271.48936170212767	218.09929078014184
18648	234.6099290780142	315.9716312056737
18676	170.78014184397165	287.6028368794326
18704	160.85106382978725	276.25531914893617
18729	160.85106382978725	276.25531914893617
18754	274.3262411347518	310.29787234042556
18782	238.86524822695034	362.7801418439716
18808	97.0212765957447	274.8368794326241
18835	270.07092198581563	181.21985815602838
18867	158.01418439716315	327.3191489361702
18892	158.01418439716315	327.3191489361702
18917	230.35460992907804	107.46099290780143
18943	165.10638297872342	279.0921985815603
18969	308.36879432624113	257.8156028368794
19000	254.46808510638297	359.94326241134746
19024	495.6028368794326	331.57446808510633
19050	495.6028368794326	331.57446808510633
19078	251.63120567375884	306.04255319148933
19102	251.63120567375884	306.04255319148933
19127	366.5248226950354	474.83687943262413
19153	78.58156028368796	134.4113475177305
19185	233.19148936170214	208.17021276595744
19217	204.82269503546098	188.31205673758865
19242	287.09219858156024	308.87943262411346
19268	397.7304964539007	342.92198581560285
19293	203.40425531914894	324.4822695035461
19318	219.00709219858157	318.80851063829783
19343	70.0709219858156	321.64539007092196
19370	72.90780141843972	186.89361702127658
19395	196.31205673758868	144.34042553191492
19421	196.31205673758868	144.34042553191492
19444	328.2269503546099	62.070921985815595
19471	328.2269503546099	62.070921985815595
19495	104.11347517730498	225.1914893617021
19521	190.63829787234044	359.94326241134746
19547	44.53900709219859	104.62411347517731
19571	-6.5248226950354535	398.2411347517731
19599	-6.5248226950354535	398.2411347517731
19625	101.27659574468086	280.51063829787233
19652	243.12056737588654	74.83687943262412
19683	128.22695035460993	100.36879432624116
19717	138.15602836879435	-103.88652482269502
19750	13.333333333333341	47.88652482269503
19781	118.29787234042553	138.66666666666669
19808	277.1631205673759	403.9148936170212
19834	277.1631205673759	403.9148936170212
19862	349.5035460992908	118.80851063829788
19889	356.5957446808511	369.87234042553195
19916	203.40425531914894	340.0851063829787
19947	111.20567375886526	236.53900709219857
19974	94.18439716312058	49.30496453900709
20004	228.93617021276597	195.40425531914894
20031	228.93617021276597	195.40425531914894
20058	338.15602836879435	103.20567375886525
20086	264.39716312056737	6.75177304964539
20113	318.29787234042556	293.27659574468083
20141	389.21985815602835	286.18439716312054
20168	1.9858156028368874	84.7659574468085
20198	294.18439716312054	357.1063829787234
20229	216.17021276595747	148.59574468085106
20261	234.6099290780142	230.86524822695034
20288	40.28368794326242	347.17730496453896
20315	270.07092198581563	303.2056737588652
20344	201.98581560283688	240.79432624113474
20372	228.93617021276597	313.13475177304963
20400	295.60283687943263	205.33333333333331
20429	348.0851063829787	176.9645390070922
20458	-0.8510638297872261	90.43971631205675
20488	-41.98581560283687	334.41134751773046
20514	189.21985815602838	298.9503546099291
20540	189.21985815602838	298.9503546099291
20571	210.49645390070924	318.80851063829783
20597	133.90070921985816	203.91489361702125
20627	250.2127659574468	367.0354609929078
20657	231.77304964539007	340.0851063829787
20682	288.51063829787233	392.5673758865248
20709	460.14184397163115	381.21985815602835
20736	-132.7659574468085	376.9645390070922
20768	335.3191489361702	337.2482269503546
20802	260.1418439716312	289.02127659574467
20828	260.1418439716312	289.02127659574467
20852	316.8794326241135	121.64539007092199
20878	424.6808510638297	228.0283687943262
20906	288.51063829787233	209.58865248226948
20937	383.5460992907801	274.8368794326241
20968	104.11347517730498	306.04255319148933
20996	106.9503546099291	206.75177304964535
21022	233.19148936170214	378.3829787234042
21049	332.4822695035461	203.91489361702125
21076	280.0	247.88652482269504
21146	375.03546099290776	391.1489361702127
21174	375.03546099290776	391.1489361702127
21201	558.0141843971631	191.14893617021275
21232	474.32624113475174	303.2056737588652
21260	671.4893617021276	206.75177304964535
21291	501.2765957446809	164.19858156028369
21319	597.7304964539006	230.86524822695034
21347	488.51063829787233	209.58865248226948
21373	497.0212765957446	291.8581560283688
21400	498.4397163120567	490.4397163120567
21428	799.1489361702128	459.23404255319144
21457	572.1985815602837	453.56028368794324
21484	640.2836879432624	445.0496453900709
21510	711.2056737588653	281.92907801418437
21538	711.2056737588653	281.92907801418437
21564	512.6241134751772	401.07801418439715
21591	525.3900709219857	374.12765957446805
21620	427.51773049645385	260.65248226950354
21646	523.9716312056737	253.56028368794324
21674	219.00709219858157	345.7588652482269
21700	431.77304964539	199.65957446808508
21728	462.9787234042553	311.7163120567376
21755	606.241134751773	435.1205673758865
21784	779.2907801418439	548.595744680851
21818	756.595744680851	437.95744680851067
21846	793.4751773049645	354.2695035460993
21872	845.9574468085106	415.26241134751774
21898	689.9290780141844	462.07092198581563
21925	790.6382978723404	382.63829787234044
21956	779.2907801418439	474.83687943262413
21982	728.2269503546099	474.83687943262413
22011	877.1631205673759	504.62411347517724
22038	748.0851063829787	389.7304964539007
22064	969.3617021276596	389.7304964539007
22091	745.2482269503545	252.1418439716312
22116	695.6028368794326	466.32624113475174
22142	695.6028368794326	466.32624113475174
22168	938.1560283687943	379.8014184397163
22200	922.5531914893617	272.0
22226	721.1347517730496	332.9929078014184
22253	721.1347517730496	332.9929078014184
22282	759.4326241134751	267.74468085106383
22313	855.886524822695	225.1914893617021
22343	888.5106382978723	283.34751773049646
22380	813.3333333333334	259.23404255319144
22409	726.8085106382979	270.58156028368796
22439	966.5248226950355	233.70212765957444
22468	836.0283687943262	253.56028368794324
22499	960.8510638297872	169.87234042553192
22527	962.2695035460993	368.45390070921985
22553	945.2482269503546	459.23404255319144
22579	916.8794326241134	457.8156028368794
22604	831.77304964539	399.6595744680851
22631	592.0567375886524	236.53900709219857
22662	329.64539007092196	327.3191489361702
22692	305.53191489361706	97.53191489361703
22721	528.2269503546099	168.45390070921985
22752	294.18439716312054	389.7304964539007
22782	609.0780141843971	315.9716312056737
22809	410.4964539007092	303.2056737588652
22836	464.3971631205673	300.36879432624113
22862	411.9148936170213	267.74468085106383
22888	319.7163120567376	300.36879432624113
22915	287.09219858156024	182.63829787234042
22943	287.09219858156024	182.63829787234042
22971	543.8297872340426	191.14893617021275
22998	194.8936170212766	340.0851063829787
23026	270.07092198581563	320.2269503546099
23053	270.07092198581563	320.2269503546099
23079	221.84397163120568	321.64539007092196
23109	106.9503546099291	403.9148936170212
23134	379.2907801418439	350.0141843971631
23159	420.42553191489355	381.21985815602835
23185	492.76595744680844	364.1985815602837
23212	481.41843971631204	291.8581560283688
23237	383.5460992907801	354.2695035460993
23269	146.66666666666666	301.78723404255317
23298	70.0709219858156	368.45390070921985
23323	70.0709219858156	368.45390070921985
23349	210.49645390070924	296.11347517730496
23382	203.40425531914894	524.4822695035461
23413	165.10638297872342	452.1418439716312
23440	281.4184397163121	379.8014184397163
23469	129.645390070922	276.25531914893617
23493	306.9503546099291	409.5886524822695
23521	480.0	364.1985815602837
23547	480.0	364.1985815602837
23577	343.82978723404256	374.12765957446805
23609	471.4893617021276	378.3829787234042
23636	346.6666666666667	361.36170212765956
23662	434.60992907801415	385.4751773049645
23689	346.6666666666667	439.3758865248227
23716	506.9503546099291	395.40425531914894
23740	287.09219858156024	301.78723404255317
23772	545.2482269503546	256.39716312056737
23797	453.04964539007085	555.6879432624114
23822	453.04964539007085	555.6879432624114
23849	465.8156028368794	151.43262411347519
23882	277.1631205673759	395.40425531914894
23913	400.5673758865248	334.41134751773046
23943	589.2198581560283	230.86524822695034
23976	512.6241134751772	239.3758865248227
24005	582.1276595744681	416.6808510638298
24034	570.7801418439716	348.59574468085106
24062	397.7304964539007	395.40425531914894
24092	535.3191489361701	332.9929078014184
24119	335.3191489361702	186.89361702127658
24146	306.9503546099291	355.68794326241135
24175	248.79432624113477	337.2482269503546
24204	305.53191489361706	357.1063829787234
24232	238.86524822695034	367.0354609929078
24259	433.1914893617021	84.7659574468085
24284	433.1914893617021	84.7659574468085
24313	326.80851063829783	352.8510638297872
24339	743.8297872340424	643.6312056737589
24367	1060.1418439716313	626.6099290780141
24400	465.8156028368794	289.02127659574467
24426	485.6737588652482	257.8156028368794
24453	426.0992907801418	222.35460992907798
24480	640.2836879432624	555.6879432624114
24507	667.2340425531914	633.7021276595744
24533	665.8156028368794	606.7517730496454
24564	294.18439716312054	612.4255319148937
24593	251.63120567375884	403.9148936170212
24618	75.74468085106383	403.9148936170212
24643	538.1560283687943	673.418439716312
24670	475.74468085106383	437.95744680851067
24695	471.4893617021276	547.177304964539
24720	394.89361702127655	725.9007092198582
24744	379.2907801418439	420.93617021276594
24772	536.7375886524823	338.6666666666667
24804	440.2836879432624	542.9219858156027
24832	380.70921985815596	266.32624113475174
24864	508.3687943262412	203.91489361702125
24889	508.3687943262412	203.91489361702125
24914	488.51063829787233	786.8936170212767
24940	576.4539007092199	474.83687943262413
24970	338.15602836879435	481.9290780141844
24996	404.822695035461	358.5248226950354
25022	404.822695035461	358.5248226950354
25048	270.07092198581563	409.5886524822695
25075	461.56028368794324	298.9503546099291
25102	504.11347517730496	350.0141843971631
25128	314.0425531914894	467.7446808510638
25154	227.5177304964539	277.6737588652482
25182	148.08510638297872	418.09929078014187
25211	228.93617021276597	330.1560283687943
25243	340.9929078014184	304.6241134751773
25272	316.8794326241135	365.6170212765957
25298	338.15602836879435	453.56028368794324
25328	545.2482269503546	385.4751773049645
25356	545.2482269503546	385.4751773049645
25382	277.1631205673759	420.93617021276594
25412	528.2269503546099	371.290780141844
25441	491.3475177304964	367.0354609929078
25468	477.16312056737587	147.17730496453902
25494	552.3404255319149	272.0
25520	401.98581560283685	483.34751773049646
25551	305.53191489361706	445.0496453900709
25585	115.46099290780143	240.79432624113474
25612	487.0921985815603	294.6950354609929
25639	289.92907801418437	470.58156028368796
25665	342.4113475177305	304.6241134751773
25693	342.4113475177305	304.6241134751773
25719	485.6737588652482	303.2056737588652
25751	461.56028368794324	368.45390070921985
25779	278.58156028368796	239.3758865248227
25804	278.58156028368796	239.3758865248227
25833	523.9716312056737	249.30496453900707
25865	560.8510638297872	348.59574468085106
25896	586.3829787234042	304.6241134751773
25922	637.4468085106383	320.2269503546099
25950	671.4893617021276	144.34042553191492
25975	535.3191489361701	480.5106382978723
26000	548.0851063829787	487.60283687943263
26028	548.0851063829787	487.60283687943263
26053	736.7375886524823	374.12765957446805
26081	586.3829787234042	386.89361702127655
26106	586.3829787234042	386.89361702127655
26132	735.3191489361702	510.2978723404255
26157	752.3404255319148	279.0921985815603
26189	775.0354609929078	351.4326241134752
26219	569.3617021276596	409.5886524822695
26244	709.7872340425532	443.63120567375887
26270	709.7872340425532	443.63120567375887
26298	936.7375886524823	368.45390070921985
26325	748.0851063829787	426.6099290780142
26352	728.2269503546099	537.2482269503546
26380	884.2553191489362	264.9078014184397
26409	763.6879432624113	344.3404255319149
26435	628.9361702127659	140.08510638297872
26462	750.9219858156027	201.07801418439718
26491	536.7375886524823	198.24113475177302
26518	579.290780141844	269.16312056737587
26542	579.290780141844	269.16312056737587
26608	862.9787234042553	389.7304964539007
26638	862.9787234042553	389.7304964539007
26666	780.709219858156	507.4609929078014
26695	855.886524822695	216.6808510638298
26724	807.6595744680851	267.74468085106383
26750	867.2340425531914	182.63829787234042
26779	892.7659574468086	379.8014184397163
26807	892.7659574468086	379.8014184397163
26836	1038.8652482269501	386.89361702127655
26861	607.659574468085	408.17021276595744
26887	515.4609929078014	182.63829787234042
26918	399.1489361702127	216.6808510638298
26942	399.1489361702127	216.6808510638298
26971	505.53191489361706	162.78014184397165
27000	306.9503546099291	101.78723404255321
27029	428.93617021276594	67.74468085106383
27066	353.758865248227	306.04255319148933
27095	308.36879432624113	327.3191489361702
27123	237.4468085106383	152.85106382978725
27157	204.82269503546098	228.0283687943262
27186	414.75177304964535	226.60992907801418
27213	409.07801418439715	260.65248226950354
27241	250.2127659574468	286.18439716312054
27272	258.72340425531917	300.36879432624113
27300	358.01418439716315	223.77304964539007
27327	360.8510638297873	266.32624113475174
27353	196.31205673758868	203.91489361702125
27385	213.33333333333334	239.3758865248227
27412	251.63120567375884	259.23404255319144
27437	177.87234042553195	279.0921985815603
27469	167.94326241134752	215.2624113475177
27497	396.31205673758865	182.63829787234042
27529	675.7446808510638	365.6170212765957
27559	462.9787234042553	211.00709219858155
27588	340.9929078014184	212.42553191489358
27617	152.3404255319149	270.58156028368796
27643	182.12765957446808	293.27659574468083
27670	387.80141843971626	32.28368794326241
27703	331.06382978723406	155.68794326241135
27729	440.2836879432624	176.9645390070922
27754	251.63120567375884	280.51063829787233
27783	228.93617021276597	293.27659574468083
27812	258.72340425531917	215.2624113475177
27844	250.2127659574468	365.6170212765957
27870	250.2127659574468	365.6170212765957
27895	304.11347517730496	20.936170212765955
27923	206.24113475177305	287.6028368794326
27955	436.02836879432624	193.98581560283688
27981	436.02836879432624	193.98581560283688
28006	387.80141843971626	246.46808510638297
28037	611.9148936170212	376.9645390070922
28066	677.1631205673758	386.89361702127655
28090	946.6666666666666	317.3900709219858
28120	1203.404255319149	358.5248226950354
28149	742.4113475177304	395.40425531914894
28174	742.4113475177304	395.40425531914894
28204	762.2695035460993	296.11347517730496
28235	746.6666666666666	290.4397163120567
28260	782.1276595744681	283.34751773049646
28289	745.2482269503545	198.24113475177302
28321	948.0851063829787	340.0851063829787
28354	613.3333333333333	228.0283687943262
28384	613.3333333333333	228.0283687943262
28412	384.9645390070921	269.16312056737587
28442	465.8156028368794	242.2127659574468
28469	441.70212765957444	399.6595744680851
28498	206.24113475177305	437.95744680851067
28529	461.56028368794324	259.23404255319144
28560	339.5744680851064	428.02836879432624
28587	339.5744680851064	428.02836879432624
28615	231.77304964539007	474.83687943262413
28649	294.18439716312054	203.91489361702125
28680	217.5886524822695	342.92198581560285
28713	280.0	230.86524822695034
28749	488.51063829787233	225.1914893617021
28786	271.48936170212767	294.6950354609929
28816	365.1063829787234	289.02127659574467
28847	365.1063829787234	289.02127659574467
28878	455.886524822695	209.58865248226948
28909	209.07801418439718	220.93617021276594
28938	184.96453900709218	264.9078014184397
28968	271.48936170212767	313.13475177304963
28999	613.3333333333333	324.4822695035461
29028	783.5460992907801	67.74468085106383
29057	427.51773049645385	267.74468085106383
29087	427.51773049645385	267.74468085106383
29116	308.36879432624113	345.7588652482269
29147	409.07801418439715	369.87234042553195
29183	407.6595744680851	260.65248226950354
29216	360.8510638297873	300.36879432624113
29246	132.48226950354612	308.87943262411346
29278	386.3829787234042	157.10638297872342
29310	426.0992907801418	263.48936170212767
29341	254.46808510638297	267.74468085106383
29370	416.1702127659574	338.6666666666667
29398	396.31205673758865	293.27659574468083
29428	661.5602836879433	215.2624113475177
29457	523.9716312056737	281.92907801418437
29486	453.04964539007085	332.9929078014184
29514	512.6241134751772	293.27659574468083
29545	567.9432624113475	447.886524822695
29574	421.84397163120565	287.6028368794326
29603	267.2340425531915	656.3971631205674
29634	634.6099290780141	449.30496453900713
29662	593.4751773049645	508.87943262411346
29699	543.8297872340426	487.60283687943263
29727	431.77304964539	296.11347517730496
29755	522.5531914893617	487.60283687943263
29783	494.18439716312054	384.0567375886525
29813	420.42553191489355	443.63120567375887
29843	590.6382978723403	389.7304964539007
29874	627.5177304964539	300.36879432624113
29902	464.3971631205673	237.9574468085106
29933	342.4113475177305	327.3191489361702
29965	782.1276595744681	323.06382978723406
29994	349.5035460992908	381.21985815602835
30025	416.1702127659574	402.4964539007092
30055	400.5673758865248	443.63120567375887
30086	379.2907801418439	254.9787234042553
30117	380.70921985815596	437.95744680851067
30144	270.07092198581563	233.70212765957444
30175	342.4113475177305	331.57446808510633
30205	430.354609929078	452.1418439716312
30235	255.88652482269504	304.6241134751773
30268	199.14893617021278	386.89361702127655
30298	253.0496453900709	235.12056737588648
30330	122.55319148936171	324.4822695035461
30369	217.5886524822695	314.55319148936167
30406	254.46808510638297	164.19858156028369
30436	260.1418439716312	185.47517730496452
30467	375.03546099290776	287.6028368794326
30494	375.03546099290776	287.6028368794326
30521	243.12056737588654	315.9716312056737
30548	352.3404255319149	167.03546099290782
30574	349.5035460992908	396.822695035461
30600	501.2765957446809	240.79432624113474
30632	529.645390070922	310.29787234042556
30659	329.64539007092196	359.94326241134746
30689	329.64539007092196	359.94326241134746
30717	312.6241134751773	228.0283687943262
30745	410.4964539007092	254.9787234042553
30773	424.6808510638297	350.0141843971631
30802	284.2553191489362	281.92907801418437
30827	372.1985815602837	222.35460992907798
30852	383.5460992907801	603.9148936170212
30878	864.3971631205674	13.843971631205672
30906	714.0425531914893	436.5390070921985
30931	199.14893617021278	182.63829787234042
30957	199.14893617021278	182.63829787234042
30983	411.9148936170213	616.6808510638298
31012	746.6666666666666	619.517730496454
31038	648.7943262411347	405.33333333333326
31066	484.25531914893617	392.5673758865248
31089	915.4609929078014	557.1063829787234
31119	792.0567375886525	524.4822695035461
31146	689.9290780141844	267.74468085106383
31171	770.7801418439716	375.5460992907801
31202	742.4113475177304	420.93617021276594
31228	711.2056737588653	445.0496453900709
31252	545.2482269503546	601.0780141843971
31283	584.9645390070922	476.25531914893617
31314	875.7446808510638	447.886524822695
31344	643.1205673758865	256.39716312056737
31369	600.5673758865247	432.2836879432624
31394	601.9858156028369	284.7659574468085
31424	492.76595744680844	263.48936170212767
31450	282.83687943262413	301.78723404255317
31474	662.9787234042552	294.6950354609929
31501	641.7021276595744	310.29787234042556
31527	472.9078014184397	517.3900709219857
31554	711.2056737588653	246.46808510638297
31579	647.3758865248227	392.5673758865248
31606	579.290780141844	157.10638297872342
31632	411.9148936170213	81.9290780141844
31657	525.3900709219857	147.17730496453902
31684	516.8794326241134	147.17730496453902
31713	626.0992907801418	159.94326241134752
31737	560.8510638297872	215.2624113475177
31763	525.3900709219857	89.02127659574468
31789	613.3333333333333	-48.56737588652483
31816	753.7588652482269	220.93617021276594
31841	755.177304964539	192.56737588652481
31868	677.1631205673758	164.19858156028369
31899	714.0425531914893	59.23404255319149
31933	770.7801418439716	25.191489361702125
31968	497.0212765957446	37.95744680851064
32010	868.6524822695035	687.6028368794326
32039	1043.1205673758866	313.13475177304963
32066	1152.340425531915	530.1560283687943
32101	1220.4255319148936	525.9007092198582
32133	1105.5319148936169	382.63829787234044
32166	1312.6241134751772	435.1205673758865
32199	1325.3900709219856	538.6666666666666
32233	1467.2340425531916	481.9290780141844
32261	1175.0354609929077	518.8085106382979
32289	1209.078014184397	486.18439716312054
32317	1153.7588652482268	603.9148936170212
32401	1414.7517730496452	361.36170212765956
32436	1288.5106382978724	379.8014184397163
32470	1264.3971631205673	368.45390070921985
32503	1200.5673758865248	428.02836879432624
32530	1450.212765957447	493.2765957446809
32567	1175.0354609929077	345.7588652482269
32601	1135.3191489361702	520.2269503546099
32633	1241.7021276595742	462.07092198581563
32666	1372.1985815602836	422.354609929078
32699	1169.3617021276596	311.7163120567376
32733	1369.3617021276596	367.0354609929078
32759	1234.6099290780141	401.07801418439715
32788	1216.1702127659576	435.1205673758865
32817	1382.127659574468	477.6737588652482
32850	1464.3971631205675	398.2411347517731
32882	1230.3546099290782	456.39716312056737
32908	1335.3191489361702	487.60283687943263
32933	1245.9574468085107	474.83687943262413
32959	1013.3333333333331	547.177304964539
32986	1091.3475177304963	307.4609929078014
33010	685.6737588652481	169.87234042553192
33037	809.0780141843971	215.2624113475177
33063	750.9219858156027	211.00709219858155
33090	992.0567375886525	242.2127659574468
33115	828.9361702127659	172.70921985815605
33141	926.8085106382979	232.2836879432624
33169	926.8085106382979	439.3758865248227
33199	1264.3971631205673	460.6524822695035
33228	1132.4822695035461	368.45390070921985
33256	1270.0709219858154	335.82978723404256
33288	1077.163120567376	391.1489361702127
33315	1274.3262411347519	467.7446808510638
33342	1274.3262411347519	467.7446808510638
33369	1084.2553191489362	561.3617021276596
33394	1255.8865248226948	555.6879432624114
33425	1043.1205673758866	572.709219858156
33455	1118.2978723404256	672.0
33483	1360.8510638297873	379.8014184397163
33512	1227.5177304964539	368.45390070921985
33541	1282.836879432624	508.87943262411346
33574	1177.8723404255318	674.8368794326242
33609	1047.3758865248226	469.1631205673759
33634	1298.4397163120566	632.2836879432624
33661	1060.1418439716313	74.83687943262412
33688	1167.9432624113474	472.0
33715	929.645390070922	608.1702127659574
33744	1336.7375886524821	605.3333333333333
33772	1376.4539007092199	609.5886524822695
33796	1184.9645390070923	467.7446808510638
33821	1494.1843971631208	430.86524822695037
33847	1420.4255319148936	334.41134751773046
33872	1501.276595744681	606.7517730496454
33898	1545.2482269503546	567.0354609929077
33926	1672.9078014184397	443.63120567375887
33954	1512.6241134751774	460.6524822695035
33982	1531.063829787234	425.19148936170217
34007	1318.2978723404256	578.3829787234042
34032	1173.6170212765958	450.72340425531917
34059	1377.872340425532	625.1914893617021
34083	1387.8014184397164	429.4468085106383
34108	1448.7943262411347	476.25531914893617
34133	1358.0141843971633	433.70212765957444
34160	539.5744680851063	616.6808510638298
34184	601.9858156028369	757.1063829787234
34208	601.9858156028369	757.1063829787234
34235	592.0567375886524	664.9078014184397
34261	566.5248226950355	710.2978723404254
34288	914.0425531914893	772.709219858156
34312	914.0425531914893	772.709219858156
34340	884.2553191489362	637.9574468085107
34365	732.4822695035461	731.5744680851064
34390	709.7872340425532	741.5035460992907
34418	495.6028368794326	757.1063829787234
34442	797.7304964539007	578.3829787234042
34470	755.177304964539	877.6737588652483
34500	694.1843971631205	778.3829787234042
34531	590.6382978723403	795.4042553191489
34555	590.6382978723403	795.4042553191489
34580	687.0921985815602	856.3971631205673
34606	668.6524822695035	491.85815602836874
34634	728.2269503546099	740.0851063829787
34658	772.1985815602836	636.5390070921985
34681	766.5248226950354	735.8297872340426
34704	752.3404255319148	603.9148936170212
34730	653.049645390071	748.595744680851
34754	763.6879432624113	793.9858156028369
34780	651.6312056737589	611.0070921985815
34805	628.9361702127659	711.7163120567375
34831	638.8652482269504	1090.4397163120568
34858	765.1063829787233	775.5460992907801
34883	575.0354609929078	835.1205673758866
34908	575.0354609929078	835.1205673758866
34934	360.8510638297873	667.7446808510638
34961	587.8014184397163	757.1063829787234
34984	760.8510638297872	801.0780141843971
35016	923.9716312056737	738.6666666666666
35041	769.3617021276596	602.4964539007092
35068	539.5744680851063	490.4397163120567
35094	423.2624113475177	530.1560283687943
35120	112.62411347517731	330.1560283687943
35149	112.62411347517731	330.1560283687943
35177	553.7588652482269	297.531914893617
35209	472.9078014184397	350.0141843971631
35237	660.1418439716313	357.1063829787234
35264	45.957446808510646	402.4964539007092
35291	45.957446808510646	402.4964539007092
35318	240.2836879432624	164.19858156028369
35343	594.8936170212766	701.7872340425532
35370	102.69503546099291	521.645390070922
35398	125.39007092198581	262.0709219858156
35421	142.4113475177305	181.21985815602838
35447	409.07801418439715	376.9645390070922
35473	180.70921985815602	464.9078014184397
35501	319.7163120567376	337.2482269503546
35532	312.6241134751773	127.31914893617022
35559	617.5886524822695	376.9645390070922
35584	648.7943262411347	240.79432624113474
35611	648.7943262411347	240.79432624113474
35637	491.3475177304964	368.45390070921985
35664	438.8652482269503	378.3829787234042
35692	438.8652482269503	378.3829787234042
35719	626.0992907801418	270.58156028368796
35745	95.60283687943263	369.87234042553195
35770	460.14184397163115	283.34751773049646
35795	404.822695035461	171.29078014184398
35822	404.822695035461	171.29078014184398
35848	421.84397163120565	157.10638297872342
35875	411.9148936170213	185.47517730496452
35902	916.8794326241134	317.3900709219858
35928	748.0851063829787	253.56028368794324
35953	748.0851063829787	253.56028368794324
35979	733.9007092198582	237.9574468085106
36005	684.2553191489361	196.82269503546098
36030	684.2553191489361	196.82269503546098
36054	321.1347517730497	199.65957446808508
36081	650.2127659574468	242.2127659574468
36104	543.8297872340426	189.73049645390068
36130	487.0921985815603	247.88652482269504
36155	280.0	298.9503546099291
36185	477.16312056737587	145.75886524822695
36209	349.5035460992908	137.24822695035462
36235	443.12056737588654	148.59574468085106
36259	220.4255319148936	323.06382978723406
36285	220.4255319148936	323.06382978723406
36308	440.2836879432624	161.36170212765958
36332	248.79432624113477	223.77304964539007
36357	481.41843971631204	26.609929078014183
36385	586.3829787234042	257.8156028368794
36410	346.6666666666667	72.0
36435	321.1347517730497	111.71631205673759
36461	321.1347517730497	111.71631205673759
36491	280.0	-28.709219858156033
36519	233.19148936170214	274.8368794326241
36546	173.61702127659575	216.6808510638298
36572	292.7659574468085	337.2482269503546
36602	119.71631205673759	162.78014184397165
36628	-40.567375886524815	161.36170212765958
36654	-30.638297872340416	159.94326241134752
36678	85.67375886524823	175.54609929078015
36704	58.72340425531915	47.88652482269503
36731	44.53900709219859	6.75177304964539
36759	55.886524822695044	130.15602836879435
36792	48.794326241134755	104.62411347517731
36821	45.957446808510646	313.13475177304963
36846	138.15602836879435	215.2624113475177
36872	95.60283687943263	179.80141843971631
36901	199.14893617021278	337.2482269503546
36928	227.5177304964539	206.75177304964535
36954	227.5177304964539	206.75177304964535
36978	254.46808510638297	-31.546099290780145
37005	315.4609929078014	59.23404255319149
37032	278.58156028368796	86.18439716312056
37058	158.01418439716315	43.63120567375886
37084	186.38297872340425	174.12765957446808
37116	227.5177304964539	13.843971631205672
37144	282.83687943262413	79.09219858156028
37171	383.5460992907801	382.63829787234044
37198	383.5460992907801	382.63829787234044
37224	332.4822695035461	332.9929078014184
37253	265.81560283687946	-129.41843971631204
37280	414.75177304964535	164.19858156028369
37308	508.3687943262412	16.680851063829788
37338	359.4326241134752	179.80141843971631
37368	440.2836879432624	246.46808510638297
37415	684.2553191489361	22.354609929078016
37441	714.0425531914893	196.82269503546098
37472	658.7234042553191	192.56737588652481
37496	658.7234042553191	192.56737588652481
37525	694.1843971631205	184.05673758865245
37552	617.5886524822695	147.17730496453902
37577	884.2553191489362	260.65248226950354
37603	813.3333333333334	262.0709219858156
37629	784.9645390070922	236.53900709219857
37654	697.0212765957447	306.04255319148933
37685	762.2695035460993	202.4964539007092
37712	746.6666666666666	240.79432624113474
37742	746.6666666666666	240.79432624113474
37771	792.0567375886525	223.77304964539007
37798	790.6382978723404	195.40425531914894
37827	699.8581560283687	311.7163120567376
37857	508.3687943262412	216.6808510638298
37883	836.0283687943262	228.0283687943262
37910	1031.77304964539	57.815602836879435
37936	1149.5035460992908	230.86524822695034
37963	1109.787234042553	364.1985815602837
37995	1160.8510638297873	157.10638297872342
38061	1030.354609929078	131.5744680851064
38090	1160.8510638297873	392.5673758865248
38116	956.5957446808511	111.71631205673759
38142	992.0567375886525	199.65957446808508
38170	1064.3971631205673	263.48936170212767
38201	904.1134751773048	106.04255319148936
38229	610.4964539007092	142.92198581560285
38255	399.1489361702127	250.7234042553191
38287	392.0567375886524	196.82269503546098
38315	258.72340425531917	315.9716312056737
38347	321.1347517730497	358.5248226950354
38385	6.241134751773058	161.36170212765958
38419	243.12056737588654	354.2695035460993
38446	319.7163120567376	290.4397163120567
38473	241.70212765957447	500.36879432624113
38500	123.97163120567377	18.099290780141843
38529	223.26241134751774	237.9574468085106
38556	231.77304964539007	96.11347517730498
38586	214.7517730496454	106.04255319148936
38615	111.20567375886526	403.9148936170212
38643	187.80141843971631	115.97163120567377
38673	149.5035460992908	401.07801418439715
38702	149.5035460992908	401.07801418439715
38738	311.20567375886526	212.42553191489358
38766	311.20567375886526	212.42553191489358
38797	427.51773049645385	378.3829787234042
38850	426.0992907801418	98.95035460992908
38884	382.12765957446805	80.51063829787233
38915	509.7872340425531	257.8156028368794
38942	509.7872340425531	257.8156028368794
38967	620.4255319148936	174.12765957446808
38995	529.645390070922	236.53900709219857
39022	489.9290780141843	158.52482269503548
39048	485.6737588652482	171.29078014184398
39073	523.9716312056737	252.1418439716312
39102	610.4964539007092	354.2695035460993
39130	546.6666666666666	189.73049645390068
39160	417.5886524822694	242.2127659574468
39191	619.0070921985815	232.2836879432624
39216	421.84397163120565	164.19858156028369
39250	553.7588652482269	208.17021276595744
39281	506.9503546099291	186.89361702127658
39307	506.9503546099291	186.89361702127658
39336	623.2624113475177	89.02127659574468
39368	759.4326241134751	90.43971631205675
39394	709.7872340425532	26.609929078014183
39424	580.7092198581561	144.34042553191492
39450	619.0070921985815	274.8368794326241
39481	592.0567375886524	303.2056737588652
39508	940.9929078014184	225.1914893617021
39536	550.9219858156029	291.8581560283688
39562	726.8085106382979	83.34751773049646
39592	657.3049645390071	226.60992907801418
39617	621.8439716312056	253.56028368794324
39648	569.3617021276596	148.59574468085106
39674	597.7304964539006	225.1914893617021
39701	575.0354609929078	208.17021276595744
39731	552.3404255319149	117.39007092198581
39766	697.0212765957447	168.45390070921985
39797	627.5177304964539	222.35460992907798
39825	492.76595744680844	16.680851063829788
39856	492.76595744680844	16.680851063829788
39898	728.2269503546099	405.33333333333326
39932	763.6879432624113	481.9290780141844
39966	706.950354609929	350.0141843971631
40005	453.04964539007085	161.36170212765958
40040	1072.9078014184397	280.51063829787233
40070	482.8368794326241	242.2127659574468
40100	1078.5815602836878	237.9574468085106
40130	624.6808510638298	337.2482269503546
40159	567.9432624113475	313.13475177304963
40190	1057.3049645390072	371.290780141844
40221	970.7801418439716	345.7588652482269
40255	1359.4326241134752	453.56028368794324
40286	1077.163120567376	341.5035460992908
40321	1299.8581560283687	216.6808510638298
40351	1054.4680851063831	391.1489361702127
40380	1201.985815602837	148.59574468085106
40408	1149.5035460992908	354.2695035460993
40439	958.0141843971631	274.8368794326241
40474	688.5106382978723	374.12765957446805
40504	826.0992907801418	304.6241134751773
40537	1158.0141843971633	355.68794326241135
40568	1026.099290780142	423.77304964539
40598	1051.6312056737588	425.19148936170217
40630	1132.4822695035461	623.7730496453901
40660	983.54609929078	508.87943262411346
40691	1209.078014184397	332.9929078014184
40723	1158.0141843971633	401.07801418439715
40751	1038.8652482269501	250.7234042553191
40785	1172.1985815602836	402.4964539007092
40830	1194.8936170212764	413.8439716312057
40863	986.3829787234042	408.17021276595744
40893	986.3829787234042	408.17021276595744
40925	729.645390070922	567.0354609929077
40956	1048.7943262411347	413.8439716312057
40987	1238.8652482269504	426.6099290780142
41018	577.8723404255319	435.1205673758865
41048	783.5460992907801	559.9432624113475
41078	627.5177304964539	364.1985815602837
41108	705.531914893617	554.2695035460993
41138	775.0354609929078	242.2127659574468
41170	610.4964539007092	355.68794326241135
41204	689.9290780141844	341.5035460992908
41238	801.9858156028369	296.11347517730496
41270	692.7659574468084	351.4326241134752
41304	702.6950354609929	347.17730496453896
41339	684.2553191489361	277.6737588652482
41373	872.9078014184397	253.56028368794324
41403	784.9645390070922	313.13475177304963
41434	1020.4255319148936	418.09929078014187
41464	932.482269503546	323.06382978723406
41492	844.5390070921985	161.36170212765958
41523	1184.9645390070923	273.41843971631204
41564	1311.2056737588653	497.531914893617
41599	1311.2056737588653	497.531914893617
41637	1566.5248226950357	504.62411347517724
41667	1543.8297872340427	562.7801418439717
41698	1250.2127659574467	574.127659574468
41729	1414.7517730496452	639.3758865248227
41758	1454.4680851063831	676.2553191489362
41788	1434.6099290780141	593.9858156028369
41820	1575.035460992908	487.60283687943263
41851	1176.4539007092199	365.6170212765957
41884	1417.5886524822695	635.1205673758865
41925	870.0709219858156	518.8085106382979
41956	870.0709219858156	518.8085106382979
41984	972.1985815602836	280.51063829787233
42011	758.014184397163	359.94326241134746
42039	945.2482269503546	276.25531914893617
42068	1277.163120567376	472.0
42094	906.950354609929	462.07092198581563
42118	987.8014184397163	406.7517730496454
42147	759.4326241134751	403.9148936170212
42175	660.1418439716313	402.4964539007092
42204	637.4468085106383	748.595744680851
42235	636.0283687943262	643.6312056737589
42260	749.5035460992907	650.7234042553191
42287	711.2056737588653	575.5460992907801
42312	660.1418439716313	480.5106382978723
42338	404.822695035461	525.9007092198582
42364	467.23404255319144	653.5602836879432
42391	480.0	348.59574468085106
42420	569.3617021276596	504.62411347517724
42447	480.0	459.23404255319144
42472	691.3475177304964	511.71631205673754
42498	611.9148936170212	378.3829787234042
42525	528.2269503546099	460.6524822695035
42549	573.6170212765958	252.1418439716312
42578	575.0354609929078	506.0425531914894
42604	827.5177304964539	474.83687943262413
42634	845.9574468085106	473.41843971631204
42661	853.0496453900709	307.4609929078014
42689	522.5531914893617	344.3404255319149
42715	735.3191489361702	257.8156028368794
42742	769.3617021276596	374.12765957446805
42768	728.2269503546099	321.64539007092196
42793	762.2695035460993	290.4397163120567
42820	922.5531914893617	413.8439716312057
42848	911.2056737588651	211.00709219858155
42875	976.4539007092197	314.55319148936167
42905	1003.4042553191489	198.24113475177302
42938	779.2907801418439	508.87943262411346
42973	762.2695035460993	311.7163120567376
43000	810.4964539007092	317.3900709219858
43028	855.886524822695	411.0070921985815
43058	906.950354609929	220.93617021276594
43084	858.7234042553191	396.822695035461
43118	675.7446808510638	293.27659574468083
43147	923.9716312056737	269.16312056737587
43185	898.4397163120567	56.39716312056737
43221	1001.985815602837	267.74468085106383
43260	722.5531914893617	289.02127659574467
43294	653.049645390071	274.8368794326241
43329	901.2765957446808	267.74468085106383
43366	790.6382978723404	420.93617021276594
43401	902.6950354609928	232.2836879432624
43438	1027.5177304964539	328.73758865248226
43476	936.7375886524823	218.09929078014184
43519	889.9290780141844	103.20567375886525
43556	861.5602836879432	123.06382978723404
43593	1014.7517730496454	148.59574468085106
43627	481.41843971631204	161.36170212765958
43661	627.5177304964539	413.8439716312057
43697	485.6737588652482	352.8510638297872
43731	373.6170212765957	351.4326241134752
43766	453.04964539007085	338.6666666666667
43801	363.68794326241135	303.2056737588652
43836	397.7304964539007	186.89361702127658
43949	445.9574468085106	222.35460992907798
44009	210.49645390070924	237.9574468085106
44068	399.1489361702127	230.86524822695034
44118	387.80141843971626	306.04255319148933
44163	488.51063829787233	223.77304964539007
44212	213.33333333333334	422.354609929078
44258	494.18439716312054	422.354609929078
44300	563.6879432624113	347.17730496453896
44341	375.03546099290776	476.25531914893617
44378	528.2269503546099	254.9787234042553
44422	370.78014184397165	341.5035460992908
44458	360.8510638297873	266.32624113475174
44494	643.1205673758865	384.0567375886525
44533	526.8085106382978	368.45390070921985
44572	621.8439716312056	351.4326241134752
44609	813.3333333333334	731.5744680851064
44646	600.5673758865247	365.6170212765957
44682	519.7163120567375	437.95744680851067
44717	752.3404255319148	613.8439716312057
44756	480.0	454.9787234042553
44801	519.7163120567375	486.18439716312054
44847	558.0141843971631	395.40425531914894
44891	1001.985815602837	415.26241134751774
44927	1014.7517730496454	515.9716312056737
44967	1251.6312056737588	576.9645390070922
45007	1233.1914893617022	450.72340425531917
45042	1194.8936170212764	401.07801418439715
45083	1084.2553191489362	493.2765957446809
45126	940.9929078014184	361.36170212765956
45165	1121.1347517730496	313.13475177304963
45205	921.1347517730496	201.07801418439718
45243	948.0851063829787	101.78723404255321
45280	1480.0000000000002	489.02127659574467
45320	1409.078014184397	575.5460992907801
45361	1393.4751773049645	547.177304964539
45399	1461.5602836879434	521.645390070922
45436	1518.2978723404258	464.9078014184397
45475	1298.4397163120566	643.6312056737589
45518	1183.54609929078	646.468085106383
45565	1423.2624113475176	364.1985815602837
45609	1382.127659574468	586.8936170212767
45651	1641.7021276595747	396.822695035461
45693	1457.3049645390072	649.3049645390071
45734	1417.5886524822695	531.5744680851064
45779	1444.5390070921985	632.2836879432624
45815	1312.6241134751772	703.2056737588653
45848	1329.645390070922	308.87943262411346
45893	1023.2624113475177	115.97163120567377
45929	706.950354609929	361.36170212765956
45962	1233.1914893617022	355.68794326241135
45999	1101.276595744681	247.88652482269504
46034	928.2269503546099	376.9645390070922
46070	1101.276595744681	378.3829787234042
46105	518.2978723404254	574.127659574468
46139	600.5673758865247	423.77304964539
46177	461.56028368794324	367.0354609929078
46216	526.8085106382978	503.2056737588652
46257	857.3049645390071	447.886524822695
46300	940.9929078014184	517.3900709219857
46338	1014.7517730496454	437.95744680851067
46371	1142.4113475177305	298.9503546099291
46413	1183.54609929078	639.3758865248227
46455	1555.1773049645392	436.5390070921985
46499	606.241134751773	257.8156028368794
46537	509.7872340425531	359.94326241134746
46574	472.9078014184397	267.74468085106383
46606	392.0567375886524	375.5460992907801
46641	410.4964539007092	395.40425531914894
46679	352.3404255319149	483.34751773049646
46715	1474.326241134752	544.3404255319149
46748	1575.035460992908	497.531914893617
46785	580.7092198581561	544.3404255319149
46820	1044.5390070921985	385.4751773049645
46854	1190.6382978723404	572.709219858156
46887	1248.7943262411347	559.9432624113475
46919	1023.2624113475177	567.0354609929077
46952	980.709219858156	693.2765957446809
46985	898.4397163120567	338.6666666666667
47019	1135.3191489361702	507.4609929078014
47054	1365.1063829787233	218.09929078014184
47087	1189.2198581560283	264.9078014184397
47119	1058.723404255319	439.3758865248227
47155	1255.8865248226948	454.9787234042553
47187	1119.7163120567375	426.6099290780142
47222	1119.7163120567375	426.6099290780142
47257	1326.8085106382978	559.9432624113475
47290	1219.0070921985816	662.0709219858156
47321	1514.0425531914893	652.1418439716311
47355	1363.6879432624114	530.1560283687943
47386	1231.77304964539	466.32624113475174
47416	1428.9361702127658	382.63829787234044
47448	1362.2695035460993	541.5035460992907
47476	1280.0	637.9574468085107
47506	1132.4822695035461	635.1205673758865
47537	952.3404255319149	276.25531914893617
47568	1010.4964539007091	548.595744680851
47599	1010.4964539007091	548.595744680851
47630	1332.4822695035461	681.9290780141844
47666	1159.4326241134752	470.58156028368796
47700	1400.5673758865246	639.3758865248227
47725	1285.6737588652484	452.1418439716312
47750	1221.8439716312057	653.5602836879432
47783	1220.4255319148936	578.3829787234042
47808	1250.2127659574467	528.7375886524823
47833	1257.3049645390072	542.9219858156027
47859	1214.7517730496454	547.177304964539
47899	1231.77304964539	514.5531914893617
47934	1251.6312056737588	609.5886524822695
47959	1353.7588652482268	636.5390070921985
47989	1094.1843971631204	480.5106382978723
48016	1281.418439716312	657.8156028368794
48049	1238.8652482269504	730.1560283687943
48084	1162.2695035460993	654.9787234042552
48120	1480.0000000000002	730.1560283687943
48151	766.5248226950354	401.07801418439715
48183	1389.2198581560285	557.1063829787234
48210	1250.2127659574467	615.2624113475177
48240	1236.0283687943263	636.5390070921985
48270	1230.3546099290782	575.5460992907801
48297	1230.3546099290782	575.5460992907801
48327	1136.7375886524821	477.6737588652482
48356	714.0425531914893	357.1063829787234
48385	992.0567375886525	392.5673758865248
48416	1360.8510638297873	596.8226950354609
48442	848.7943262411347	420.93617021276594
48470	958.0141843971631	334.41134751773046
48498	1413.3333333333333	376.9645390070922
48524	1363.6879432624114	457.8156028368794
48550	1329.645390070922	544.3404255319149
48578	1311.2056737588653	548.595744680851
48617	1593.4751773049647	454.9787234042553
48646	1155.177304964539	332.9929078014184
48677	1380.709219858156	731.5744680851064
48710	1332.4822695035461	754.2695035460993
48739	1340.9929078014184	731.5744680851064
48766	1340.9929078014184	731.5744680851064
48794	1253.0496453900707	337.2482269503546
48821	1251.6312056737588	428.02836879432624
48851	1440.2836879432623	554.2695035460993
