time	x	y
1	543.8297872340426	402.4964539007092
27	662.9787234042552	334.41134751773046
52	681.418439716312	567.0354609929077
77	706.950354609929	479.09219858156024
101	746.6666666666666	527.3191489361702
125	704.113475177305	537.2482269503546
147	613.3333333333333	423.77304964539
170	508.3687943262412	457.8156028368794
194	508.3687943262412	457.8156028368794
219	505.53191489361706	382.63829787234044
251	587.8014184397163	554.2695035460993
275	628.9361702127659	429.4468085106383
300	583.5460992907801	385.4751773049645
325	583.5460992907801	385.4751773049645
349	563.6879432624113	280.51063829787233
381	566.5248226950355	415.26241134751774
412	462.9787234042553	396.822695035461
434	611.9148936170212	385.4751773049645
458	536.7375886524823	423.77304964539
481	543.8297872340426	498.95035460992904
511	653.049645390071	464.9078014184397
544	779.2907801418439	226.60992907801418
579	626.0992907801418	381.21985815602835
611	589.2198581560283	289.02127659574467
644	508.3687943262412	382.63829787234044
679	431.77304964539	374.12765957446805
712	431.77304964539	374.12765957446805
744	367.9432624113475	396.822695035461
779	365.1063829787234	345.7588652482269
811	359.4326241134752	327.3191489361702
844	342.4113475177305	429.4468085106383
900	404.822695035461	219.51773049645388
934	488.51063829787233	589.7304964539007
960	414.75177304964535	266.32624113475174
994	306.9503546099291	313.13475177304963
1022	454.46808510638294	384.0567375886525
1048	454.46808510638294	384.0567375886525
1078	420.42553191489355	118.80851063829788
1104	340.9929078014184	72.0
1139	394.89361702127655	84.7659574468085
1166	387.80141843971626	179.80141843971631
1193	323.9716312056738	131.5744680851064
1223	270.07092198581563	247.88652482269504
1249	437.4468085106383	479.09219858156024
1274	323.9716312056738	174.12765957446808
1302	292.7659574468085	184.05673758865245
1329	275.74468085106383	342.92198581560285
1357	352.3404255319149	308.87943262411346
1394	333.90070921985813	354.2695035460993
1429	411.9148936170213	150.01418439716312
1461	419.0070921985815	188.31205673758865
1496	404.822695035461	120.22695035460993
1528	305.53191489361706	348.59574468085106
1568	373.6170212765957	272.0
1610	482.8368794326241	446.46808510638294
1644	702.6950354609929	159.94326241134752
1678	640.2836879432624	359.94326241134746
1711	685.6737588652481	199.65957446808508
1744	685.6737588652481	199.65957446808508
1777	515.4609929078014	283.34751773049646
1812	695.6028368794326	216.6808510638298
1841	410.4964539007092	243.63120567375884
1870	664.3971631205673	270.58156028368796
1898	719.7163120567376	354.2695035460993
1927	626.0992907801418	403.9148936170212
1955	647.3758865248227	257.8156028368794
1985	468.65248226950354	135.82978723404256
2014	709.7872340425532	215.2624113475177
2042	606.241134751773	155.68794326241135
2073	606.241134751773	155.68794326241135
2100	552.3404255319149	306.04255319148933
2129	404.822695035461	382.63829787234044
2160	427.51773049645385	235.12056737588648
2197	540.9929078014184	283.34751773049646
2228	580.7092198581561	242.2127659574468
2261	379.2907801418439	398.2411347517731
2294	638.8652482269504	188.31205673758865
2329	722.5531914893617	229.4468085106383
2364	662.9787234042552	294.6950354609929
2401	667.2340425531914	355.68794326241135
2434	444.5390070921986	304.6241134751773
2462	440.2836879432624	422.354609929078
2492	383.5460992907801	291.8581560283688
2527	301.27659574468083	403.9148936170212
2562	342.4113475177305	283.34751773049646
2591	355.177304964539	297.531914893617
2618	458.7234042553191	320.2269503546099
2645	458.7234042553191	320.2269503546099
2677	350.92198581560285	334.41134751773046
2711	521.1347517730496	359.94326241134746
2744	706.950354609929	287.6028368794326
2777	633.1914893617021	203.91489361702125
2812	633.1914893617021	203.91489361702125
2844	519.7163120567375	351.4326241134752
2877	653.049645390071	230.86524822695034
2906	462.9787234042553	334.41134751773046
2935	640.2836879432624	395.40425531914894
2966	772.1985815602836	307.4609929078014
2998	705.531914893617	342.92198581560285
3028	840.2836879432624	280.51063829787233
3057	793.4751773049645	445.0496453900709
3087	701.2765957446808	342.92198581560285
3115	752.3404255319148	433.70212765957444
3144	752.3404255319148	433.70212765957444
3178	677.1631205673758	362.7801418439716
3211	773.6170212765957	254.9787234042553
3245	631.7730496453901	391.1489361702127
3278	582.1276595744681	354.2695035460993
3311	558.0141843971631	315.9716312056737
3345	637.4468085106383	335.82978723404256
3377	329.64539007092196	327.3191489361702
3412	624.6808510638298	276.25531914893617
3444	502.6950354609929	409.5886524822695
3477	373.6170212765957	291.8581560283688
3511	331.06382978723406	266.32624113475174
3544	352.3404255319149	379.8014184397163
3573	410.4964539007092	324.4822695035461
3611	410.4964539007092	418.09929078014187
3644	358.01418439716315	301.78723404255317
3679	437.4468085106383	335.82978723404256
3712	480.0	632.2836879432624
3744	280.0	551.4326241134752
3773	292.7659574468085	552.8510638297872
3798	325.3900709219858	467.7446808510638
3825	515.4609929078014	676.2553191489362
3850	437.4468085106383	599.6595744680851
3876	682.8368794326241	273.41843971631204
3900	726.8085106382979	447.886524822695
3925	695.6028368794326	409.5886524822695
3949	599.1489361702127	237.9574468085106
3980	637.4468085106383	264.9078014184397
4012	594.8936170212766	158.52482269503548
4042	650.2127659574468	300.36879432624113
4065	604.8226950354609	202.4964539007092
4093	714.0425531914893	317.3900709219858
4115	714.0425531914893	317.3900709219858
4140	684.2553191489361	178.38297872340428
4162	601.9858156028369	209.58865248226948
4187	722.5531914893617	300.36879432624113
4211	722.5531914893617	300.36879432624113
4237	529.645390070922	164.19858156028369
4261	733.9007092198582	130.15602836879435
4295	560.8510638297872	216.6808510638298
4328	436.02836879432624	84.7659574468085
4361	640.2836879432624	144.34042553191492
4394	288.51063829787233	293.27659574468083
4428	421.84397163120565	135.82978723404256
4455	421.84397163120565	135.82978723404256
4481	397.7304964539007	273.41843971631204
4505	474.32624113475174	317.3900709219858
4534	318.29787234042556	272.0
4562	318.29787234042556	272.0
4592	268.65248226950354	253.56028368794324
4617	285.67375886524826	379.8014184397163
4649	233.19148936170214	291.8581560283688
4679	264.39716312056737	294.6950354609929
4704	331.06382978723406	308.87943262411346
4731	203.40425531914894	490.4397163120567
4758	203.40425531914894	490.4397163120567
4794	336.73758865248226	355.68794326241135
4828	375.03546099290776	334.41134751773046
4852	375.03546099290776	334.41134751773046
4879	397.7304964539007	388.3120567375886
4910	228.93617021276597	398.2411347517731
4946	268.65248226950354	359.94326241134746
4978	481.41843971631204	364.1985815602837
5003	230.35460992907804	72.0
5027	350.92198581560285	284.7659574468085
5061	461.56028368794324	391.1489361702127
5094	389.21985815602835	422.354609929078
5117	444.5390070921986	420.93617021276594
5145	331.06382978723406	313.13475177304963
5177	321.1347517730497	328.73758865248226
5205	328.2269503546099	338.6666666666667
5231	370.78014184397165	354.2695035460993
5258	399.1489361702127	246.46808510638297
5294	505.53191489361706	443.63120567375887
5327	348.0851063829787	406.7517730496454
5362	87.0921985815603	266.32624113475174
5394	200.56737588652481	365.6170212765957
5429	204.82269503546098	147.17730496453902
5455	159.43262411347519	303.2056737588652
5482	116.87943262411349	358.5248226950354
5507	331.06382978723406	273.41843971631204
5532	267.2340425531915	233.70212765957444
5564	511.20567375886515	212.42553191489358
5597	377.8723404255319	323.06382978723406
5626	358.01418439716315	311.7163120567376
5653	173.61702127659575	395.40425531914894
5679	219.00709219858157	281.92907801418437
5703	203.40425531914894	372.709219858156
5727	135.31914893617022	262.0709219858156
5752	355.177304964539	354.2695035460993
5781	199.14893617021278	415.26241134751774
5806	311.20567375886526	381.21985815602835
5831	311.20567375886526	381.21985815602835
5861	285.67375886524826	150.01418439716312
5894	267.2340425531915	327.3191489361702
5918	182.12765957446808	327.3191489361702
5950	234.6099290780142	355.68794326241135
5977	122.55319148936171	415.26241134751774
6002	122.55319148936171	415.26241134751774
6030	194.8936170212766	381.21985815602835
6062	358.01418439716315	239.3758865248227
6092	184.96453900709218	212.42553191489358
6128	308.36879432624113	450.72340425531917
6160	158.01418439716315	440.79432624113474
6194	153.75886524822695	338.6666666666667
6227	338.15602836879435	260.65248226950354
6262	406.241134751773	286.18439716312054
6286	424.6808510638297	297.531914893617
6311	434.60992907801415	352.8510638297872
6338	434.60992907801415	352.8510638297872
6414	278.58156028368796	403.9148936170212
6449	450.2127659574468	218.09929078014184
6477	460.14184397163115	141.5035460992908
6507	525.3900709219857	118.80851063829788
6534	587.8014184397163	209.58865248226948
6558	758.014184397163	40.79432624113475
6586	461.56028368794324	167.03546099290782
6613	772.1985815602836	171.29078014184398
6641	521.1347517730496	209.58865248226948
6668	692.7659574468084	203.91489361702125
6693	497.0212765957446	118.80851063829788
6719	443.12056737588654	301.78723404255317
6746	394.89361702127655	315.9716312056737
6772	274.3262411347518	240.79432624113474
6796	356.5957446808511	277.6737588652482
6824	322.5531914893617	350.0141843971631
6847	416.1702127659574	296.11347517730496
6873	409.07801418439715	426.6099290780142
6898	403.40425531914894	408.17021276595744
6923	264.39716312056737	140.08510638297872
6949	488.51063829787233	254.9787234042553
6973	277.1631205673759	497.531914893617
6999	277.1631205673759	497.531914893617
7022	438.8652482269503	243.63120567375884
7045	438.8652482269503	243.63120567375884
7068	352.3404255319149	135.82978723404256
7094	340.9929078014184	206.75177304964535
7118	346.6666666666667	107.46099290780143
7146	445.9574468085106	308.87943262411346
7175	445.9574468085106	308.87943262411346
7205	338.15602836879435	219.51773049645388
7231	267.2340425531915	352.8510638297872
7256	322.5531914893617	464.9078014184397
7282	340.9929078014184	408.17021276595744
7308	189.21985815602838	398.2411347517731
7335	189.21985815602838	398.2411347517731
7363	314.0425531914894	181.21985815602838
7396	563.6879432624113	262.0709219858156
7419	386.3829787234042	259.23404255319144
7447	386.3829787234042	259.23404255319144
7477	389.21985815602835	313.13475177304963
7511	533.9007092198581	294.6950354609929
7544	458.7234042553191	172.70921985815605
7579	565.1063829787234	481.9290780141844
7612	502.6950354609929	443.63120567375887
7638	502.6950354609929	443.63120567375887
7661	478.5815602836879	491.85815602836874
7694	512.6241134751772	263.48936170212767
7728	620.4255319148936	301.78723404255317
7760	640.2836879432624	243.63120567375884
7794	655.886524822695	293.27659574468083
7827	725.3900709219859	325.9007092198582
7861	577.8723404255319	301.78723404255317
7887	640.2836879432624	232.2836879432624
7911	640.2836879432624	232.2836879432624
7934	880.0	313.13475177304963
7961	733.9007092198582	347.17730496453896
7996	672.9078014184396	432.2836879432624
8023	840.2836879432624	364.1985815602837
8048	772.1985815602836	330.1560283687943
8074	763.6879432624113	443.63120567375887
8099	619.0070921985815	426.6099290780142
8127	902.6950354609928	368.45390070921985
8161	664.3971631205673	392.5673758865248
8194	760.8510638297872	332.9929078014184
8227	674.3262411347517	327.3191489361702
8261	760.8510638297872	335.82978723404256
8294	731.063829787234	371.290780141844
8327	861.5602836879432	252.1418439716312
8362	661.5602836879433	436.5390070921985
8394	749.5035460992907	208.17021276595744
8428	594.8936170212766	320.2269503546099
8461	780.709219858156	242.2127659574468
8495	850.2127659574468	335.82978723404256
8537	694.1843971631205	381.21985815602835
8565	604.8226950354609	435.1205673758865
8594	616.1702127659574	311.7163120567376
8627	783.5460992907801	324.4822695035461
8650	807.6595744680851	369.87234042553195
8674	807.6595744680851	369.87234042553195
8698	766.5248226950354	345.7588652482269
8727	600.5673758865247	267.74468085106383
8762	644.5390070921986	338.6666666666667
8792	644.5390070921986	338.6666666666667
8816	619.0070921985815	450.72340425531917
8842	365.1063829787234	367.0354609929078
8879	609.0780141843971	162.78014184397165
8908	638.8652482269504	298.9503546099291
8933	542.4113475177304	280.51063829787233
8961	488.51063829787233	324.4822695035461
8987	485.6737588652482	351.4326241134752
9013	389.21985815602835	330.1560283687943
9043	434.60992907801415	335.82978723404256
9069	523.9716312056737	230.86524822695034
9092	460.14184397163115	306.04255319148933
9118	308.36879432624113	260.65248226950354
9145	308.36879432624113	260.65248226950354
9169	521.1347517730496	203.91489361702125
9195	542.4113475177304	300.36879432624113
9219	499.85815602836874	368.45390070921985
9244	338.15602836879435	184.05673758865245
9277	392.0567375886524	147.17730496453902
9312	400.5673758865248	168.45390070921985
9344	250.2127659574468	235.12056737588648
9378	468.65248226950354	199.65957446808508
9403	443.12056737588654	87.60283687943262
9431	748.0851063829787	202.4964539007092
9455	697.0212765957447	239.3758865248227
9481	697.0212765957447	239.3758865248227
9507	677.1631205673758	290.4397163120567
9533	706.950354609929	209.58865248226948
9560	786.3829787234042	273.41843971631204
9590	684.2553191489361	273.41843971631204
9615	800.5673758865248	232.2836879432624
9642	915.4609929078014	327.3191489361702
9668	758.014184397163	236.53900709219857
9695	756.595744680851	264.9078014184397
9722	716.8794326241135	233.70212765957444
9749	716.8794326241135	233.70212765957444
9778	687.0921985815602	313.13475177304963
9804	213.33333333333334	489.02127659574467
9832	87.0921985815603	462.07092198581563
9859	87.0921985815603	462.07092198581563
9883	149.5035460992908	649.3049645390071
9911	526.8085106382978	575.5460992907801
9944	723.9716312056738	496.11347517730496
9969	662.9787234042552	611.0070921985815
9995	770.7801418439716	565.6170212765958
10022	770.7801418439716	565.6170212765958
10047	834.6099290780141	384.0567375886525
10077	911.2056737588651	344.3404255319149
10110	950.9219858156029	354.2695035460993
10137	895.6028368794325	498.95035460992904
10166	940.9929078014184	331.57446808510633
10196	940.9929078014184	331.57446808510633
10225	769.3617021276596	395.40425531914894
10252	999.1489361702127	220.93617021276594
10278	755.177304964539	368.45390070921985
10304	966.5248226950355	159.94326241134752
10333	780.709219858156	459.23404255319144
10362	844.5390070921985	396.822695035461
10392	844.5390070921985	396.822695035461
10419	794.8936170212766	184.05673758865245
10448	955.177304964539	315.9716312056737
10475	756.595744680851	300.36879432624113
10505	827.5177304964539	325.9007092198582
10532	898.4397163120567	277.6737588652482
10564	898.4397163120567	277.6737588652482
10591	958.0141843971631	320.2269503546099
10627	810.4964539007092	415.26241134751774
10657	854.468085106383	388.3120567375886
10688	1001.985815602837	306.04255319148933
10717	1019.0070921985814	456.39716312056737
10745	935.3191489361702	359.94326241134746
10773	860.1418439716311	342.92198581560285
10799	831.77304964539	315.9716312056737
10828	926.8085106382979	442.2127659574468
10860	877.1631205673759	369.87234042553195
10889	877.1631205673759	369.87234042553195
10919	1033.191489361702	527.3191489361702
10946	806.2411347517731	341.5035460992908
10975	701.2765957446808	332.9929078014184
11002	590.6382978723403	330.1560283687943
11034	484.25531914893617	384.0567375886525
11063	633.1914893617021	350.0141843971631
11093	620.4255319148936	342.92198581560285
11120	596.3120567375886	514.5531914893617
11148	570.7801418439716	447.886524822695
11178	416.1702127659574	298.9503546099291
11204	498.4397163120567	358.5248226950354
11232	550.9219858156029	209.58865248226948
11261	550.9219858156029	209.58865248226948
11294	397.7304964539007	318.80851063829783
11327	345.2482269503546	412.42553191489367
11362	465.8156028368794	269.16312056737587
11394	538.1560283687943	411.0070921985815
11427	458.7234042553191	447.886524822695
11461	461.56028368794324	367.0354609929078
11494	472.9078014184397	388.3120567375886
11529	499.85815602836874	318.80851063829783
11561	265.81560283687946	250.7234042553191
11594	265.81560283687946	250.7234042553191
11628	340.9929078014184	430.86524822695037
11659	485.6737588652482	272.0
11694	481.41843971631204	479.09219858156024
11729	353.758865248227	196.82269503546098
11758	228.93617021276597	437.95744680851067
11787	189.21985815602838	395.40425531914894
11815	278.58156028368796	301.78723404255317
11905	379.2907801418439	283.34751773049646
11944	497.0212765957446	308.87943262411346
11979	428.93617021276594	175.54609929078015
12016	180.70921985815602	230.86524822695034
12057	394.89361702127655	215.2624113475177
12086	509.7872340425531	269.16312056737587
12116	289.92907801418437	239.3758865248227
12145	525.3900709219857	308.87943262411346
12172	498.4397163120567	364.1985815602837
12210	373.6170212765957	263.48936170212767
12236	274.3262411347518	396.822695035461
12264	245.95744680851064	433.70212765957444
12290	404.822695035461	385.4751773049645
12317	380.70921985815596	206.75177304964535
12343	380.70921985815596	206.75177304964535
12371	349.5035460992908	391.1489361702127
12399	433.1914893617021	358.5248226950354
12430	253.0496453900709	359.94326241134746
12459	419.0070921985815	223.77304964539007
12486	384.9645390070921	364.1985815602837
12516	308.36879432624113	325.9007092198582
12544	210.49645390070924	428.02836879432624
12573	366.5248226950354	423.77304964539
12601	477.16312056737587	385.4751773049645
12632	426.0992907801418	303.2056737588652
12661	356.5957446808511	382.63829787234044
12690	311.20567375886526	481.9290780141844
12720	480.0	401.07801418439715
12750	417.5886524822694	463.48936170212767
12781	506.9503546099291	384.0567375886525
12811	540.9929078014184	537.2482269503546
12838	393.4751773049645	540.0851063829787
12866	458.7234042553191	551.4326241134752
12894	538.1560283687943	372.709219858156
12922	468.65248226950354	371.290780141844
12951	298.43971631205676	321.64539007092196
12979	482.8368794326241	215.2624113475177
13007	501.2765957446809	142.92198581560285
13035	597.7304964539006	351.4326241134752
13063	407.6595744680851	301.78723404255317
13091	431.77304964539	169.87234042553192
13119	416.1702127659574	422.354609929078
13148	416.1702127659574	332.9929078014184
13177	416.1702127659574	332.9929078014184
13203	610.4964539007092	396.822695035461
13233	657.3049645390071	186.89361702127658
13260	556.595744680851	432.2836879432624
13288	678.5815602836878	219.51773049645388
13317	599.1489361702127	504.62411347517724
13346	455.886524822695	294.6950354609929
13376	455.886524822695	294.6950354609929
13402	580.7092198581561	230.86524822695034
13432	641.7021276595744	294.6950354609929
13461	705.531914893617	101.78723404255321
13490	577.8723404255319	225.1914893617021
13520	682.8368794326241	266.32624113475174
13552	826.0992907801418	289.02127659574467
13586	274.3262411347518	236.53900709219857
13622	352.3404255319149	315.9716312056737
13652	495.6028368794326	351.4326241134752
13679	525.3900709219857	188.31205673758865
13710	543.8297872340426	270.58156028368796
13737	339.5744680851064	223.77304964539007
13766	502.6950354609929	169.87234042553192
13796	454.46808510638294	252.1418439716312
13828	318.29787234042556	270.58156028368796
13852	376.4539007092198	195.40425531914894
13878	420.42553191489355	290.4397163120567
13904	383.5460992907801	298.9503546099291
13931	244.53900709219857	428.02836879432624
13956	314.0425531914894	314.55319148936167
13980	257.3049645390071	324.4822695035461
14005	257.3049645390071	324.4822695035461
14031	377.8723404255319	286.18439716312054
14058	526.8085106382978	481.9290780141844
14080	760.8510638297872	401.07801418439715
14105	349.5035460992908	496.11347517730496
14128	684.2553191489361	524.4822695035461
14150	287.09219858156024	447.886524822695
14175	508.3687943262412	296.11347517730496
14201	870.0709219858156	283.34751773049646
14227	353.758865248227	345.7588652482269
14252	489.9290780141843	290.4397163120567
14276	518.2978723404254	340.0851063829787
14300	650.2127659574468	430.86524822695037
14330	563.6879432624113	418.09929078014187
14355	708.3687943262411	310.29787234042556
14381	315.4609929078014	338.6666666666667
14408	301.27659574468083	467.7446808510638
14433	433.1914893617021	335.82978723404256
14460	443.12056737588654	211.00709219858155
14488	443.12056737588654	211.00709219858155
14514	411.9148936170213	395.40425531914894
14539	603.4042553191489	301.78723404255317
14566	559.4326241134752	392.5673758865248
14593	372.1985815602837	313.13475177304963
14620	441.70212765957444	510.2978723404255
14644	494.18439716312054	517.3900709219857
14669	115.46099290780143	514.5531914893617
14694	302.6950354609929	524.4822695035461
14722	467.23404255319144	498.95035460992904
14748	672.9078014184396	460.6524822695035
14774	583.5460992907801	423.77304964539
14799	532.482269503546	540.0851063829787
14830	644.5390070921986	500.36879432624113
14860	584.9645390070922	484.7659574468085
14888	584.9645390070922	484.7659574468085
14914	499.85815602836874	368.45390070921985
14939	714.0425531914893	511.71631205673754
14966	584.9645390070922	399.6595744680851
14990	644.5390070921986	567.0354609929077
15015	644.5390070921986	567.0354609929077
15041	716.8794326241135	470.58156028368796
15065	394.89361702127655	506.0425531914894
15093	434.60992907801415	368.45390070921985
15120	514.0425531914893	246.46808510638297
15151	518.2978723404254	323.06382978723406
15185	379.2907801418439	554.2695035460993
15215	563.6879432624113	355.68794326241135
15243	617.5886524822695	301.78723404255317
15270	482.8368794326241	252.1418439716312
15294	765.1063829787233	437.95744680851067
15322	732.4822695035461	337.2482269503546
15346	732.4822695035461	337.2482269503546
15372	809.0780141843971	418.09929078014187
15398	728.2269503546099	335.82978723404256
15427	823.2624113475176	367.0354609929078
15454	823.2624113475176	367.0354609929078
15480	664.3971631205673	341.5035460992908
15508	814.7517730496454	274.8368794326241
15534	784.9645390070922	209.58865248226948
15559	820.4255319148936	280.51063829787233
15586	616.1702127659574	418.09929078014187
15610	780.709219858156	457.8156028368794
15636	738.1560283687943	162.78014184397165
15661	729.645390070922	279.0921985815603
15688	729.645390070922	279.0921985815603
15713	811.9148936170213	256.39716312056737
15739	472.9078014184397	335.82978723404256
15766	572.1985815602837	440.79432624113474
15794	521.1347517730496	415.26241134751774
15821	521.1347517730496	415.26241134751774
15848	360.8510638297873	381.21985815602835
15874	492.76595744680844	262.0709219858156
15900	740.9929078014184	203.91489361702125
15930	630.354609929078	307.4609929078014
15958	650.2127659574468	358.5248226950354
15986	699.8581560283687	267.74468085106383
16014	780.709219858156	293.27659574468083
16041	759.4326241134751	269.16312056737587
16066	675.7446808510638	212.42553191489358
16094	694.1843971631205	425.19148936170217
16121	694.1843971631205	425.19148936170217
16144	758.014184397163	476.25531914893617
16172	702.6950354609929	269.16312056737587
16197	702.6950354609929	259.23404255319144
16221	606.241134751773	386.89361702127655
16248	742.4113475177304	350.0141843971631
16275	756.595744680851	254.9787234042553
16300	722.5531914893617	369.87234042553195
16329	681.418439716312	354.2695035460993
16355	681.418439716312	354.2695035460993
16378	694.1843971631205	331.57446808510633
16408	458.7234042553191	452.1418439716312
16433	499.85815602836874	457.8156028368794
16460	617.5886524822695	364.1985815602837
16488	617.5886524822695	364.1985815602837
16515	637.4468085106383	262.0709219858156
16540	704.113475177305	384.0567375886525
16566	704.113475177305	384.0567375886525
16592	682.8368794326241	287.6028368794326
16620	299.8581560283688	412.42553191489367
16646	658.7234042553191	266.32624113475174
16672	331.06382978723406	405.33333333333326
16700	311.20567375886526	376.9645390070922
16724	219.00709219858157	267.74468085106383
16752	318.29787234042556	341.5035460992908
16782	467.23404255319144	391.1489361702127
16813	558.0141843971631	293.27659574468083
16846	217.5886524822695	445.0496453900709
16870	217.5886524822695	445.0496453900709
16893	444.5390070921986	252.1418439716312
16922	413.33333333333326	193.98581560283688
16950	441.70212765957444	334.41134751773046
16977	314.0425531914894	367.0354609929078
17005	345.2482269503546	347.17730496453896
17029	345.2482269503546	347.17730496453896
17053	428.93617021276594	398.2411347517731
17081	406.241134751773	257.8156028368794
17108	233.19148936170214	350.0141843971631
17132	372.1985815602837	351.4326241134752
17158	318.29787234042556	245.04964539007094
17182	358.01418439716315	249.30496453900707
17208	319.7163120567376	247.88652482269504
17236	319.7163120567376	247.88652482269504
17258	390.6382978723404	337.2482269503546
17285	362.2695035460993	225.1914893617021
17314	274.3262411347518	328.73758865248226
17341	410.4964539007092	388.3120567375886
17369	417.5886524822694	425.19148936170217
17395	489.9290780141843	388.3120567375886
17420	491.3475177304964	364.1985815602837
17444	392.0567375886524	413.8439716312057
17468	562.2695035460993	472.0
17495	526.8085106382978	415.26241134751774
17527	491.3475177304964	195.40425531914894
17551	565.1063829787234	225.1914893617021
17577	453.04964539007085	256.39716312056737
17605	519.7163120567375	142.92198581560285
17707	538.1560283687943	388.3120567375886
17746	219.00709219858157	531.5744680851064
17787	343.82978723404256	582.6382978723404
17828	163.68794326241135	679.0921985815603
17873	697.0212765957447	402.4964539007092
17908	701.2765957446808	334.41134751773046
17941	701.2765957446808	334.41134751773046
17973	573.6170212765958	374.12765957446805
18006	772.1985815602836	453.56028368794324
18044	770.7801418439716	154.2695035460993
18080	691.3475177304964	330.1560283687943
18113	621.8439716312056	246.46808510638297
18145	716.8794326241135	365.6170212765957
18176	542.4113475177304	298.9503546099291
18207	765.1063829787233	246.46808510638297
18238	600.5673758865247	245.04964539007094
18271	725.3900709219859	347.17730496453896
18302	626.0992907801418	317.3900709219858
18339	786.3829787234042	340.0851063829787
18378	723.9716312056738	385.4751773049645
18420	770.7801418439716	402.4964539007092
18452	637.4468085106383	230.86524822695034
18485	789.2198581560284	327.3191489361702
18519	750.9219858156027	191.14893617021275
18550	655.886524822695	330.1560283687943
18582	799.1489361702128	242.2127659574468
18614	723.9716312056738	130.15602836879435
18646	723.9716312056738	130.15602836879435
18677	558.0141843971631	26.609929078014183
18713	651.6312056737589	39.37588652482269
18746	390.6382978723404	375.5460992907801
18778	1060.1418439716313	523.063829787234
18812	1184.9645390070923	537.2482269503546
18851	806.2411347517731	297.531914893617
18894	1061.5602836879432	703.2056737588653
18929	1106.950354609929	632.2836879432624
18964	1308.3687943262412	345.7588652482269
18999	1175.0354609929077	393.98581560283685
19033	959.4326241134752	676.2553191489362
19079	1135.3191489361702	393.98581560283685
19128	742.4113475177304	530.1560283687943
19165	651.6312056737589	266.32624113475174
19199	756.595744680851	412.42553191489367
19244	738.1560283687943	237.9574468085106
19279	616.1702127659574	260.65248226950354
19329	491.3475177304964	270.58156028368796
19366	546.6666666666666	259.23404255319144
19400	447.3758865248227	392.5673758865248
19434	705.531914893617	254.9787234042553
19478	592.0567375886524	147.17730496453902
19511	553.7588652482269	236.53900709219857
19545	526.8085106382978	422.354609929078
19578	1006.241134751773	487.60283687943263
19610	1087.0921985815603	379.8014184397163
19644	949.5035460992908	540.0851063829787
19677	949.5035460992908	540.0851063829787
19711	897.0212765957446	466.32624113475174
19744	1123.9716312056737	568.4539007092199
19778	1043.1205673758866	442.2127659574468
19810	967.9432624113475	462.07092198581563
19844	1149.5035460992908	493.2765957446809
19882	1302.695035460993	642.2127659574468
19917	1312.6241134751772	629.4468085106382
19953	1226.0992907801417	562.7801418439717
19994	1420.4255319148936	574.127659574468
20030	1298.4397163120566	595.4042553191489
20079	1275.7446808510638	440.79432624113474
20112	1055.886524822695	698.950354609929
20145	1087.0921985815603	717.3900709219857
20179	1184.9645390070923	680.5106382978723
20217	977.8723404255319	628.0283687943262
20251	1197.7304964539005	643.6312056737589
20284	820.4255319148936	147.17730496453902
20317	840.2836879432624	303.2056737588652
20351	630.354609929078	157.10638297872342
20383	760.8510638297872	141.5035460992908
20417	678.5815602836878	206.75177304964535
20450	645.9574468085107	296.11347517730496
20483	679.9999999999999	327.3191489361702
20514	550.9219858156029	243.63120567375884
20546	606.241134751773	344.3404255319149
20578	688.5106382978723	182.63829787234042
20610	535.3191489361701	229.4468085106383
20643	386.3829787234042	257.8156028368794
20672	480.0	398.2411347517731
20711	394.89361702127655	118.80851063829788
20746	413.33333333333326	391.1489361702127
20779	447.3758865248227	134.4113475177305
20813	458.7234042553191	264.9078014184397
20846	426.0992907801418	301.78723404255317
20876	384.9645390070921	171.29078014184398
20908	546.6666666666666	436.5390070921985
20942	654.468085106383	223.77304964539007
20973	539.5744680851063	306.04255319148933
21005	409.07801418439715	49.30496453900709
21034	315.4609929078014	218.09929078014184
21062	230.35460992907804	337.2482269503546
21088	389.21985815602835	379.8014184397163
21114	295.60283687943263	152.85106382978725
21141	214.7517730496454	202.4964539007092
21167	338.15602836879435	290.4397163120567
21193	338.15602836879435	290.4397163120567
21228	884.2553191489362	700.3687943262412
21256	800.5673758865248	837.9574468085107
21282	1038.8652482269501	803.9148936170212
21308	752.3404255319148	811.0070921985816
21335	901.2765957446808	803.9148936170212
21362	817.5886524822694	742.9219858156027
21387	742.4113475177304	713.1347517730496
21410	792.0567375886525	735.8297872340426
21436	801.9858156028369	792.5673758865248
21461	801.9858156028369	792.5673758865248
21484	897.0212765957446	906.0425531914893
21509	661.5602836879433	846.468085106383
21534	627.5177304964539	847.886524822695
21561	762.2695035460993	925.9007092198582
21590	725.3900709219859	818.0992907801418
21620	650.2127659574468	765.6170212765958
21653	792.0567375886525	701.7872340425532
21679	786.3829787234042	913.1347517730496
21705	752.3404255319148	764.1985815602836
21732	946.6666666666666	930.1560283687943
21762	845.9574468085106	1107.4609929078013
21788	845.9574468085106	1107.4609929078013
21814	426.0992907801418	411.0070921985815
21839	224.68085106382978	520.2269503546099
21866	305.53191489361706	269.16312056737587
21893	305.53191489361706	269.16312056737587
21921	373.6170212765957	395.40425531914894
21948	457.304964539007	260.65248226950354
21977	682.8368794326241	276.25531914893617
22004	525.3900709219857	181.21985815602838
22030	655.886524822695	151.43262411347519
22057	380.70921985815596	167.03546099290782
22084	380.70921985815596	167.03546099290782
22112	518.2978723404254	249.30496453900707
22138	458.7234042553191	66.32624113475177
22164	363.68794326241135	138.66666666666669
22188	342.4113475177305	350.0141843971631
22215	532.482269503546	103.20567375886525
22244	426.0992907801418	124.4822695035461
22278	498.4397163120567	269.16312056737587
22306	453.04964539007085	372.709219858156
22334	594.8936170212766	215.2624113475177
22357	518.2978723404254	235.12056737588648
22383	518.2978723404254	307.4609929078014
22411	377.8723404255319	435.1205673758865
22441	289.92907801418437	507.4609929078014
22465	325.3900709219858	432.2836879432624
22492	325.3900709219858	432.2836879432624
22520	356.5957446808511	274.8368794326241
22545	440.2836879432624	253.56028368794324
22573	297.02127659574467	279.0921985815603
22598	297.02127659574467	279.0921985815603
22622	457.304964539007	218.09929078014184
22650	369.36170212765956	179.80141843971631
22676	563.6879432624113	198.24113475177302
22702	529.645390070922	158.52482269503548
22726	525.3900709219857	131.5744680851064
22753	464.3971631205673	245.04964539007094
22777	400.5673758865248	176.9645390070922
22810	406.241134751773	101.78723404255321
22844	880.0	378.3829787234042
22869	880.0	378.3829787234042
22893	1067.2340425531913	419.5177304964539
22921	933.9007092198581	531.5744680851064
22948	1331.063829787234	545.7588652482269
22973	1268.6524822695035	498.95035460992904
22999	1268.6524822695035	498.95035460992904
23026	1148.0851063829787	514.5531914893617
23051	1037.4468085106382	375.5460992907801
23080	1142.4113475177305	497.531914893617
23104	1034.6099290780141	411.0070921985815
23132	1102.6950354609928	545.7588652482269
23158	915.4609929078014	494.6950354609929
23186	1057.3049645390072	672.0
23218	1089.9290780141844	654.9787234042552
23249	1122.5531914893616	490.4397163120567
23276	1060.1418439716313	562.7801418439717
23302	1060.1418439716313	562.7801418439717
23331	1027.5177304964539	615.2624113475177
23362	919.7163120567376	906.0425531914893
23389	874.3262411347517	747.177304964539
23414	1155.177304964539	785.4751773049645
23441	1001.985815602837	436.5390070921985
23466	511.20567375886515	296.11347517730496
23491	611.9148936170212	405.33333333333326
23517	662.9787234042552	237.9574468085106
23545	681.418439716312	257.8156028368794
23570	681.418439716312	257.8156028368794
23597	572.1985815602837	201.07801418439718
23625	607.659574468085	270.58156028368796
23651	434.60992907801415	235.12056737588648
23675	516.8794326241134	142.92198581560285
23700	573.6170212765958	159.94326241134752
23729	522.5531914893617	110.29787234042554
23810	309.7872340425532	181.21985815602838
23840	499.85815602836874	159.94326241134752
23869	619.0070921985815	172.70921985815605
23899	619.0070921985815	172.70921985815605
23925	664.3971631205673	171.29078014184398
23952	556.595744680851	203.91489361702125
23981	382.12765957446805	237.9574468085106
24009	514.0425531914893	212.42553191489358
24044	488.51063829787233	220.93617021276594
24069	535.3191489361701	235.12056737588648
24093	333.90070921985813	154.2695035460993
24120	370.78014184397165	236.53900709219857
24147	433.1914893617021	203.91489361702125
24175	358.01418439716315	152.85106382978725
24203	474.32624113475174	277.6737588652482
24230	474.32624113475174	277.6737588652482
24255	584.9645390070922	230.86524822695034
24282	482.8368794326241	317.3900709219858
24308	392.0567375886524	289.02127659574467
24332	417.5886524822694	134.4113475177305
24357	382.12765957446805	141.5035460992908
24384	358.01418439716315	175.54609929078015
24411	410.4964539007092	253.56028368794324
24439	348.0851063829787	272.0
24465	396.31205673758865	264.9078014184397
24491	383.5460992907801	189.73049645390068
24518	467.23404255319144	323.06382978723406
24545	511.20567375886515	267.74468085106383
24567	511.20567375886515	267.74468085106383
24594	322.5531914893617	337.2482269503546
24620	373.6170212765957	311.7163120567376
24647	373.6170212765957	311.7163120567376
24673	457.304964539007	246.46808510638297
24699	441.70212765957444	253.56028368794324
24726	488.51063829787233	281.92907801418437
24750	392.0567375886524	281.92907801418437
24779	441.70212765957444	392.5673758865248
24806	441.70212765957444	392.5673758865248
24835	638.8652482269504	456.39716312056737
24864	26.09929078014185	514.5531914893617
24891	244.53900709219857	433.70212765957444
24915	502.6950354609929	276.25531914893617
24941	379.2907801418439	684.7659574468084
24967	379.2907801418439	684.7659574468084
24994	540.9929078014184	389.7304964539007
25021	705.531914893617	497.531914893617
25051	420.42553191489355	483.34751773049646
25075	560.8510638297872	433.70212765957444
25099	565.1063829787234	273.41843971631204
25125	735.3191489361702	273.41843971631204
25153	604.8226950354609	344.3404255319149
25178	339.5744680851064	125.90070921985816
25206	339.5744680851064	125.90070921985816
25229	453.04964539007085	572.709219858156
25256	455.886524822695	308.87943262411346
25280	367.9432624113475	150.01418439716312
25306	367.9432624113475	150.01418439716312
25329	580.7092198581561	205.33333333333331
25356	382.12765957446805	106.04255319148936
25381	332.4822695035461	233.70212765957444
25407	661.5602836879433	96.11347517730498
25433	516.8794326241134	132.99290780141843
25463	454.46808510638294	84.7659574468085
25489	331.06382978723406	263.48936170212767
25515	502.6950354609929	470.58156028368796
25547	318.29787234042556	501.78723404255317
25570	559.4326241134752	313.13475177304963
25594	563.6879432624113	334.41134751773046
25619	533.9007092198581	432.2836879432624
25643	379.2907801418439	218.09929078014184
25668	379.2907801418439	218.09929078014184
25695	282.83687943262413	308.87943262411346
25716	282.83687943262413	308.87943262411346
25742	309.7872340425532	206.75177304964535
25768	356.5957446808511	96.11347517730498
25794	298.43971631205676	230.86524822695034
25821	396.31205673758865	243.63120567375884
25847	396.31205673758865	243.63120567375884
25872	468.65248226950354	181.21985815602838
25898	353.758865248227	100.36879432624116
25922	353.758865248227	113.13475177304966
25949	346.6666666666667	243.63120567375884
25975	375.03546099290776	259.23404255319144
26008	373.6170212765957	172.70921985815605
26044	584.9645390070922	235.12056737588648
26076	478.5815602836879	236.53900709219857
26104	732.4822695035461	161.36170212765958
26134	366.5248226950354	206.75177304964535
26162	376.4539007092198	201.07801418439718
26186	433.1914893617021	223.77304964539007
26212	433.1914893617021	223.77304964539007
26236	396.31205673758865	202.4964539007092
26264	321.1347517730497	213.84397163120568
26291	453.04964539007085	199.65957446808508
26317	593.4751773049645	263.48936170212767
26344	511.20567375886515	347.17730496453896
26372	616.1702127659574	287.6028368794326
26401	528.2269503546099	107.46099290780143
26433	647.3758865248227	208.17021276595744
26461	736.7375886524823	189.73049645390068
26485	736.7375886524823	189.73049645390068
26509	504.11347517730496	19.5177304964539
26537	512.6241134751772	189.73049645390068
26565	722.5531914893617	29.446808510638295
26593	419.0070921985815	115.97163120567377
26627	521.1347517730496	189.73049645390068
26654	488.51063829787233	228.0283687943262
26680	555.177304964539	321.64539007092196
26704	721.1347517730496	181.21985815602838
26731	363.68794326241135	237.9574468085106
26758	401.98581560283685	277.6737588652482
26783	275.74468085106383	314.55319148936167
26811	494.18439716312054	226.60992907801418
26836	487.0921985815603	104.62411347517731
26865	492.76595744680844	212.42553191489358
26892	563.6879432624113	270.58156028368796
26917	563.6879432624113	270.58156028368796
26940	505.53191489361706	323.06382978723406
26967	555.177304964539	249.30496453900707
26992	392.0567375886524	230.86524822695034
27020	187.80141843971631	240.79432624113474
27047	187.80141843971631	240.79432624113474
27075	655.886524822695	120.22695035460993
27099	390.6382978723404	283.34751773049646
27127	390.6382978723404	283.34751773049646
27157	384.9645390070921	111.71631205673759
27188	623.2624113475177	216.6808510638298
27214	392.0567375886524	39.37588652482269
27247	448.79432624113474	59.23404255319149
27274	553.7588652482269	192.56737588652481
27306	421.84397163120565	-75.51773049645391
27333	230.35460992907804	276.25531914893617
27361	851.6312056737588	232.2836879432624
27390	1070.0709219858156	453.56028368794324
27416	820.4255319148936	418.09929078014187
27446	958.0141843971631	367.0354609929078
27476	986.3829787234042	527.3191489361702
27503	982.127659574468	436.5390070921985
27529	1265.8156028368794	328.73758865248226
27555	1265.8156028368794	328.73758865248226
27581	1220.4255319148936	384.0567375886525
27606	1210.4964539007092	355.68794326241135
27631	1372.1985815602836	341.5035460992908
27660	1304.113475177305	487.60283687943263
27691	1312.6241134751772	454.9787234042553
27717	1312.6241134751772	454.9787234042553
27744	1384.964539007092	388.3120567375886
27770	1170.7801418439717	335.82978723404256
27796	1170.7801418439717	335.82978723404256
27825	1491.3475177304967	233.70212765957444
27852	1451.6312056737588	239.3758865248227
27880	1375.035460992908	327.3191489361702
27903	1284.255319148936	530.1560283687943
27929	1294.1843971631206	287.6028368794326
27957	1348.0851063829787	269.16312056737587
27982	1447.3758865248228	335.82978723404256
28010	1231.77304964539	337.2482269503546
28040	1262.9787234042553	332.9929078014184
28067	1258.723404255319	550.0141843971631
28097	1183.54609929078	289.02127659574467
28129	1267.2340425531913	375.5460992907801
28159	1142.4113475177305	388.3120567375886
28190	1457.3049645390072	429.4468085106383
28220	1233.1914893617022	479.09219858156024
28250	1114.0425531914893	423.77304964539
28280	1014.7517730496454	324.4822695035461
28309	697.0212765957447	304.6241134751773
28337	977.8723404255319	128.7375886524823
28366	746.6666666666666	101.78723404255321
28393	623.2624113475177	104.62411347517731
28428	495.6028368794326	50.723404255319146
28459	562.2695035460993	159.94326241134752
28486	546.6666666666666	-14.52482269503546
28514	623.2624113475177	19.5177304964539
28542	607.659574468085	49.30496453900709
28573	586.3829787234042	115.97163120567377
28599	586.3829787234042	115.97163120567377
28631	471.4893617021276	-106.72340425531914
28665	526.8085106382978	-13.106382978723405
28695	506.9503546099291	45.04964539007092
28723	528.2269503546099	130.15602836879435
28750	567.9432624113475	70.58156028368793
28779	474.32624113475174	91.8581560283688
28806	550.9219858156029	-44.312056737588655
28835	512.6241134751772	62.070921985815595
28862	514.0425531914893	50.723404255319146
28891	428.93617021276594	101.78723404255321
28921	437.4468085106383	39.37588652482269
28948	480.0	176.9645390070922
28980	526.8085106382978	107.46099290780143
29011	511.20567375886515	205.33333333333331
29039	502.6950354609929	81.9290780141844
29068	409.07801418439715	256.39716312056737
29096	428.93617021276594	260.65248226950354
29123	419.0070921985815	115.97163120567377
29151	363.68794326241135	64.90780141843972
29181	471.4893617021276	131.5744680851064
29210	468.65248226950354	79.09219858156028
29238	468.65248226950354	79.09219858156028
29266	648.7943262411347	30.865248226950353
29294	253.0496453900709	361.36170212765956
29323	314.0425531914894	629.4468085106382
29352	383.5460992907801	423.77304964539
29383	677.1631205673758	445.0496453900709
29417	665.8156028368794	420.93617021276594
29511	399.1489361702127	403.9148936170212
29547	428.93617021276594	314.55319148936167
29591	721.1347517730496	54.97872340425531
29628	705.531914893617	216.6808510638298
29668	1019.0070921985814	43.63120567375886
29711	894.1843971631205	402.4964539007092
29741	1098.4397163120568	357.1063829787234
29772	1216.1702127659576	318.80851063829783
29800	1216.1702127659576	318.80851063829783
29831	1228.936170212766	389.7304964539007
29862	1271.4893617021278	472.0
29894	1055.886524822695	450.72340425531917
29922	1282.836879432624	415.26241134751774
29951	1077.163120567376	365.6170212765957
29984	1491.3475177304967	521.645390070922
30012	1176.4539007092199	464.9078014184397
30040	1176.4539007092199	464.9078014184397
30071	1104.113475177305	523.063829787234
30104	1114.0425531914893	608.1702127659574
30138	1009.0780141843971	520.2269503546099
30168	1009.0780141843971	520.2269503546099
30196	1004.822695035461	608.1702127659574
30225	1013.3333333333331	507.4609929078014
30260	1102.6950354609928	598.241134751773
30288	1196.3120567375886	657.8156028368794
30316	1180.7092198581558	307.4609929078014
30343	1050.2127659574467	456.39716312056737
30370	1343.8297872340427	418.09929078014187
30394	1630.3546099290782	211.00709219858155
30421	787.8014184397163	327.3191489361702
30445	722.5531914893617	191.14893617021275
30470	722.5531914893617	191.14893617021275
30496	480.0	338.6666666666667
30524	596.3120567375886	321.64539007092196
30549	373.6170212765957	300.36879432624113
30573	111.20567375886526	572.709219858156
30599	111.20567375886526	572.709219858156
30626	336.73758865248226	472.0
30650	558.0141843971631	544.3404255319149
30677	796.3120567375886	484.7659574468085
30700	440.2836879432624	379.8014184397163
30726	711.2056737588653	420.93617021276594
30753	643.1205673758865	222.35460992907798
30786	862.9787234042553	321.64539007092196
30813	644.5390070921986	334.41134751773046
30840	555.177304964539	379.8014184397163
30866	609.0780141843971	423.77304964539
30891	613.3333333333333	186.89361702127658
30921	549.5035460992907	199.65957446808508
30948	599.1489361702127	162.78014184397165
30974	833.1914893617021	216.6808510638298
31001	1131.063829787234	189.73049645390068
31027	1088.5106382978722	340.0851063829787
31053	1030.354609929078	344.3404255319149
31079	1030.354609929078	344.3404255319149
31105	867.2340425531914	318.80851063829783
31130	960.8510638297872	335.82978723404256
31156	831.77304964539	555.6879432624114
31194	660.1418439716313	480.5106382978723
31226	909.7872340425531	445.0496453900709
31261	660.1418439716313	789.7304964539007
31296	766.5248226950354	779.8014184397163
31328	797.7304964539007	717.3900709219857
31360	801.9858156028369	637.9574468085107
31394	775.0354609929078	757.1063829787234
31421	697.0212765957447	767.0354609929077
31447	697.0212765957447	767.0354609929077
31478	1011.9148936170212	498.95035460992904
31511	921.1347517730496	524.4822695035461
31545	878.581560283688	562.7801418439717
31577	983.54609929078	596.8226950354609
31605	1027.5177304964539	480.5106382978723
31633	1011.9148936170212	606.7517730496454
31661	1156.595744680851	520.2269503546099
31689	1081.418439716312	412.42553191489367
31715	1088.5106382978722	640.7943262411347
31745	1189.2198581560283	619.517730496454
31778	1123.9716312056737	575.5460992907801
31812	1226.0992907801417	552.8510638297872
31844	1236.0283687943263	426.6099290780142
31873	1189.2198581560283	582.6382978723404
31912	1167.9432624113474	574.127659574468
31939	1355.177304964539	467.7446808510638
31965	1213.3333333333335	725.9007092198582
31992	1353.7588652482268	559.9432624113475
32027	1228.936170212766	182.63829787234042
32054	1228.936170212766	182.63829787234042
32081	1070.0709219858156	442.2127659574468
32108	1067.2340425531913	507.4609929078014
32137	1106.950354609929	266.32624113475174
