FixStart	FixEnd	FixDur	XPos	YPos	FlankedByDataLoss	Fraction Interpolated	WeightCutoff	RMSxy	BCEA	FixRangeX	FixRangeY	Participant	Trial
1.000	373.000	429.000	666.548	-148.320	0.000	0.000	0.685	6.705	105.787	15.161	9.242	subject61266afc55085	10I
483.000	581.000	144.000	289.324	-116.764	0.000	0.000	0.685	5.882	34.980	6.627	5.508	subject61266afc55085	10I
685.000	727.000	104.000	587.367	58.791	0.000	0.000	0.685	9.375	0.000	1.219	9.295	subject61266afc55085	10I
840.000	1122.000	335.000	1045.107	382.791	0.000	0.000	0.685	9.941	191.695	14.287	14.830	subject61266afc55085	10I
1215.000	1256.000	94.000	716.815	623.236	0.000	0.000	0.685	0.992	0.000	0.822	0.556	subject61266afc55085	10I
1351.000	1400.000	98.000	561.121	733.902	0.000	0.000	0.685	3.233	0.000	1.776	2.701	subject61266afc55085	10I
1499.000	1691.000	238.000	447.687	379.236	0.000	0.000	0.685	6.999	148.158	9.330	16.101	subject61266afc55085	10I
1788.000	2002.000	292.000	808.007	452.124	0.000	0.000	0.685	9.278	236.288	12.696	18.220	subject61266afc55085	10I
2133.000	2291.000	199.000	371.174	360.569	0.000	0.000	0.685	7.007	96.647	5.884	13.135	subject61266afc55085	10I
2383.000	2825.000	482.000	12.633	23.236	0.000	0.000	0.685	11.053	238.152	13.677	26.456	subject61266afc55085	10I
2900.000	4009.000	1160.000	293.772	297.458	0.000	0.000	0.685	13.784	325.391	37.161	29.316	subject61266afc55085	10I
4102.000	4809.000	754.000	-88.790	102.791	0.000	0.000	0.685	9.812	196.416	12.617	20.206	subject61266afc55085	10I
4903.000	4944.000	94.000	-250.712	802.347	0.000	0.000	0.685	12.265	0.000	11.345	4.661	subject61266afc55085	10I
5049.000	6749.000	1752.000	49.110	65.013	0.000	0.000	0.685	10.772	251.399	20.754	36.175	subject61266afc55085	10I
6853.000	8654.000	1843.000	195.018	180.124	0.000	0.000	0.685	9.480	329.000	30.986	38.294	subject61266afc55085	10I
8739.000	9566.000	884.000	517.527	-74.987	0.000	0.000	0.685	7.855	183.272	18.872	19.835	subject61266afc55085	10I
9685.000	10083.000	448.000	-181.762	-429.209	0.000	0.000	0.685	8.487	165.639	13.280	17.637	subject61266afc55085	10I
10185.000	10476.000	336.000	256.406	79.680	0.000	0.000	0.685	13.215	477.920	15.533	36.917	subject61266afc55085	10I
10565.000	12737.000	2224.000	469.929	-261.653	0.000	0.000	0.685	8.913	186.397	20.383	20.815	subject61266afc55085	10I
12842.000	13539.000	750.000	531.317	-262.542	0.000	0.000	0.685	6.876	99.613	15.718	12.235	subject61266afc55085	10I
13643.000	14733.000	1146.000	-11.388	-277.653	0.000	0.000	0.685	8.958	188.719	20.092	20.603	subject61266afc55085	10I
14831.000	17361.000	2582.000	175.445	-112.320	0.000	0.000	0.685	10.365	317.458	23.590	38.585	subject61266afc55085	10I
17465.000	17519.000	105.000	200.801	-264.320	0.000	0.000	0.685	2.383	0.000	1.776	1.589	subject61266afc55085	10I
17623.000	19782.000	2208.000	83.808	-230.542	0.000	0.000	0.685	9.726	394.911	28.361	45.338	subject61266afc55085	10I
19894.000	20260.000	417.000	260.854	-297.209	0.000	0.000	0.685	5.490	67.225	16.195	6.991	subject61266afc55085	10I
20362.000	21437.000	1133.000	358.274	-78.542	0.000	0.000	0.685	8.938	584.053	29.104	45.206	subject61266afc55085	10I
21549.000	21687.000	188.000	360.943	-316.320	0.000	0.000	0.685	6.172	67.373	5.248	8.766	subject61266afc55085	10I
21778.000	23249.000	1522.000	335.142	-267.431	0.000	0.000	0.685	11.416	351.915	26.374	41.445	subject61266afc55085	10I
23352.000	23572.000	275.000	413.879	-342.098	0.000	0.000	0.685	5.875	17.830	10.072	4.449	subject61266afc55085	10I
23690.000	25640.000	2004.000	454.804	-138.987	0.000	0.000	0.685	9.972	345.903	27.248	39.909	subject61266afc55085	10I
25749.000	27145.000	1457.000	9.075	-162.987	0.000	0.000	0.685	11.296	136.603	30.429	17.373	subject61266afc55085	10I
27258.000	27696.000	478.000	224.377	-167.431	0.000	0.000	0.685	7.111	133.038	15.135	10.964	subject61266afc55085	10I
27790.000	28147.000	408.000	191.459	-169.209	0.000	0.000	0.685	4.459	46.697	15.957	3.946	subject61266afc55085	10I
28242.000	28331.000	132.000	386.299	771.236	0.000	0.000	0.685	11.141	202.054	12.776	12.606	subject61266afc55085	10I
28426.000	28622.000	243.000	639.858	46.791	0.000	0.000	0.685	6.777	91.386	10.099	8.130	subject61266afc55085	10I
28710.000	29951.000	1295.000	150.979	-75.876	0.000	0.000	0.685	11.560	162.325	34.246	19.862	subject61266afc55085	10I
30057.000	30314.000	305.000	789.769	-135.431	0.000	0.000	0.685	9.979	68.118	15.930	4.581	subject61266afc55085	10I
30407.000	30956.000	588.000	158.986	103.236	0.000	0.000	0.685	7.550	265.950	12.855	33.474	subject61266afc55085	10I
31051.000	32811.000	1804.000	324.021	-0.320	0.000	0.000	0.685	9.002	243.635	22.106	36.652	subject61266afc55085	10I
32904.000	33877.000	1021.000	120.285	-67.876	0.000	0.000	0.685	6.399	112.844	16.248	13.506	subject61266afc55085	10I
33967.000	34006.000	90.000	144.751	494.347	0.000	0.000	0.685	8.023	0.000	3.790	7.071	subject61266afc55085	10I
34100.000	34425.000	377.000	368.950	22.791	0.000	0.000	0.685	7.871	100.125	8.694	15.148	subject61266afc55085	10I
34522.000	37423.000	2944.000	56.673	-158.542	0.000	0.000	0.685	7.356	175.260	30.429	21.001	subject61266afc55085	10I
37512.000	40405.000	2933.000	150.979	-112.764	0.000	0.000	0.685	9.876	299.621	26.400	43.299	subject61266afc55085	10I
40491.000	40536.000	83.000	167.883	955.236	0.000	0.000	0.685	13.646	0.000	8.402	10.752	subject61266afc55085	10I
40624.000	42928.000	2352.000	154.093	-135.431	0.000	0.000	0.685	9.905	181.687	26.665	21.133	subject61266afc55085	10I
43022.000	46259.000	3291.000	449.466	-89.209	0.000	0.000	0.685	8.721	206.548	30.323	21.477	subject61266afc55085	10I
46361.000	49142.000	2845.000	311.566	-36.764	0.000	0.000	0.685	7.977	158.165	19.376	22.404	subject61266afc55085	10I
49243.000	49670.000	484.000	655.872	310.347	0.000	0.000	0.685	5.408	57.822	9.993	8.739	subject61266afc55085	10I
49789.000	51297.000	1562.000	398.310	393.013	0.000	0.000	0.685	6.209	153.935	19.111	16.446	subject61266afc55085	10I
51399.000	52363.000	1015.000	416.548	247.680	0.000	0.000	0.685	6.197	99.766	18.369	10.355	subject61266afc55085	10I
52458.000	53801.000	1419.000	352.491	221.902	0.000	0.000	0.685	7.796	84.186	18.581	10.063	subject61266afc55085	10I
53935.000	54071.000	185.000	531.762	194.347	0.000	0.000	0.685	3.544	6.460	6.308	4.661	subject61266afc55085	10I
54169.000	61997.000	7872.000	164.769	104.569	0.000	0.000	0.685	9.962	332.522	44.424	33.341	subject61266afc55085	10I
62085.000	62270.000	236.000	446.797	96.569	0.000	0.000	0.685	8.345	59.692	13.067	4.634	subject61266afc55085	10I
62372.000	62857.000	531.000	719.929	586.347	0.000	0.000	0.685	7.628	115.755	11.795	14.671	subject61266afc55085	10I
62948.000	63374.000	472.000	398.754	190.347	0.000	0.000	0.685	5.540	97.542	15.002	9.083	subject61266afc55085	10I
63476.000	64196.000	771.000	457.473	83.680	0.000	0.000	0.685	8.166	134.817	19.084	14.274	subject61266afc55085	10I
64309.000	64830.000	575.000	372.954	-23.431	0.000	0.000	0.685	11.400	162.585	23.988	20.127	subject61266afc55085	10I
64936.000	65570.000	683.000	-276.512	-97.209	0.000	0.000	0.685	7.783	127.767	15.029	14.168	subject61266afc55085	10I
65668.000	66486.000	861.000	585.142	-149.653	0.000	0.000	0.685	12.092	211.848	25.234	16.340	subject61266afc55085	10I
66581.000	67195.000	659.000	-118.149	-176.320	0.000	0.000	0.685	10.592	154.721	18.236	13.797	subject61266afc55085	10I
67296.000	68027.000	775.000	188.790	-212.320	0.000	0.000	0.685	12.360	177.650	22.716	17.982	subject61266afc55085	10I
68148.000	68419.000	319.000	776.868	-183.431	0.000	0.000	0.685	4.265	28.318	5.487	5.906	subject61266afc55085	10I
68502.000	68904.000	458.000	205.694	-136.320	0.000	0.000	0.685	8.042	127.094	16.858	11.679	subject61266afc55085	10I
69005.000	69404.000	451.000	-312.989	-185.209	0.000	0.000	0.685	8.202	78.649	18.024	6.356	subject61266afc55085	10I
69502.000	74457.000	5006.000	-227.580	-198.098	0.000	0.000	0.685	9.515	193.013	34.829	20.047	subject61266afc55085	10I
74555.000	74648.000	142.000	58.007	-97.209	0.000	0.000	0.685	9.148	95.987	4.851	10.911	subject61266afc55085	10I
74744.000	76300.000	1600.000	852.046	-144.320	0.000	0.000	0.685	9.689	221.219	35.041	17.743	subject61266afc55085	10I
76397.000	78435.000	2090.000	21.975	-29.653	0.000	0.000	0.685	10.197	238.221	26.029	19.676	subject61266afc55085	10I
78536.000	79445.000	961.000	598.932	200.569	0.000	0.000	0.685	6.613	99.702	15.612	11.361	subject61266afc55085	10I
79540.000	81031.000	1566.000	543.327	266.347	0.000	0.000	0.685	6.997	152.699	20.198	20.948	subject61266afc55085	10I
81169.000	82925.000	1807.000	310.231	-26.542	0.000	0.000	0.685	8.467	281.748	27.725	29.554	subject61266afc55085	10I
83033.000	83238.000	256.000	413.879	-186.987	0.000	0.000	0.685	5.550	68.233	5.036	10.593	subject61266afc55085	10I
83336.000	86133.000	2848.000	448.577	-88.320	0.000	0.000	0.685	10.200	335.547	44.477	35.990	subject61266afc55085	10I
86238.000	88527.000	2332.000	215.480	-146.987	0.000	0.000	0.685	8.159	222.168	27.116	27.913	subject61266afc55085	10I
88609.000	90025.000	1462.000	413.879	161.013	0.000	0.000	0.685	7.750	276.689	20.675	25.873	subject61266afc55085	10I
90122.000	91362.000	1317.000	411.655	-27.431	0.000	0.000	0.685	6.795	113.995	10.178	27.250	subject61266afc55085	10I
91488.000	93035.000	1609.000	520.641	-106.987	0.000	0.000	0.685	7.732	118.376	20.277	13.983	subject61266afc55085	10I
93154.000	93256.000	146.000	502.847	-105.209	0.000	0.000	0.685	2.956	11.884	2.651	4.290	subject61266afc55085	10I
93356.000	95596.000	2293.000	710.142	-29.653	0.000	0.000	0.685	9.112	257.028	24.359	33.024	subject61266afc55085	10I
95731.000	96586.000	902.000	177.669	-232.320	0.000	0.000	0.685	6.387	173.654	17.414	15.174	subject61266afc55085	10I
96680.000	98569.000	1942.000	259.964	11.236	0.000	0.000	0.685	10.422	263.661	23.643	35.301	subject61266afc55085	10I
98674.000	109207.000	10577.000	346.263	-156.764	0.000	0.000	0.685	9.063	377.777	38.884	43.643	subject61266afc55085	10I
109293.000	109487.000	246.000	279.537	-35.876	0.000	0.000	0.685	5.649	63.848	6.202	10.461	subject61266afc55085	10I
109589.000	110664.000	1127.000	2.847	-298.987	0.000	0.000	0.685	14.445	335.187	21.814	36.705	subject61266afc55085	10I
110768.000	116082.000	5354.000	58.007	-245.653	0.000	0.000	0.685	9.330	254.425	25.287	38.664	subject61266afc55085	10I
116163.000	117080.000	970.000	-46.085	-229.653	0.000	0.000	0.685	10.855	267.510	18.581	35.592	subject61266afc55085	10I
117175.000	117997.000	864.000	-290.747	-322.098	0.000	0.000	0.685	11.524	271.573	27.354	26.880	subject61266afc55085	10I
118087.000	120255.000	2222.000	-18.060	-258.542	0.000	0.000	0.685	8.478	180.117	26.294	19.571	subject61266afc55085	10I
120361.000	121147.000	834.000	-128.826	-344.320	0.000	0.000	0.685	11.965	391.929	20.860	32.017	subject61266afc55085	10I
121239.000	125794.000	4609.000	291.548	-149.653	0.000	0.000	0.685	8.450	473.763	43.974	41.419	subject61266afc55085	10I
125899.000	126552.000	728.000	368.505	-62.542	0.000	0.000	0.685	6.817	97.755	15.851	8.210	subject61266afc55085	10I
126684.000	131478.000	4839.000	255.961	-180.320	0.000	0.000	0.685	10.768	466.202	42.171	42.160	subject61266afc55085	10I
131572.000	131625.000	103.000	341.815	202.347	0.000	0.000	0.685	4.889	0.000	4.824	0.794	subject61266afc55085	10I
131729.000	132856.000	1190.000	162.100	-121.653	1.000	0.000	0.685	9.283	309.743	56.299	15.466	subject61266afc55085	10I
133294.000	133676.000	437.000	1770.641	286.791	1.000	0.000	0.685	8.226	138.847	14.711	13.109	subject61266afc55085	10I
133774.000	134175.000	452.000	228.826	-90.098	0.000	0.000	0.685	10.900	324.332	30.508	13.797	subject61266afc55085	10I
134271.000	134779.000	555.000	336.477	237.013	0.000	0.000	0.685	10.380	244.043	16.884	23.199	subject61266afc55085	10I
134898.000	135527.000	673.000	226.157	-178.987	0.000	0.000	0.685	13.683	603.114	24.969	50.211	subject61266afc55085	10I
135621.000	136712.000	1138.000	545.552	-1.209	0.000	0.000	0.685	12.799	464.459	30.588	47.589	subject61266afc55085	10I
136810.000	136966.000	206.000	809.342	-180.764	0.000	0.000	0.685	4.329	42.831	8.005	3.813	subject61266afc55085	10I
137082.000	137404.000	370.000	525.979	126.347	0.000	0.000	0.685	8.665	80.069	15.851	8.660	subject61266afc55085	10I
137489.000	138393.000	946.000	287.544	253.013	0.000	0.000	0.685	8.271	279.065	19.296	30.693	subject61266afc55085	10I
138477.000	143122.000	4697.000	533.096	67.680	0.000	0.000	0.685	10.395	221.071	22.795	39.697	subject61266afc55085	10I
143224.000	146127.000	2971.000	514.413	16.124	0.000	0.000	0.685	10.361	262.691	31.383	32.415	subject61266afc55085	10I
146234.000	150634.000	4445.000	536.655	15.236	0.000	0.000	0.685	8.623	120.836	27.964	15.916	subject61266afc55085	10I
150731.000	151257.000	568.000	526.423	401.458	0.000	0.000	0.685	9.055	91.415	14.181	11.970	subject61266afc55085	10I
151341.000	152045.000	752.000	798.221	-7.431	1.000	0.000	0.685	12.833	482.762	48.453	14.512	subject61266afc55085	10I
152758.000	152946.000	244.000	1420.996	297.458	1.000	0.000	0.685	5.646	104.421	14.260	10.143	subject61266afc55085	10I
153044.000	153787.000	794.000	1228.826	27.236	0.000	0.000	0.685	10.359	267.665	22.583	23.172	subject61266afc55085	10I
1.000	1.000	72.000	1517.972	701.902	0.000	0.000	0.716	NaN	NaN	0.000	0.000	subject61266afc55085	11S
116.000	619.000	567.000	967.705	218.791	0.000	0.000	0.716	7.553	205.157	19.323	16.022	subject61266afc55085	11S
740.000	5665.000	4956.000	453.025	279.236	0.000	0.000	0.716	7.921	396.876	44.769	25.238	subject61266afc55085	11S
5744.000	6073.000	354.000	1292.883	213.013	0.000	0.000	0.716	4.406	29.203	10.152	3.337	subject61266afc55085	11S
6156.000	7648.000	1539.000	831.584	223.680	0.000	0.000	0.716	5.163	59.326	17.361	8.554	subject61266afc55085	11S
7750.000	8717.000	999.000	1042.438	191.680	0.000	0.000	0.716	5.129	50.065	12.643	8.368	subject61266afc55085	11S
8802.000	11567.000	2806.000	650.534	313.458	0.000	0.000	0.716	6.903	109.452	27.354	13.029	subject61266afc55085	11S
11658.000	12835.000	1226.000	369.840	364.124	0.000	0.000	0.716	6.998	144.800	25.896	10.408	subject61266afc55085	11S
12930.000	13537.000	685.000	161.655	317.013	0.000	0.000	0.716	9.804	130.672	21.337	11.440	subject61266afc55085	11S
13683.000	17498.000	3855.000	60.676	421.902	0.000	0.000	0.716	12.103	454.019	53.463	21.583	subject61266afc55085	11S
17585.000	17735.000	203.000	-28.292	147.236	0.000	0.000	0.716	7.496	31.631	10.655	5.906	subject61266afc55085	11S
17840.000	18444.000	653.000	1365.836	682.347	0.000	0.000	0.716	7.947	221.305	26.453	20.286	subject61266afc55085	11S
18540.000	18685.000	197.000	507.295	209.013	0.000	0.000	0.716	10.097	135.549	13.624	6.885	subject61266afc55085	11S
18782.000	20051.000	1318.000	863.167	308.124	0.000	0.000	0.716	6.671	196.188	27.619	19.147	subject61266afc55085	11S
20146.000	21844.000	1746.000	485.053	468.124	0.000	0.000	0.716	9.295	272.800	35.359	27.303	subject61266afc55085	11S
21941.000	22412.000	523.000	469.039	616.569	0.000	0.000	0.716	5.368	57.878	9.781	9.057	subject61266afc55085	11S
22521.000	22620.000	142.000	-162.633	-19.876	0.000	0.000	0.716	7.228	27.556	7.872	3.602	subject61266afc55085	11S
22717.000	23159.000	484.000	629.626	278.791	0.000	0.000	0.716	6.791	75.843	15.294	7.177	subject61266afc55085	11S
23243.000	23871.000	672.000	299.110	243.236	0.000	0.000	0.716	9.516	207.078	28.123	14.327	subject61266afc55085	11S
23965.000	24962.000	1049.000	397.420	527.680	0.000	0.000	0.716	10.853	294.201	36.870	21.318	subject61266afc55085	11S
25064.000	25115.000	93.000	965.480	321.902	0.000	0.000	0.716	4.931	0.000	4.241	2.516	subject61266afc55085	11S
25200.000	25243.000	88.000	1093.594	154.791	0.000	0.000	0.716	3.361	0.000	3.181	1.086	subject61266afc55085	11S
25332.000	25615.000	328.000	593.594	393.458	0.000	0.000	0.716	4.859	48.281	7.713	7.177	subject61266afc55085	11S
25704.000	25850.000	194.000	956.584	295.236	0.000	0.000	0.716	6.466	57.493	5.142	7.706	subject61266afc55085	11S
25949.000	26143.000	243.000	1300.890	705.458	0.000	0.000	0.716	5.839	35.234	9.622	4.211	subject61266afc55085	11S
26236.000	27573.000	1385.000	1151.423	820.124	0.000	0.000	0.716	5.838	102.845	16.513	17.796	subject61266afc55085	11S
1.000	303.000	351.000	1340.036	84.124	0.000	0.000	0.703	8.005	80.093	12.299	9.719	subject61266afc55085	12S
408.000	959.000	603.000	304.893	146.791	0.000	0.000	0.703	7.158	270.032	23.219	18.776	subject61266afc55085	12S
1059.000	1209.000	192.000	1392.972	612.569	0.000	0.000	0.703	6.895	90.387	10.761	8.051	subject61266afc55085	12S
1304.000	2043.000	793.000	847.598	373.902	0.000	0.000	0.703	6.908	133.373	16.540	16.048	subject61266afc55085	12S
2142.000	2420.000	329.000	1170.996	349.902	0.000	0.000	0.703	4.574	43.529	10.682	3.549	subject61266afc55085	12S
2514.000	4972.000	2509.000	752.847	213.013	0.000	0.000	0.703	9.415	153.207	43.231	10.222	subject61266afc55085	12S
5071.000	5825.000	798.000	638.078	277.013	0.000	0.000	0.703	6.483	72.648	23.537	7.680	subject61266afc55085	12S
5921.000	8584.000	2704.000	860.943	247.680	0.000	0.000	0.703	6.064	106.879	26.718	11.440	subject61266afc55085	12S
8666.000	8861.000	248.000	1078.470	304.569	0.000	0.000	0.703	2.800	20.388	4.400	3.655	subject61266afc55085	12S
8962.000	10349.000	1430.000	739.057	262.347	0.000	0.000	0.703	7.325	212.535	41.588	9.375	subject61266afc55085	12S
10448.000	10492.000	89.000	558.007	216.124	0.000	0.000	0.703	3.969	0.000	2.545	3.045	subject61266afc55085	12S
10584.000	11271.000	741.000	439.680	272.569	0.000	0.000	0.703	5.701	92.734	20.304	6.038	subject61266afc55085	12S
11375.000	11720.000	396.000	612.278	305.902	0.000	0.000	0.703	4.989	63.221	9.092	9.348	subject61266afc55085	12S
11818.000	12896.000	1127.000	698.577	185.458	0.000	0.000	0.703	5.454	92.847	25.181	8.766	subject61266afc55085	12S
12998.000	17480.000	4534.000	489.502	197.013	0.000	0.000	0.703	8.367	135.862	37.824	12.103	subject61266afc55085	12S
17578.000	20600.000	3069.000	458.363	192.569	0.000	0.000	0.703	7.984	150.358	39.494	12.420	subject61266afc55085	12S
20699.000	21597.000	946.000	425.000	225.013	0.000	0.000	0.703	7.488	105.077	29.369	5.085	subject61266afc55085	12S
21695.000	25280.000	3630.000	561.566	187.236	0.000	0.000	0.703	8.353	121.866	35.863	10.302	subject61266afc55085	12S
25375.000	26566.000	1233.000	380.961	199.680	0.000	0.000	0.703	6.763	124.750	26.055	9.904	subject61266afc55085	12S
26648.000	26842.000	247.000	852.491	198.791	0.000	0.000	0.703	2.847	23.884	6.229	3.151	subject61266afc55085	12S
26939.000	28747.000	1856.000	269.751	313.458	0.000	0.000	0.703	6.534	110.368	15.533	14.248	subject61266afc55085	12S
28849.000	29252.000	449.000	1449.466	594.347	0.000	0.000	0.703	5.705	106.184	19.535	6.965	subject61266afc55085	12S
29349.000	29868.000	568.000	1410.320	549.013	0.000	0.000	0.703	3.750	29.771	5.116	6.488	subject61266afc55085	12S
29967.000	31804.000	1890.000	1096.263	330.347	0.000	0.000	0.703	8.052	301.039	49.884	22.351	subject61266afc55085	12S
31911.000	32042.000	180.000	990.391	92.569	0.000	0.000	0.703	3.762	31.196	3.154	7.362	subject61266afc55085	12S
32132.000	32178.000	89.000	1016.637	231.680	0.000	0.000	0.703	1.031	0.000	0.981	0.318	subject61266afc55085	12S
32282.000	32599.000	379.000	670.107	156.124	0.000	0.000	0.703	4.245	56.614	8.190	7.945	subject61266afc55085	12S
32709.000	34229.000	1577.000	767.527	272.124	0.000	0.000	0.703	6.962	152.491	16.460	18.061	subject61266afc55085	12S
34334.000	34381.000	106.000	-270.285	-83.876	0.000	0.000	0.703	13.507	0.000	13.465	1.059	subject61266afc55085	12S
34481.000	34674.000	234.000	1185.231	375.680	0.000	0.000	0.703	10.748	257.108	21.364	9.904	subject61266afc55085	12S
34765.000	35554.000	850.000	1058.897	824.569	0.000	0.000	0.703	6.222	136.897	25.499	10.778	subject61266afc55085	12S
35667.000	35710.000	98.000	445.463	733.902	0.000	0.000	0.703	4.379	0.000	0.557	4.343	subject61266afc55085	12S
35814.000	36207.000	442.000	181.673	504.569	0.000	0.000	0.703	3.531	41.284	7.051	7.998	subject61266afc55085	12S
36303.000	36453.000	198.000	-50.089	145.902	0.000	0.000	0.703	7.119	111.462	11.292	7.521	subject61266afc55085	12S
36554.000	39189.000	2688.000	1357.829	586.347	0.000	0.000	0.703	6.597	367.691	43.947	24.841	subject61266afc55085	12S
1.000	281.000	337.000	1779.537	478.347	0.000	0.000	0.687	7.042	71.601	9.887	7.521	subject61266afc55085	13I
399.000	457.000	122.000	740.836	458.791	0.000	0.000	0.687	8.888	0.000	8.880	0.397	subject61266afc55085	13I
572.000	1474.000	957.000	244.840	84.124	0.000	0.000	0.687	7.666	115.907	19.296	13.029	subject61266afc55085	13I
1587.000	2132.000	604.000	796.441	71.680	0.000	0.000	0.687	3.817	25.664	9.012	9.136	subject61266afc55085	13I
2251.000	6857.000	4670.000	747.509	278.791	0.000	0.000	0.687	6.630	314.647	36.976	22.616	subject61266afc55085	13I
6966.000	7728.000	828.000	588.701	439.680	0.000	0.000	0.687	6.641	225.045	35.995	9.851	subject61266afc55085	13I
7841.000	9234.000	1443.000	426.335	348.124	0.000	0.000	0.687	7.306	307.995	24.651	26.456	subject61266afc55085	13I
9344.000	11083.000	1802.000	1122.954	477.902	0.000	0.000	0.687	5.340	89.689	16.354	13.268	subject61266afc55085	13I
11195.000	14335.000	3205.000	674.555	422.791	0.000	0.000	0.687	6.869	269.404	26.480	25.344	subject61266afc55085	13I
14463.000	15030.000	608.000	506.406	124.569	0.000	0.000	0.687	9.210	177.222	16.434	16.472	subject61266afc55085	13I
15117.000	17880.000	2817.000	522.420	323.680	0.000	0.000	0.687	11.013	373.375	44.133	31.382	subject61266afc55085	13I
17961.000	18071.000	163.000	647.865	763.236	0.000	0.000	0.687	3.654	20.645	3.631	2.940	subject61266afc55085	13I
18162.000	19837.000	1726.000	694.128	453.458	0.000	0.000	0.687	6.735	122.059	16.195	15.889	subject61266afc55085	13I
19945.000	20710.000	831.000	522.420	294.347	0.000	0.000	0.687	7.655	98.885	15.294	10.593	subject61266afc55085	13I
20836.000	20886.000	109.000	987.722	13.902	0.000	0.000	0.687	5.040	0.000	3.234	3.866	subject61266afc55085	13I
21000.000	21796.000	856.000	595.819	21.458	0.000	0.000	0.687	6.258	59.231	13.359	9.454	subject61266afc55085	13I
21915.000	22481.000	624.000	844.484	-34.098	0.000	0.000	0.687	4.810	59.079	11.769	9.136	subject61266afc55085	13I
22584.000	24040.000	1507.000	786.655	108.124	0.000	0.000	0.687	5.273	79.158	16.036	12.606	subject61266afc55085	13I
24171.000	24492.000	369.000	595.374	41.458	0.000	0.000	0.687	4.446	61.789	6.971	8.819	subject61266afc55085	13I
24603.000	24702.000	157.000	487.722	78.791	0.000	0.000	0.687	4.602	31.820	2.757	5.720	subject61266afc55085	13I
24822.000	25625.000	868.000	340.480	290.347	0.000	0.000	0.687	6.766	72.562	14.048	9.481	subject61266afc55085	13I
25742.000	30172.000	4476.000	452.135	390.347	0.000	0.000	0.687	7.736	134.143	27.964	16.631	subject61266afc55085	13I
30259.000	30348.000	143.000	310.676	266.347	0.000	0.000	0.687	3.897	23.101	5.566	3.734	subject61266afc55085	13I
30448.000	31547.000	1146.000	484.164	324.124	0.000	0.000	0.687	6.478	62.688	14.128	10.249	subject61266afc55085	13I
31644.000	35448.000	3844.000	587.367	293.013	0.000	0.000	0.687	5.979	76.073	19.323	12.103	subject61266afc55085	13I
35531.000	39720.000	4239.000	337.367	390.791	0.000	0.000	0.687	8.398	243.181	34.352	22.987	subject61266afc55085	13I
39818.000	39865.000	101.000	396.530	371.680	0.000	0.000	0.687	6.045	0.000	2.306	5.588	subject61266afc55085	13I
39968.000	40069.000	156.000	242.171	455.680	0.000	0.000	0.687	6.921	38.428	4.055	6.568	subject61266afc55085	13I
40176.000	45760.000	5623.000	411.210	601.458	0.000	0.000	0.687	8.758	230.913	36.207	26.430	subject61266afc55085	13I
45851.000	45898.000	99.000	582.918	682.347	0.000	0.000	0.687	1.400	0.000	0.689	1.218	subject61266afc55085	13I
45992.000	46410.000	467.000	644.306	568.569	0.000	0.000	0.687	6.441	59.419	12.034	7.733	subject61266afc55085	13I
46522.000	48041.000	1559.000	313.345	550.791	0.000	0.000	0.687	5.847	49.219	8.190	14.327	subject61266afc55085	13I
48123.000	48169.000	98.000	570.463	503.680	0.000	0.000	0.687	0.749	0.000	0.106	0.742	subject61266afc55085	13I
48259.000	48313.000	107.000	414.324	545.013	0.000	0.000	0.687	3.062	0.000	3.048	0.291	subject61266afc55085	13I
48407.000	49688.000	1335.000	464.591	403.236	0.000	0.000	0.687	5.102	73.606	18.978	11.891	subject61266afc55085	13I
49800.000	51454.000	1683.000	362.278	439.680	0.000	0.000	0.687	5.268	89.358	18.051	12.208	subject61266afc55085	13I
51508.000	54329.000	2853.000	183.897	198.791	0.000	0.000	0.687	5.489	105.161	16.646	21.027	subject61266afc55085	13I
54392.000	55360.000	994.000	136.299	185.458	0.000	0.000	0.687	6.402	137.356	19.429	19.041	subject61266afc55085	13I
55441.000	55715.000	305.000	414.769	245.013	0.000	0.000	0.687	5.312	35.391	8.561	6.938	subject61266afc55085	13I
55786.000	56402.000	676.000	232.384	373.013	0.000	0.000	0.687	6.786	79.308	15.453	13.029	subject61266afc55085	13I
56489.000	57162.000	711.000	690.569	465.458	0.000	0.000	0.687	7.594	138.478	19.535	12.288	subject61266afc55085	13I
57229.000	57947.000	775.000	462.811	155.236	0.000	0.000	0.687	6.742	163.136	17.892	17.161	subject61266afc55085	13I
58032.000	58590.000	605.000	324.466	428.124	0.000	0.000	0.687	7.401	96.283	17.335	11.149	subject61266afc55085	13I
58685.000	59135.000	498.000	307.117	320.124	0.000	0.000	0.687	6.451	55.124	9.224	11.229	subject61266afc55085	13I
59237.000	60303.000	1108.000	332.918	212.124	0.000	0.000	0.687	6.993	123.042	13.067	17.584	subject61266afc55085	13I
60386.000	62421.000	2117.000	224.377	138.347	0.000	0.000	0.687	7.493	147.845	16.407	25.635	subject61266afc55085	13I
62545.000	62812.000	306.000	320.907	400.124	0.000	0.000	0.687	13.717	215.039	22.239	13.718	subject61266afc55085	13I
62900.000	63530.000	671.000	379.626	263.680	0.000	0.000	0.687	5.999	61.981	7.952	12.288	subject61266afc55085	13I
63614.000	64303.000	742.000	234.164	337.458	0.000	0.000	0.687	11.004	379.994	34.193	22.484	subject61266afc55085	13I
64401.000	65699.000	1346.000	242.171	301.902	0.000	0.000	0.687	10.048	194.782	34.935	19.571	subject61266afc55085	13I
65796.000	66689.000	940.000	265.302	180.569	0.000	0.000	0.687	6.089	128.644	14.075	21.239	subject61266afc55085	13I
66781.000	69603.000	2868.000	253.737	251.236	0.000	0.000	0.687	5.781	73.364	16.540	15.280	subject61266afc55085	13I
69700.000	71043.000	1403.000	308.007	272.569	0.000	0.000	0.687	4.762	36.697	10.708	8.448	subject61266afc55085	13I
71151.000	71436.000	333.000	235.053	367.680	0.000	0.000	0.687	2.641	26.118	4.294	6.038	subject61266afc55085	13I
71532.000	73020.000	1541.000	541.103	323.236	0.000	0.000	0.687	5.511	69.928	16.487	9.375	subject61266afc55085	13I
73150.000	73935.000	830.000	224.822	175.680	0.000	0.000	0.687	7.347	97.127	10.337	15.916	subject61266afc55085	13I
74030.000	80137.000	6155.000	330.249	254.791	0.000	0.000	0.687	6.911	191.279	34.908	22.484	subject61266afc55085	13I
80235.000	80510.000	328.000	738.167	678.347	0.000	0.000	0.687	7.448	48.317	12.140	5.561	subject61266afc55085	13I
80615.000	81092.000	531.000	681.673	371.236	0.000	0.000	0.687	8.014	186.682	14.578	13.400	subject61266afc55085	13I
81191.000	81314.000	175.000	916.548	351.680	0.000	0.000	0.687	3.784	6.863	1.140	5.747	subject61266afc55085	13I
81418.000	82118.000	736.000	555.783	445.458	0.000	0.000	0.687	6.949	83.901	13.359	11.176	subject61266afc55085	13I
82213.000	83117.000	957.000	1441.014	729.902	0.000	0.000	0.687	7.249	88.782	18.051	15.625	subject61266afc55085	13I
83218.000	84251.000	1075.000	662.989	562.347	0.000	0.000	0.687	6.108	74.586	11.424	13.665	subject61266afc55085	13I
84344.000	84900.000	604.000	752.402	387.236	0.000	0.000	0.687	8.737	215.234	29.130	14.671	subject61266afc55085	13I
84992.000	89458.000	4515.000	397.865	460.124	0.000	0.000	0.687	6.903	255.668	36.472	23.834	subject61266afc55085	13I
89557.000	89630.000	135.000	412.989	379.236	0.000	0.000	0.687	3.840	0.000	3.605	1.324	subject61266afc55085	13I
89741.000	90564.000	873.000	513.968	549.458	0.000	0.000	0.687	6.239	91.934	14.419	10.593	subject61266afc55085	13I
90666.000	92026.000	1408.000	667.438	511.680	0.000	0.000	0.687	5.190	110.940	14.313	22.113	subject61266afc55085	13I
92119.000	93229.000	1172.000	1215.480	624.569	0.000	0.000	0.687	8.859	175.538	24.783	15.731	subject61266afc55085	13I
93343.000	93919.000	626.000	839.146	461.013	0.000	0.000	0.687	5.788	122.261	21.868	6.594	subject61266afc55085	13I
94021.000	96840.000	2869.000	1010.854	346.347	0.000	0.000	0.687	5.791	164.806	26.506	15.016	subject61266afc55085	13I
96963.000	97327.000	423.000	804.448	404.124	0.000	0.000	0.687	9.904	140.089	13.757	16.313	subject61266afc55085	13I
97439.000	98710.000	1321.000	1362.278	350.791	0.000	0.000	0.687	5.301	50.756	11.371	9.242	subject61266afc55085	13I
98810.000	100058.000	1296.000	1132.740	397.013	0.000	0.000	0.687	6.133	87.949	22.610	11.043	subject61266afc55085	13I
100165.000	100706.000	595.000	710.142	479.680	0.000	0.000	0.687	4.930	70.389	12.776	8.660	subject61266afc55085	13I
100800.000	101214.000	474.000	719.929	478.791	0.000	0.000	0.687	6.569	52.939	7.501	9.878	subject61266afc55085	13I
101325.000	107095.000	5825.000	728.826	327.680	0.000	0.000	0.687	8.401	179.565	32.470	18.988	subject61266afc55085	13I
107198.000	108510.000	1356.000	728.826	214.791	0.000	0.000	0.687	7.085	140.107	18.263	13.877	subject61266afc55085	13I
108607.000	117855.000	9299.000	717.260	285.458	0.000	0.000	0.687	7.479	205.741	32.868	20.497	subject61266afc55085	13I
117959.000	121575.000	3659.000	716.370	224.569	0.000	0.000	0.687	6.178	88.623	25.048	13.665	subject61266afc55085	13I
121692.000	123470.000	1823.000	1046.886	416.124	0.000	0.000	0.687	8.452	164.931	19.721	21.424	subject61266afc55085	13I
123567.000	123797.000	276.000	1032.206	526.347	0.000	0.000	0.687	4.869	35.977	8.959	6.329	subject61266afc55085	13I
123895.000	124138.000	275.000	1142.527	354.347	0.000	0.000	0.687	4.843	42.802	9.675	3.655	subject61266afc55085	13I
124199.000	124381.000	228.000	758.185	542.791	0.000	0.000	0.687	5.062	23.099	7.051	4.634	subject61266afc55085	13I
124478.000	127302.000	2878.000	956.584	423.680	0.000	0.000	0.687	5.270	57.993	12.034	17.584	subject61266afc55085	13I
127404.000	127697.000	345.000	945.018	455.680	0.000	0.000	0.687	4.251	22.909	5.964	4.449	subject61266afc55085	13I
127796.000	128157.000	399.000	1019.751	486.347	0.000	0.000	0.687	6.143	123.262	14.393	7.786	subject61266afc55085	13I
128251.000	128343.000	144.000	1437.011	506.347	0.000	0.000	0.687	5.288	43.757	4.108	5.667	subject61266afc55085	13I
128434.000	128484.000	98.000	1213.256	397.458	0.000	0.000	0.687	3.006	0.000	1.723	2.463	subject61266afc55085	13I
128584.000	129379.000	841.000	969.929	571.236	0.000	0.000	0.687	7.405	129.335	17.998	13.850	subject61266afc55085	13I
129480.000	129688.000	255.000	392.527	383.680	0.000	0.000	0.687	7.003	115.133	15.161	14.751	subject61266afc55085	13I
129774.000	131177.000	1445.000	699.911	634.347	0.000	0.000	0.687	9.029	167.663	24.492	25.450	subject61266afc55085	13I
131272.000	133135.000	1914.000	695.018	594.347	0.000	0.000	0.687	7.125	111.437	12.908	24.814	subject61266afc55085	13I
133239.000	134483.000	1291.000	614.947	681.013	0.000	0.000	0.687	6.203	112.461	16.513	19.120	subject61266afc55085	13I
134576.000	137312.000	2782.000	791.993	454.347	0.000	0.000	0.687	6.487	119.422	20.595	14.883	subject61266afc55085	13I
137407.000	138963.000	1613.000	1261.744	428.569	0.000	0.000	0.687	7.064	231.037	25.393	20.471	subject61266afc55085	13I
139072.000	139463.000	438.000	810.676	560.569	0.000	0.000	0.687	5.530	48.168	10.788	7.124	subject61266afc55085	13I
139552.000	139648.000	146.000	1277.758	701.013	0.000	0.000	0.687	4.194	20.229	4.718	2.595	subject61266afc55085	13I
139740.000	140781.000	1086.000	1257.295	476.569	0.000	0.000	0.687	6.645	159.520	17.971	21.477	subject61266afc55085	13I
140876.000	141195.000	364.000	945.018	717.902	0.000	0.000	0.687	4.203	38.242	7.687	6.621	subject61266afc55085	13I
141292.000	143353.000	2106.000	868.505	727.680	0.000	0.000	0.687	5.943	136.856	21.761	21.054	subject61266afc55085	13I
143440.000	144576.000	1187.000	1215.480	459.236	0.000	0.000	0.687	6.591	238.656	26.135	18.856	subject61266afc55085	13I
144676.000	146416.000	1784.000	912.544	638.347	0.000	0.000	0.687	6.429	92.881	14.605	17.849	subject61266afc55085	13I
146501.000	147242.000	795.000	1389.858	607.236	0.000	0.000	0.687	8.704	232.600	19.243	18.008	subject61266afc55085	13I
147337.000	147380.000	89.000	1274.644	447.680	0.000	0.000	0.687	2.892	0.000	2.571	1.324	subject61266afc55085	13I
147469.000	148426.000	1004.000	1380.071	567.680	0.000	0.000	0.687	6.656	93.597	13.518	13.533	subject61266afc55085	13I
1.000	4138.000	4188.000	539.324	69.013	0.000	0.000	0.688	10.446	449.712	53.569	31.647	subject61266afc55085	14I
4238.000	4572.000	388.000	603.381	271.236	0.000	0.000	0.688	10.553	229.606	18.740	17.690	subject61266afc55085	14I
4669.000	6465.000	1844.000	589.146	192.569	0.000	0.000	0.688	8.658	410.193	41.827	29.290	subject61266afc55085	14I
6563.000	7167.000	668.000	1410.320	123.236	0.000	0.000	0.688	4.220	58.224	8.641	9.984	subject61266afc55085	14I
7293.000	7846.000	606.000	1005.961	-77.209	0.000	0.000	0.688	12.631	306.331	30.270	14.910	subject61266afc55085	14I
7951.000	10351.000	2450.000	610.498	-141.653	0.000	0.000	0.688	10.536	275.676	36.313	29.766	subject61266afc55085	14I
10450.000	13105.000	2697.000	365.836	-98.098	0.000	0.000	0.688	10.703	294.030	40.819	29.131	subject61266afc55085	14I
13199.000	13673.000	540.000	143.416	-270.542	0.000	0.000	0.688	10.186	78.151	15.665	8.183	subject61266afc55085	14I
13783.000	15406.000	1666.000	73.577	-26.098	0.000	0.000	0.688	7.849	124.509	35.545	9.587	subject61266afc55085	14I
15491.000	17302.000	1851.000	180.783	-58.987	0.000	0.000	0.688	10.360	234.739	24.439	27.383	subject61266afc55085	14I
17385.000	18241.000	911.000	630.071	204.124	0.000	0.000	0.688	9.570	271.969	34.087	19.279	subject61266afc55085	14I
18346.000	19197.000	899.000	1166.548	335.236	0.000	0.000	0.688	7.601	109.535	26.957	7.071	subject61266afc55085	14I
19294.000	19925.000	687.000	791.103	264.569	0.000	0.000	0.688	6.884	100.099	17.282	8.845	subject61266afc55085	14I
20031.000	21756.000	1773.000	1300.890	276.124	0.000	0.000	0.688	6.447	197.202	33.265	15.174	subject61266afc55085	14I
21858.000	29695.000	7893.000	553.559	78.791	0.000	0.000	0.688	8.789	358.260	61.362	26.324	subject61266afc55085	14I
29805.000	34629.000	4866.000	838.256	151.680	0.000	0.000	0.688	8.871	231.183	35.969	30.481	subject61266afc55085	14I
34720.000	35210.000	542.000	638.078	222.791	0.000	0.000	0.688	10.295	214.385	21.788	17.002	subject61266afc55085	14I
35314.000	37655.000	2384.000	602.491	130.791	0.000	0.000	0.688	8.723	142.632	27.566	14.062	subject61266afc55085	14I
37751.000	40532.000	2835.000	342.705	61.902	0.000	0.000	0.688	8.905	171.570	33.159	14.618	subject61266afc55085	14I
40638.000	40733.000	144.000	24.199	96.569	0.000	0.000	0.688	8.221	18.820	10.417	6.912	subject61266afc55085	14I
40827.000	41821.000	1040.000	410.320	102.791	0.000	0.000	0.688	12.968	127.166	33.159	11.811	subject61266afc55085	14I
41919.000	42491.000	624.000	453.915	146.791	0.000	0.000	0.688	11.325	221.384	23.723	16.790	subject61266afc55085	14I
42589.000	43232.000	692.000	357.829	69.013	0.000	0.000	0.688	9.329	126.629	29.422	9.613	subject61266afc55085	14I
43333.000	43378.000	96.000	760.409	293.013	0.000	0.000	0.688	8.651	0.000	8.614	0.794	subject61266afc55085	14I
43483.000	43527.000	93.000	445.907	34.791	0.000	0.000	0.688	0.715	NaN	0.000	0.715	subject61266afc55085	14I
43626.000	44750.000	1173.000	97.153	35.680	0.000	0.000	0.688	11.015	136.828	28.361	8.660	subject61266afc55085	14I
44847.000	44897.000	94.000	324.021	43.680	0.000	0.000	0.688	5.097	0.000	3.022	4.105	subject61266afc55085	14I
45002.000	46045.000	1104.000	510.854	-13.653	0.000	0.000	0.688	10.170	212.552	34.617	13.930	subject61266afc55085	14I
46152.000	47314.000	1215.000	606.050	35.236	0.000	0.000	0.688	10.911	228.055	35.598	14.036	subject61266afc55085	14I
47406.000	48126.000	768.000	897.865	137.458	0.000	0.000	0.688	8.625	197.799	19.561	20.339	subject61266afc55085	14I
48220.000	49095.000	925.000	845.374	37.902	0.000	0.000	0.688	9.658	205.055	31.993	11.176	subject61266afc55085	14I
49186.000	49731.000	590.000	1313.345	340.124	0.000	0.000	0.688	10.457	177.842	19.243	11.149	subject61266afc55085	14I
49834.000	53491.000	3704.000	870.285	222.791	0.000	0.000	0.688	9.181	535.232	49.089	28.548	subject61266afc55085	14I
1.000	538.000	587.000	909.875	656.569	0.000	0.000	0.698	4.448	33.536	10.788	5.217	subject61266afc55085	15I
633.000	777.000	196.000	310.231	354.791	0.000	0.000	0.698	3.371	15.243	4.798	2.436	subject61266afc55085	15I
880.000	1090.000	264.000	111.388	213.013	0.000	0.000	0.698	6.244	37.643	12.140	2.860	subject61266afc55085	15I
1192.000	3420.000	2269.000	325.356	107.680	0.000	0.000	0.698	8.215	301.088	31.675	31.594	subject61266afc55085	15I
3516.000	4255.000	796.000	-118.149	48.569	0.000	0.000	0.698	13.308	487.860	27.672	36.758	subject61266afc55085	15I
4369.000	5204.000	883.000	67.794	109.013	0.000	0.000	0.698	8.475	158.641	15.957	18.644	subject61266afc55085	15I
5295.000	5835.000	577.000	1.957	-98.987	0.000	0.000	0.698	8.789	274.793	24.280	18.273	subject61266afc55085	15I
5915.000	9322.000	3453.000	160.320	-77.653	0.000	0.000	0.698	9.311	262.523	23.749	44.332	subject61266afc55085	15I
9411.000	10247.000	884.000	238.167	-109.653	0.000	0.000	0.698	8.160	137.096	20.198	11.944	subject61266afc55085	15I
10347.000	12165.000	1870.000	337.367	-94.542	0.000	0.000	0.698	9.843	318.592	24.306	38.108	subject61266afc55085	15I
12250.000	12360.000	163.000	136.299	-97.209	0.000	0.000	0.698	3.643	0.646	5.593	0.371	subject61266afc55085	15I
12463.000	12811.000	393.000	206.139	-82.987	0.000	0.000	0.698	2.861	9.451	9.463	5.058	subject61266afc55085	15I
12900.000	14415.000	1558.000	188.790	-130.987	0.000	0.000	0.698	9.195	321.170	24.412	35.619	subject61266afc55085	15I
14504.000	15315.000	856.000	345.374	65.902	0.000	0.000	0.698	8.188	316.266	28.202	21.901	subject61266afc55085	15I
15416.000	16457.000	1082.000	836.477	203.680	0.000	0.000	0.698	10.496	244.834	24.863	27.701	subject61266afc55085	15I
16547.000	17829.000	1322.000	153.203	125.458	0.000	0.000	0.698	9.182	290.820	27.381	36.731	subject61266afc55085	15I
17911.000	19061.000	1208.000	493.950	-206.542	0.000	0.000	0.698	8.989	366.794	28.918	23.596	subject61266afc55085	15I
19170.000	20043.000	918.000	196.797	309.013	0.000	0.000	0.698	8.830	222.535	16.646	26.350	subject61266afc55085	15I
20139.000	21369.000	1281.000	124.288	-276.320	0.000	0.000	0.698	8.033	186.810	25.790	17.531	subject61266afc55085	15I
21472.000	21567.000	142.000	77.580	73.458	0.000	0.000	0.698	3.147	12.482	4.188	2.172	subject61266afc55085	15I
21653.000	22781.000	1177.000	181.673	-290.098	0.000	0.000	0.698	8.636	112.600	18.183	12.103	subject61266afc55085	15I
22873.000	24286.000	1465.000	78.025	-289.653	0.000	0.000	0.698	7.704	136.351	29.236	9.878	subject61266afc55085	15I
24390.000	24943.000	604.000	343.594	-304.320	0.000	0.000	0.698	7.513	69.801	15.374	8.395	subject61266afc55085	15I
25037.000	26520.000	1530.000	141.637	-294.542	0.000	0.000	0.698	7.666	154.721	22.106	16.287	subject61266afc55085	15I
26616.000	27494.000	937.000	192.349	-232.320	0.000	0.000	0.698	4.800	55.681	13.518	7.150	subject61266afc55085	15I
27624.000	29076.000	1504.000	-30.961	-255.431	0.000	0.000	0.698	7.798	349.995	22.557	40.624	subject61266afc55085	15I
29180.000	29217.000	79.000	422.776	328.124	0.000	0.000	0.698	3.921	0.000	2.916	2.622	subject61266afc55085	15I
29310.000	29769.000	505.000	183.452	63.680	0.000	0.000	0.698	10.574	143.942	16.434	15.810	subject61266afc55085	15I
29869.000	30008.000	191.000	160.765	579.680	0.000	0.000	0.698	9.667	212.881	10.974	20.577	subject61266afc55085	15I
30103.000	33003.000	2950.000	238.167	-210.987	0.000	0.000	0.698	7.975	201.304	35.571	16.446	subject61266afc55085	15I
33098.000	33648.000	595.000	137.633	200.124	0.000	0.000	0.698	7.153	261.063	13.995	25.635	subject61266afc55085	15I
33739.000	34557.000	866.000	28.648	-138.098	0.000	0.000	0.698	8.349	131.213	12.988	15.863	subject61266afc55085	15I
34650.000	35133.000	522.000	300.000	43.236	0.000	0.000	0.698	15.051	480.320	17.282	31.991	subject61266afc55085	15I
35225.000	36932.000	1750.000	252.847	-150.542	0.000	0.000	0.698	8.727	272.642	20.595	38.532	subject61266afc55085	15I
37023.000	38830.000	1857.000	300.890	-221.653	0.000	0.000	0.698	10.133	425.436	28.255	47.086	subject61266afc55085	15I
38936.000	41964.000	3069.000	311.566	-139.876	0.000	0.000	0.698	7.704	147.745	31.648	13.586	subject61266afc55085	15I
42048.000	42942.000	951.000	567.794	-133.653	0.000	0.000	0.698	8.601	139.394	29.819	13.612	subject61266afc55085	15I
43044.000	43590.000	596.000	244.840	-138.098	0.000	0.000	0.698	8.529	149.341	23.007	12.341	subject61266afc55085	15I
43692.000	45098.000	1456.000	413.879	-112.320	0.000	0.000	0.698	5.120	114.287	22.239	9.851	subject61266afc55085	15I
45193.000	45596.000	442.000	162.989	-130.987	0.000	0.000	0.698	9.328	111.648	19.694	7.812	subject61266afc55085	15I
45707.000	47248.000	1583.000	346.263	195.680	0.000	0.000	0.698	9.647	311.605	22.530	31.037	subject61266afc55085	15I
47331.000	47380.000	91.000	5.516	233.902	0.000	0.000	0.698	3.655	0.000	1.431	3.363	subject61266afc55085	15I
47467.000	50337.000	2913.000	356.940	173.013	0.000	0.000	0.698	7.661	178.862	27.036	21.080	subject61266afc55085	15I
50432.000	52145.000	1761.000	218.594	84.124	0.000	0.000	0.698	6.184	101.294	18.448	16.446	subject61266afc55085	15I
52244.000	52400.000	220.000	129.181	-61.209	0.000	0.000	0.698	3.404	16.443	5.036	2.701	subject61266afc55085	15I
52509.000	52903.000	442.000	126.068	401.458	0.000	0.000	0.698	11.956	264.393	16.699	29.766	subject61266afc55085	15I
52996.000	54939.000	1998.000	150.534	61.013	0.000	0.000	0.698	5.633	97.239	15.930	16.075	subject61266afc55085	15I
55034.000	55275.000	281.000	391.192	49.458	0.000	0.000	0.698	2.663	19.718	5.566	4.608	subject61266afc55085	15I
55369.000	56286.000	963.000	291.993	395.236	0.000	0.000	0.698	6.957	205.016	16.884	23.543	subject61266afc55085	15I
56379.000	59957.000	3626.000	356.050	-125.653	0.000	0.000	0.698	6.434	169.266	23.749	20.259	subject61266afc55085	15I
60057.000	63399.000	3394.000	218.149	-136.320	0.000	0.000	0.698	7.009	194.747	23.325	39.115	subject61266afc55085	15I
63505.000	64350.000	895.000	461.032	-138.987	0.000	0.000	0.698	4.923	51.788	11.186	8.368	subject61266afc55085	15I
64448.000	64700.000	301.000	461.922	-138.098	0.000	0.000	0.698	3.679	14.461	7.157	2.225	subject61266afc55085	15I
64793.000	65963.000	1248.000	398.754	-104.320	0.000	0.000	0.698	7.929	164.833	19.137	28.230	subject61266afc55085	15I
66108.000	69140.000	3081.000	325.801	-178.542	0.000	0.000	0.698	6.940	165.647	20.569	32.732	subject61266afc55085	15I
69243.000	69581.000	385.000	158.541	-243.431	0.000	0.000	0.698	8.224	80.081	10.708	8.633	subject61266afc55085	15I
69682.000	70214.000	576.000	68.238	-446.542	0.000	0.000	0.698	5.013	54.818	7.846	8.157	subject61266afc55085	15I
70308.000	72776.000	2528.000	100.712	-306.098	0.000	0.000	0.698	7.541	201.795	25.578	32.918	subject61266afc55085	15I
72896.000	73431.000	572.000	37.544	-368.320	0.000	0.000	0.698	6.784	65.536	14.711	7.627	subject61266afc55085	15I
73514.000	73707.000	240.000	685.231	210.347	0.000	0.000	0.698	10.881	152.362	19.455	23.066	subject61266afc55085	15I
73804.000	75708.000	1954.000	239.947	-238.542	0.000	0.000	0.698	8.271	276.490	29.289	33.394	subject61266afc55085	15I
75799.000	76892.000	1137.000	379.181	-78.542	0.000	0.000	0.698	6.285	59.300	16.699	6.938	subject61266afc55085	15I
76983.000	78599.000	1667.000	294.217	-114.542	0.000	0.000	0.698	5.548	73.155	18.899	10.487	subject61266afc55085	15I
78701.000	78909.000	254.000	3.737	-316.764	0.000	0.000	0.698	7.133	38.072	12.246	4.264	subject61266afc55085	15I
79015.000	81980.000	3002.000	412.989	-192.320	0.000	0.000	0.698	9.693	270.619	34.458	30.031	subject61266afc55085	15I
82067.000	82415.000	389.000	260.409	-52.764	0.000	0.000	0.698	15.719	265.819	25.949	27.515	subject61266afc55085	15I
82504.000	83451.000	993.000	159.431	-50.987	0.000	0.000	0.698	5.679	72.481	13.412	14.486	subject61266afc55085	15I
83548.000	84807.000	1311.000	296.441	-32.320	0.000	0.000	0.698	9.767	202.497	29.687	21.504	subject61266afc55085	15I
84908.000	85773.000	920.000	314.235	-187.876	0.000	0.000	0.698	9.799	182.143	27.301	17.743	subject61266afc55085	15I
85879.000	87099.000	1283.000	449.911	-70.987	0.000	0.000	0.698	12.008	241.349	25.817	25.767	subject61266afc55085	15I
87202.000	87466.000	318.000	53.559	-22.987	0.000	0.000	0.698	5.324	37.548	9.410	7.044	subject61266afc55085	15I
87577.000	90186.000	2657.000	103.381	-92.764	0.000	0.000	0.698	6.659	100.441	19.588	15.757	subject61266afc55085	15I
90276.000	91335.000	1104.000	104.270	-208.320	0.000	0.000	0.698	7.020	60.907	20.171	7.733	subject61266afc55085	15I
91457.000	91867.000	457.000	294.662	-127.431	0.000	0.000	0.698	3.795	35.151	5.699	6.674	subject61266afc55085	15I
91963.000	93916.000	2000.000	219.039	-180.764	0.000	0.000	0.698	8.121	184.468	30.906	28.998	subject61266afc55085	15I
94015.000	99607.000	5633.000	281.762	-122.542	0.000	0.000	0.698	5.718	137.597	29.501	20.524	subject61266afc55085	15I
99692.000	100064.000	420.000	425.445	-50.987	0.000	0.000	0.698	5.647	121.013	12.537	11.335	subject61266afc55085	15I
100158.000	101766.000	1649.000	561.566	-81.209	0.000	0.000	0.698	6.120	75.411	17.600	13.347	subject61266afc55085	15I
101857.000	102846.000	1038.000	598.043	-49.209	0.000	0.000	0.698	6.467	66.708	17.361	10.381	subject61266afc55085	15I
102944.000	103598.000	692.000	185.231	-149.653	0.000	0.000	0.698	5.478	56.105	9.993	8.898	subject61266afc55085	15I
103685.000	107439.000	3802.000	324.911	-86.542	0.000	0.000	0.698	6.281	89.201	20.940	15.174	subject61266afc55085	15I
107531.000	109652.000	2173.000	310.231	-66.542	0.000	0.000	0.698	5.459	89.079	14.843	19.782	subject61266afc55085	15I
109755.000	111672.000	1961.000	288.879	-13.653	0.000	0.000	0.698	5.385	56.593	14.817	13.956	subject61266afc55085	15I
111791.000	115081.000	3349.000	377.847	-95.876	0.000	0.000	0.698	7.536	175.604	21.602	34.215	subject61266afc55085	15I
115192.000	115413.000	272.000	244.840	-200.320	0.000	0.000	0.698	5.181	35.923	5.248	5.270	subject61266afc55085	15I
115512.000	119839.000	4378.000	412.989	-112.320	0.000	0.000	0.698	7.507	229.930	31.993	42.875	subject61266afc55085	15I
119935.000	124667.000	4780.000	296.441	-76.764	0.000	0.000	0.698	6.855	111.246	19.880	20.100	subject61266afc55085	15I
124769.000	126248.000	1527.000	337.367	-58.987	0.000	0.000	0.698	6.470	167.646	26.135	12.050	subject61266afc55085	15I
126339.000	128103.000	1812.000	325.801	-81.209	0.000	0.000	0.698	6.488	112.153	22.901	11.758	subject61266afc55085	15I
128202.000	128970.000	818.000	234.609	-93.209	0.000	0.000	0.698	6.543	92.558	16.646	11.176	subject61266afc55085	15I
129067.000	131755.000	2743.000	279.537	-66.098	0.000	0.000	0.698	5.887	86.212	24.518	12.129	subject61266afc55085	15I
131856.000	138993.000	7201.000	292.883	-16.320	0.000	0.000	0.698	6.590	140.769	29.210	18.220	subject61266afc55085	15I
139108.000	139306.000	251.000	816.014	48.569	0.000	0.000	0.698	7.728	103.229	8.455	9.904	subject61266afc55085	15I
139410.000	139588.000	246.000	791.993	-10.987	0.000	0.000	0.698	3.361	22.458	7.660	5.959	subject61266afc55085	15I
139722.000	142316.000	2637.000	654.982	85.013	0.000	0.000	0.698	8.628	229.659	24.465	27.727	subject61266afc55085	15I
142410.000	142560.000	200.000	348.488	276.124	0.000	0.000	0.698	6.623	95.922	6.759	8.978	subject61266afc55085	15I
142665.000	143691.000	1078.000	249.288	88.569	0.000	0.000	0.698	6.970	113.603	23.431	9.878	subject61266afc55085	15I
143787.000	144920.000	1166.000	314.680	186.791	0.000	0.000	0.698	8.910	232.274	25.552	18.273	subject61266afc55085	15I
144995.000	145140.000	197.000	-131.050	91.680	0.000	0.000	0.698	4.041	15.478	6.441	4.131	subject61266afc55085	15I
145239.000	145693.000	503.000	146.975	103.680	0.000	0.000	0.698	5.319	46.868	8.959	7.759	subject61266afc55085	15I
145791.000	147416.000	1673.000	123.843	-137.653	0.000	0.000	0.698	6.635	158.716	13.704	21.795	subject61266afc55085	15I
147510.000	147839.000	371.000	79.359	37.013	0.000	0.000	0.698	4.868	37.214	7.660	5.244	subject61266afc55085	15I
147936.000	149056.000	1163.000	297.331	-143.431	0.000	0.000	0.698	11.292	228.671	31.754	22.987	subject61266afc55085	15I
149141.000	149480.000	385.000	155.872	102.791	0.000	0.000	0.698	15.395	475.085	25.234	23.093	subject61266afc55085	15I
149578.000	149630.000	103.000	242.171	-187.431	0.000	0.000	0.698	1.601	0.000	1.007	1.245	subject61266afc55085	15I
149726.000	149770.000	88.000	292.438	-354.098	0.000	0.000	0.698	1.278	0.000	0.133	1.271	subject61266afc55085	15I
149860.000	149965.000	149.000	390.747	-202.098	0.000	0.000	0.698	2.094	2.066	0.398	2.595	subject61266afc55085	15I
150061.000	150600.000	588.000	41.993	-234.098	0.000	0.000	0.698	5.682	51.733	8.005	9.269	subject61266afc55085	15I
150700.000	152027.000	1378.000	183.452	-216.320	0.000	0.000	0.698	5.972	67.927	18.819	9.693	subject61266afc55085	15I
152130.000	152236.000	157.000	-47.865	-250.098	0.000	0.000	0.698	4.430	13.416	4.798	1.801	subject61266afc55085	15I
152349.000	152396.000	94.000	298.221	-114.987	0.000	0.000	0.698	5.538	0.000	0.954	5.455	subject61266afc55085	15I
152491.000	153400.000	958.000	222.598	-274.987	0.000	0.000	0.698	6.200	89.202	16.937	7.759	subject61266afc55085	15I
153507.000	154206.000	746.000	206.584	-267.431	0.000	0.000	0.698	5.537	65.318	10.682	8.210	subject61266afc55085	15I
154308.000	156932.000	2676.000	150.089	-264.764	0.000	0.000	0.698	7.687	95.539	21.390	12.579	subject61266afc55085	15I
157031.000	157370.000	390.000	821.352	112.569	0.000	0.000	0.698	11.721	157.089	25.631	14.751	subject61266afc55085	15I
157478.000	160152.000	2723.000	119.395	-233.653	0.000	0.000	0.698	7.413	122.743	21.231	18.803	subject61266afc55085	15I
160256.000	163710.000	3501.000	437.900	-79.431	0.000	0.000	0.698	6.828	127.682	27.778	17.531	subject61266afc55085	15I
163806.000	166504.000	2752.000	305.338	-60.320	0.000	0.000	0.698	6.020	153.056	29.687	20.074	subject61266afc55085	15I
166603.000	167145.000	604.000	392.527	25.458	0.000	0.000	0.698	5.700	84.563	14.366	8.395	subject61266afc55085	15I
167255.000	168062.000	848.000	1874.733	483.236	1.000	0.167	0.698	5.523	114.463	18.130	12.076	subject61266afc55085	15I
168256.000	169743.000	1537.000	396.530	226.347	1.000	0.000	0.698	11.075	823.869	67.166	18.988	subject61266afc55085	15I
169942.000	171269.000	1373.000	1317.794	385.458	0.000	0.000	0.698	10.665	363.130	38.248	37.579	subject61266afc55085	15I
1.000	62.000	123.000	337.367	-149.653	0.000	0.000	0.692	5.782	0.000	5.778	0.212	subject61266afc55085	15S
168.000	604.000	485.000	283.541	-267.876	0.000	0.000	0.692	6.289	99.392	14.207	11.705	subject61266afc55085	15S
702.000	4152.000	3528.000	868.505	236.124	0.000	0.000	0.692	8.501	258.950	28.812	28.363	subject61266afc55085	15S
4299.000	4615.000	371.000	1243.950	113.902	0.000	0.000	0.692	9.071	106.939	10.974	11.970	subject61266afc55085	15S
4714.000	7670.000	3009.000	388.078	41.902	0.000	0.000	0.692	9.300	285.349	42.198	23.119	subject61266afc55085	15S
7777.000	8611.000	877.000	332.028	118.791	0.000	0.000	0.692	5.621	87.970	19.243	8.130	subject61266afc55085	15S
8704.000	11229.000	2574.000	565.125	131.236	0.000	0.000	0.692	11.749	598.347	52.959	31.461	subject61266afc55085	15S
11317.000	12083.000	816.000	590.036	-138.098	0.000	0.000	0.692	8.714	257.770	21.947	24.549	subject61266afc55085	15S
12187.000	14543.000	2412.000	-14.502	-182.542	0.000	0.000	0.692	9.098	252.779	42.728	14.327	subject61266afc55085	15S
14652.000	16664.000	2062.000	-119.929	-75.876	0.000	0.000	0.692	9.475	336.791	38.222	25.397	subject61266afc55085	15S
16755.000	17837.000	1137.000	603.381	-158.542	0.000	0.000	0.692	10.561	308.123	29.872	17.214	subject61266afc55085	15S
17934.000	18571.000	693.000	-143.950	-191.431	0.000	0.000	0.692	11.041	202.873	17.282	20.286	subject61266afc55085	15S
18670.000	19171.000	548.000	142.527	-142.542	0.000	0.000	0.692	8.424	119.651	25.817	7.971	subject61266afc55085	15S
19266.000	19579.000	366.000	807.562	-137.209	0.000	0.000	0.692	8.091	100.557	9.701	10.990	subject61266afc55085	15S
19687.000	19877.000	229.000	-295.641	-174.098	0.000	0.000	0.692	7.917	63.364	11.504	5.932	subject61266afc55085	15S
19963.000	20310.000	405.000	-35.409	-132.764	0.000	0.000	0.692	6.636	105.641	14.234	7.865	subject61266afc55085	15S
20420.000	21749.000	1378.000	657.651	-36.764	0.000	0.000	0.692	8.265	178.800	36.949	12.950	subject61266afc55085	15S
21842.000	23561.000	1768.000	303.559	-7.431	0.000	0.000	0.692	7.297	357.859	45.908	14.565	subject61266afc55085	15S
23660.000	25390.000	1783.000	-103.470	54.791	0.000	0.000	0.692	10.510	266.792	38.805	14.009	subject61266afc55085	15S
25485.000	26474.000	1030.000	-196.886	64.569	0.000	0.000	0.692	7.985	206.791	21.443	20.921	subject61266afc55085	15S
26562.000	27018.000	508.000	-370.819	-225.653	0.000	0.000	0.692	7.258	97.440	8.270	12.632	subject61266afc55085	15S
27125.000	28575.000	1503.000	4.626	-126.542	0.000	0.000	0.692	8.162	319.434	42.463	17.823	subject61266afc55085	15S
28674.000	30152.000	1526.000	81.139	-107.876	0.000	0.000	0.692	8.674	278.277	34.961	23.569	subject61266afc55085	15S
30259.000	31716.000	1509.000	147.865	-29.653	0.000	0.000	0.692	12.195	516.982	50.123	22.113	subject61266afc55085	15S
31811.000	32496.000	727.000	-284.520	-95.431	0.000	0.000	0.692	6.972	127.715	15.957	13.771	subject61266afc55085	15S
32588.000	33071.000	535.000	239.502	-54.542	0.000	0.000	0.692	8.307	109.677	12.458	11.361	subject61266afc55085	15S
33170.000	34341.000	1247.000	-125.267	5.013	0.000	0.000	0.692	9.105	216.169	25.446	20.259	subject61266afc55085	15S
34485.000	34953.000	519.000	345.374	155.680	0.000	0.000	0.692	7.742	72.430	11.159	11.467	subject61266afc55085	15S
35062.000	35442.000	438.000	873.843	-71.431	0.000	0.000	0.692	9.916	111.305	18.766	11.149	subject61266afc55085	15S
35548.000	38557.000	3054.000	297.331	-69.653	0.000	0.000	0.692	6.700	128.334	24.200	13.850	subject61266afc55085	15S
38652.000	39100.000	491.000	244.840	-36.320	0.000	0.000	0.692	5.682	34.004	10.867	5.720	subject61266afc55085	15S
39204.000	39724.000	561.000	136.744	-14.542	0.000	0.000	0.692	4.705	29.808	8.482	6.541	subject61266afc55085	15S
39806.000	40105.000	342.000	420.107	-124.764	0.000	0.000	0.692	5.383	58.403	6.786	7.892	subject61266afc55085	15S
40194.000	40922.000	772.000	629.181	-72.320	0.000	0.000	0.692	6.866	78.945	14.207	10.487	subject61266afc55085	15S
41042.000	41381.000	391.000	76.690	-290.098	0.000	0.000	0.692	6.877	75.743	12.511	8.236	subject61266afc55085	15S
41484.000	42549.000	1105.000	1832.918	306.347	0.000	0.043	0.692	8.202	249.951	14.393	25.847	subject61266afc55085	15S
42638.000	42725.000	138.000	1729.715	-216.320	0.000	0.000	0.692	8.754	61.600	9.145	3.310	subject61266afc55085	15S
42827.000	43840.000	1055.000	179.004	-382.542	1.000	0.000	0.692	10.539	303.995	49.752	15.174	subject61266afc55085	15S
44487.000	44487.000	52.000	1158.541	93.013	1.000	0.000	0.692	NaN	NaN	0.000	0.000	subject61266afc55085	15S
44586.000	45271.000	733.000	469.929	155.236	0.000	0.000	0.692	11.621	261.576	17.017	21.345	subject61266afc55085	15S
45370.000	46719.000	1401.000	599.822	-67.876	0.000	0.000	0.692	11.038	689.125	51.952	24.470	subject61266afc55085	15S
46814.000	46862.000	103.000	411.210	775.236	0.000	0.000	0.692	3.199	0.000	3.181	0.344	subject61266afc55085	15S
46979.000	47583.000	650.000	1045.996	199.236	0.000	0.000	0.692	8.760	189.624	16.354	17.982	subject61266afc55085	15S
155086.000	156165.000	1128.000	997.572	113.656	0.000	0.000	0.688	3.844	25.018	8.036	8.651	subject61266afc55085	1V
138305.000	139537.000	1280.000	110.166	49.725	0.000	0.000	0.688	4.639	40.253	11.114	10.185	subject61266afc55085	1V
141140.000	142311.000	1226.000	868.032	824.453	0.000	0.000	0.688	8.877	147.169	12.676	28.385	subject61266afc55085	1V
143918.000	145120.000	1244.000	986.176	423.547	0.000	0.000	0.688	5.009	53.414	9.846	12.433	subject61266afc55085	1V
146729.000	147834.000	1157.000	605.533	534.540	0.000	0.000	0.688	6.550	143.270	14.170	15.238	subject61266afc55085	1V
149439.000	152792.000	3395.000	591.857	237.968	0.000	0.000	0.688	7.043	136.899	19.444	13.148	subject61266afc55085	1V
152890.000	153469.000	639.000	359.369	356.064	0.000	0.000	0.688	4.052	32.504	8.171	7.090	subject61266afc55085	1V
1.000	113.000	169.000	1454.804	762.347	0.000	0.000	0.685	6.643	26.374	7.846	2.119	subject61266afc55085	2I
219.000	1484.000	1306.000	617.616	368.569	0.000	0.000	0.685	6.301	241.797	35.306	13.056	subject61266afc55085	2I
1579.000	2265.000	739.000	405.872	408.569	0.000	0.000	0.685	7.021	95.595	12.193	14.565	subject61266afc55085	2I
2378.000	4629.000	2295.000	573.577	437.458	0.000	0.000	0.685	8.141	263.202	43.629	20.233	subject61266afc55085	2I
4717.000	5472.000	796.000	562.011	467.236	0.000	0.000	0.685	7.949	149.526	15.453	17.055	subject61266afc55085	2I
5568.000	5912.000	399.000	518.416	451.236	0.000	0.000	0.685	7.669	111.783	9.569	12.155	subject61266afc55085	2I
6016.000	6305.000	342.000	548.221	97.458	0.000	0.000	0.685	9.454	224.963	17.786	13.480	subject61266afc55085	2I
6405.000	8237.000	1882.000	614.502	215.236	0.000	0.000	0.685	6.500	184.136	33.080	14.565	subject61266afc55085	2I
8338.000	8536.000	251.000	247.509	449.458	0.000	0.000	0.685	7.993	95.377	9.198	8.342	subject61266afc55085	2I
8638.000	9907.000	1315.000	-145.730	479.680	0.000	0.000	0.685	7.474	122.653	19.721	18.803	subject61266afc55085	2I
10000.000	10639.000	692.000	36.210	333.458	0.000	0.000	0.685	10.029	199.545	16.222	16.525	subject61266afc55085	2I
10736.000	11899.000	1207.000	-92.349	201.902	0.000	0.000	0.685	9.528	186.415	24.306	20.127	subject61266afc55085	2I
11994.000	15924.000	3973.000	552.669	428.124	0.000	0.000	0.685	8.049	191.914	36.976	22.033	subject61266afc55085	2I
16006.000	16159.000	206.000	791.993	482.347	0.000	0.000	0.685	4.624	14.561	6.176	2.145	subject61266afc55085	2I
16267.000	16587.000	373.000	501.957	366.347	0.000	0.000	0.685	7.068	55.921	11.848	6.859	subject61266afc55085	2I
16692.000	17197.000	553.000	45.552	121.013	0.000	0.000	0.685	5.825	67.808	11.106	10.249	subject61266afc55085	2I
17291.000	22380.000	5133.000	372.064	280.569	0.000	0.000	0.685	7.646	182.501	30.668	18.193	subject61266afc55085	2I
22474.000	23868.000	1436.000	462.367	386.347	0.000	0.000	0.685	5.926	66.495	19.243	9.693	subject61266afc55085	2I
23963.000	25454.000	1546.000	-320.996	245.013	0.000	0.000	0.685	7.749	261.216	26.559	21.769	subject61266afc55085	2I
25557.000	26758.000	1245.000	40.658	152.569	0.000	0.000	0.685	7.739	193.181	24.916	19.650	subject61266afc55085	2I
26849.000	27546.000	747.000	9.964	221.902	0.000	0.000	0.685	9.190	253.011	35.598	11.838	subject61266afc55085	2I
27651.000	31081.000	3490.000	106.050	259.236	0.000	0.000	0.685	8.501	182.000	27.858	20.603	subject61266afc55085	2I
31184.000	33675.000	2540.000	229.715	200.569	0.000	0.000	0.685	8.880	222.669	33.583	17.770	subject61266afc55085	2I
33763.000	36391.000	2680.000	556.673	221.902	0.000	0.000	0.685	6.919	159.006	22.530	20.683	subject61266afc55085	2I
36488.000	36920.000	472.000	510.854	219.236	0.000	0.000	0.685	4.867	53.412	12.140	6.012	subject61266afc55085	2I
37000.000	37976.000	1022.000	599.822	154.347	0.000	0.000	0.685	8.091	93.166	26.586	11.096	subject61266afc55085	2I
38077.000	41599.000	3574.000	465.480	229.458	0.000	0.000	0.685	8.635	158.052	28.918	26.430	subject61266afc55085	2I
41711.000	44181.000	2523.000	102.491	125.902	0.000	0.000	0.685	10.051	318.950	43.735	19.729	subject61266afc55085	2I
44286.000	48393.000	4182.000	-212.456	179.236	0.000	0.000	0.685	9.466	277.293	38.460	27.012	subject61266afc55085	2I
48523.000	49853.000	1387.000	582.028	297.013	0.000	0.000	0.685	8.457	169.542	23.007	14.777	subject61266afc55085	2I
49953.000	50059.000	181.000	807.117	414.791	0.000	0.000	0.685	3.388	20.916	4.188	2.463	subject61266afc55085	2I
50214.000	50304.000	135.000	693.238	69.902	0.000	0.000	0.685	4.492	29.325	5.354	4.052	subject61266afc55085	2I
50426.000	50488.000	103.000	451.246	56.124	0.000	0.000	0.685	1.945	0.000	1.537	1.192	subject61266afc55085	2I
50578.000	51074.000	537.000	986.833	324.124	0.000	0.000	0.685	6.329	108.996	15.612	12.606	subject61266afc55085	2I
51162.000	52403.000	1286.000	639.858	296.569	0.000	0.000	0.685	5.648	95.867	24.147	9.640	subject61266afc55085	2I
52486.000	54974.000	2539.000	552.669	244.124	0.000	0.000	0.685	5.811	90.929	19.270	15.466	subject61266afc55085	2I
55071.000	64411.000	9393.000	169.662	240.569	0.000	0.000	0.685	8.552	193.818	39.680	20.365	subject61266afc55085	2I
64508.000	65569.000	1101.000	-298.310	249.013	0.000	0.000	0.685	6.330	69.410	15.002	8.607	subject61266afc55085	2I
65653.000	75974.000	10363.000	-360.142	179.236	0.000	0.000	0.685	7.412	167.746	29.024	26.562	subject61266afc55085	2I
76056.000	76109.000	110.000	-479.804	49.458	0.000	0.000	0.685	2.446	0.000	2.253	0.953	subject61266afc55085	2I
76213.000	76254.000	97.000	85.587	145.902	0.000	0.000	0.685	6.614	0.000	6.308	1.986	subject61266afc55085	2I
76351.000	78176.000	1873.000	-297.865	167.680	0.000	0.000	0.685	7.796	155.434	23.458	16.022	subject61266afc55085	2I
78268.000	78478.000	267.000	-254.270	-2.987	0.000	0.000	0.685	2.695	7.535	1.325	5.667	subject61266afc55085	2I
78576.000	80148.000	1617.000	-402.847	101.013	0.000	0.000	0.685	5.459	71.860	14.896	13.744	subject61266afc55085	2I
80235.000	81991.000	1812.000	-377.936	158.791	0.000	0.000	0.685	5.939	73.288	22.239	8.660	subject61266afc55085	2I
82097.000	82286.000	220.000	-345.907	291.236	0.000	0.000	0.685	3.609	33.272	5.301	6.117	subject61266afc55085	2I
82367.000	84182.000	1868.000	-66.548	80.569	0.000	0.000	0.685	6.976	113.253	17.414	15.174	subject61266afc55085	2I
84287.000	85633.000	1387.000	131.851	100.124	0.000	0.000	0.685	9.788	243.496	25.472	19.835	subject61266afc55085	2I
85725.000	86722.000	1050.000	30.427	123.236	0.000	0.000	0.685	9.223	235.349	35.545	17.770	subject61266afc55085	2I
86816.000	86866.000	95.000	177.224	114.791	0.000	0.000	0.685	6.809	0.000	6.574	1.774	subject61266afc55085	2I
86964.000	87259.000	362.000	439.680	295.680	0.000	0.000	0.685	5.988	79.947	8.376	10.222	subject61266afc55085	2I
87374.000	91319.000	3997.000	291.103	168.569	0.000	0.000	0.685	7.660	197.219	27.063	21.212	subject61266afc55085	2I
91422.000	93483.000	2125.000	99.377	151.680	0.000	0.000	0.685	7.232	131.280	21.231	22.431	subject61266afc55085	2I
93597.000	97445.000	3896.000	570.018	241.902	0.000	0.000	0.685	7.365	179.483	35.253	19.624	subject61266afc55085	2I
97535.000	98336.000	853.000	167.438	117.013	0.000	0.000	0.685	5.438	61.673	13.598	7.971	subject61266afc55085	2I
98434.000	100513.000	2117.000	340.480	164.569	0.000	0.000	0.685	8.471	142.751	19.190	18.511	subject61266afc55085	2I
100594.000	102026.000	1496.000	183.897	69.013	0.000	0.000	0.685	8.028	86.715	22.000	11.546	subject61266afc55085	2I
102143.000	102233.000	144.000	-5.160	122.347	0.000	0.000	0.685	1.747	0.310	1.431	1.086	subject61266afc55085	2I
102334.000	102388.000	101.000	257.740	21.902	0.000	0.000	0.685	2.679	0.000	2.677	0.106	subject61266afc55085	2I
102476.000	105677.000	3248.000	186.121	114.347	0.000	0.000	0.685	7.905	92.113	22.795	14.195	subject61266afc55085	2I
105765.000	112525.000	6812.000	275.089	285.458	0.000	0.000	0.685	7.209	132.661	23.961	21.133	subject61266afc55085	2I
112623.000	115282.000	2716.000	346.263	295.680	0.000	0.000	0.685	6.598	95.804	15.983	14.354	subject61266afc55085	2I
115384.000	121796.000	6465.000	174.555	263.680	0.000	0.000	0.685	6.567	137.028	24.253	17.425	subject61266afc55085	2I
121897.000	121935.000	91.000	167.438	326.347	0.000	0.000	0.685	2.530	0.000	2.333	0.980	subject61266afc55085	2I
122033.000	122464.000	476.000	454.359	358.791	0.000	0.000	0.685	8.173	149.104	15.214	15.995	subject61266afc55085	2I
122556.000	125014.000	2500.000	443.683	269.013	0.000	0.000	0.685	7.777	139.798	29.130	13.109	subject61266afc55085	2I
125107.000	128266.000	3200.000	424.555	153.902	0.000	0.000	0.685	7.985	206.837	29.448	24.708	subject61266afc55085	2I
128363.000	132943.000	4629.000	-177.758	173.902	0.000	0.000	0.685	7.325	133.671	28.812	21.371	subject61266afc55085	2I
133048.000	133424.000	426.000	179.004	148.124	0.000	0.000	0.685	6.627	80.329	14.022	9.428	subject61266afc55085	2I
133521.000	133804.000	330.000	126.512	253.902	0.000	0.000	0.685	4.801	74.626	7.077	11.387	subject61266afc55085	2I
133926.000	135914.000	2062.000	-265.836	79.680	0.000	0.000	0.685	8.741	136.406	18.899	15.995	subject61266afc55085	2I
136038.000	136870.000	875.000	-48.310	61.013	0.000	0.000	0.685	10.351	181.466	24.863	20.603	subject61266afc55085	2I
136963.000	140880.000	3977.000	-210.676	124.124	0.000	0.000	0.685	7.191	232.470	28.706	31.911	subject61266afc55085	2I
140993.000	141251.000	312.000	-228.025	83.680	0.000	0.000	0.685	8.454	34.975	11.663	3.708	subject61266afc55085	2I
141355.000	145796.000	4494.000	-228.025	127.236	0.000	0.000	0.685	8.213	101.963	25.790	17.929	subject61266afc55085	2I
145901.000	146525.000	671.000	-174.644	88.124	0.000	0.000	0.685	4.458	32.404	8.164	7.230	subject61266afc55085	2I
146620.000	149922.000	3348.000	-161.299	68.569	0.000	0.000	0.685	7.686	164.604	35.015	15.916	subject61266afc55085	2I
150027.000	151739.000	1761.000	19.751	70.347	0.000	0.000	0.685	9.357	251.188	23.484	26.880	subject61266afc55085	2I
151838.000	151887.000	104.000	-198.665	-68.320	0.000	0.000	0.685	2.405	0.000	1.564	1.827	subject61266afc55085	2I
151994.000	153387.000	1433.000	-187.544	67.236	0.000	0.000	0.685	7.932	148.128	23.670	14.724	subject61266afc55085	2I
153475.000	153890.000	458.000	-81.673	279.236	0.000	0.000	0.685	10.269	245.543	12.564	29.025	subject61266afc55085	2I
153977.000	156550.000	2628.000	117.616	133.013	0.000	0.000	0.685	7.455	230.670	31.807	20.047	subject61266afc55085	2I
156664.000	158432.000	1820.000	82.473	145.013	0.000	0.000	0.685	6.424	134.449	19.429	19.465	subject61266afc55085	2I
158531.000	161839.000	3353.000	266.192	256.569	0.000	0.000	0.685	7.844	136.211	26.506	19.147	subject61266afc55085	2I
161944.000	163774.000	1881.000	485.053	227.236	0.000	0.000	0.685	7.471	254.047	33.451	18.935	subject61266afc55085	2I
163879.000	165056.000	1229.000	720.819	530.347	0.000	0.000	0.685	7.397	139.889	16.248	17.478	subject61266afc55085	2I
165151.000	165373.000	274.000	1360.498	813.013	0.000	0.000	0.685	4.245	30.076	5.434	7.203	subject61266afc55085	2I
165469.000	166203.000	787.000	303.559	211.236	0.000	0.000	0.685	6.710	294.339	17.945	22.404	subject61266afc55085	2I
166305.000	167530.000	1276.000	227.936	248.569	0.000	0.000	0.685	8.251	214.365	23.431	21.345	subject61266afc55085	2I
167629.000	168663.000	1076.000	235.943	206.791	0.000	0.000	0.685	8.054	120.344	19.747	15.095	subject61266afc55085	2I
168781.000	174745.000	6016.000	231.940	177.013	0.000	0.000	0.685	7.846	224.230	28.494	31.276	subject61266afc55085	2I
174846.000	174972.000	179.000	925.445	314.791	0.000	0.000	0.685	3.831	11.388	6.520	5.853	subject61266afc55085	2I
175077.000	175131.000	102.000	872.954	118.347	0.000	0.000	0.685	3.925	0.000	3.287	2.145	subject61266afc55085	2I
175224.000	175449.000	272.000	-364.591	-69.209	0.000	0.000	0.685	7.590	144.138	22.716	8.925	subject61266afc55085	2I
175550.000	190046.000	14545.000	209.253	158.347	0.000	0.000	0.685	7.422	181.290	36.870	33.103	subject61266afc55085	2I
190134.000	190891.000	801.000	565.125	288.124	0.000	0.000	0.685	9.905	194.529	21.496	19.094	subject61266afc55085	2I
190976.000	191181.000	258.000	586.477	219.236	0.000	0.000	0.685	1.664	8.492	3.711	1.536	subject61266afc55085	2I
191278.000	193782.000	2547.000	374.733	257.013	0.000	0.000	0.685	7.953	240.042	27.063	25.211	subject61266afc55085	2I
193880.000	194190.000	369.000	431.673	349.902	0.000	0.000	0.685	5.803	64.823	15.692	4.158	subject61266afc55085	2I
194345.000	197080.000	2773.000	598.932	208.569	0.000	0.000	0.685	5.928	139.122	15.930	23.437	subject61266afc55085	2I
197162.000	200324.000	3206.000	583.808	201.013	0.000	0.000	0.685	6.765	155.608	22.716	20.789	subject61266afc55085	2I
200411.000	203154.000	2792.000	324.911	260.569	0.000	0.000	0.685	5.236	61.962	17.467	10.090	subject61266afc55085	2I
203256.000	204840.000	1634.000	318.238	261.902	0.000	0.000	0.685	6.758	100.670	25.472	7.653	subject61266afc55085	2I
204932.000	205037.000	144.000	29.537	222.791	0.000	0.000	0.685	5.229	37.481	3.499	5.296	subject61266afc55085	2I
205119.000	206238.000	1163.000	446.797	343.680	0.000	0.000	0.685	6.773	180.308	31.993	14.989	subject61266afc55085	2I
206324.000	206371.000	91.000	666.103	447.236	0.000	0.000	0.685	5.088	0.000	5.063	0.503	subject61266afc55085	2I
206465.000	206920.000	506.000	315.125	365.013	0.000	0.000	0.685	7.692	143.334	20.622	13.824	subject61266afc55085	2I
207016.000	209061.000	2087.000	704.359	315.680	0.000	0.000	0.685	6.408	104.253	20.542	12.950	subject61266afc55085	2I
209143.000	215527.000	6429.000	455.694	277.013	0.000	0.000	0.685	6.268	184.901	31.012	25.503	subject61266afc55085	2I
215620.000	216093.000	522.000	1139.413	592.124	0.000	0.000	0.685	6.249	91.597	10.152	10.964	subject61266afc55085	2I
216189.000	216842.000	702.000	676.335	635.236	0.000	0.000	0.685	11.765	513.902	30.402	30.296	subject61266afc55085	2I
216955.000	217468.000	559.000	1071.352	358.791	0.000	0.000	0.685	6.656	71.601	12.140	8.607	subject61266afc55085	2I
217556.000	218530.000	1029.000	749.288	517.013	0.000	0.000	0.685	6.006	96.707	17.812	11.176	subject61266afc55085	2I
461206.000	461749.000	589.000	339.235	395.133	0.000	0.000	0.713	6.237	36.079	9.733	11.190	subject61266afc55085	2V
461836.000	462504.000	719.000	317.962	478.156	0.000	0.000	0.713	4.005	29.699	9.779	7.883	subject61266afc55085	2V
464116.000	465370.000	1313.000	433.826	134.967	0.000	0.000	0.713	5.450	46.870	12.631	7.275	subject61266afc55085	2V
466978.000	470938.000	4010.000	860.435	625.110	0.000	0.000	0.713	6.660	127.400	15.573	18.227	subject61266afc55085	2V
472563.000	473706.000	1189.000	1001.371	55.052	0.000	0.000	0.713	3.865	25.846	9.213	5.106	subject61266afc55085	2V
475308.000	476427.000	1183.000	508.283	355.176	0.000	0.000	0.713	5.305	53.210	11.952	9.841	subject61266afc55085	2V
478049.000	479204.000	1210.000	238.566	759.189	0.000	0.000	0.713	4.408	40.946	12.065	8.994	subject61266afc55085	2V
691147.000	691773.000	667.000	634.404	449.298	0.000	0.000	0.706	4.440	40.683	10.412	5.370	subject61266afc55085	3V
691856.000	692032.000	219.000	586.539	343.633	0.000	0.000	0.706	3.701	15.779	6.745	5.397	subject61266afc55085	3V
692126.000	697267.000	5189.000	265.158	519.001	0.000	0.000	0.706	5.072	98.826	17.656	15.634	subject61266afc55085	3V
697371.000	697421.000	127.000	283.393	665.955	0.000	0.000	0.706	2.452	0.000	1.403	2.011	subject61266afc55085	3V
697532.000	697940.000	458.000	158.791	660.184	0.000	0.000	0.706	5.600	46.083	7.900	7.778	subject61266afc55085	3V
699559.000	703600.000	4088.000	951.986	484.371	0.000	0.000	0.706	6.877	131.636	13.785	21.613	subject61266afc55085	3V
705199.000	706371.000	1229.000	321.001	105.221	0.000	0.000	0.706	6.210	64.733	10.684	16.375	subject61266afc55085	3V
707983.000	709191.000	1256.000	1222.463	124.312	0.000	0.000	0.706	6.433	65.672	12.155	13.730	subject61266afc55085	3V
1060212.000	1064142.000	3976.000	919.696	237.080	0.000	0.000	0.715	4.051	84.397	11.499	17.724	subject61266afc55085	4V
1065758.000	1069772.000	4058.000	467.256	497.247	0.000	0.000	0.715	5.064	85.407	18.041	12.222	subject61266afc55085	4V
1071355.000	1072024.000	709.000	571.344	699.253	0.000	0.000	0.715	3.602	29.308	7.787	5.820	subject61266afc55085	4V
1072116.000	1072559.000	479.000	616.170	687.710	0.000	0.000	0.715	3.589	26.658	9.937	5.079	subject61266afc55085	4V
1074155.000	1075341.000	1240.000	284.912	138.519	0.000	0.000	0.715	3.764	36.826	9.462	8.677	subject61266afc55085	4V
1076957.000	1077931.000	1025.000	905.641	671.283	0.000	0.000	0.715	3.693	22.560	6.926	6.084	subject61266afc55085	4V
1078034.000	1078172.000	183.000	1049.616	617.118	0.000	0.000	0.715	3.387	16.085	6.677	2.275	subject61266afc55085	4V
1.000	477.000	526.000	949.021	10.791	0.000	0.000	0.702	4.253	37.858	7.210	8.368	subject61266afc55085	5S
574.000	610.000	77.000	265.747	25.902	0.000	0.000	0.702	2.169	0.000	1.935	0.980	subject61266afc55085	5S
704.000	1405.000	743.000	46.441	15.680	0.000	0.000	0.702	5.548	68.047	13.227	10.222	subject61266afc55085	5S
1497.000	1588.000	138.000	676.335	242.347	0.000	0.000	0.702	7.122	70.901	5.328	8.978	subject61266afc55085	5S
1686.000	4312.000	2675.000	888.078	418.347	0.000	0.000	0.702	5.032	98.921	22.477	11.043	subject61266afc55085	5S
4437.000	6309.000	1900.000	691.459	516.124	0.000	0.000	0.702	5.830	64.966	17.176	13.665	subject61266afc55085	5S
6382.000	6437.000	112.000	566.459	576.569	0.000	0.000	0.702	1.014	0.000	0.557	0.847	subject61266afc55085	5S
6547.000	8480.000	1980.000	728.381	520.569	0.000	0.000	0.702	4.658	61.948	16.593	10.964	subject61266afc55085	5S
8584.000	12880.000	4347.000	659.431	524.124	0.000	0.000	0.702	5.839	106.676	21.761	15.095	subject61266afc55085	5S
12993.000	14400.000	1449.000	528.648	549.013	0.000	0.000	0.702	6.423	99.705	26.082	12.155	subject61266afc55085	5S
14495.000	15030.000	609.000	178.559	401.902	0.000	0.000	0.702	5.575	48.788	11.822	6.541	subject61266afc55085	5S
15172.000	15825.000	705.000	917.883	589.902	0.000	0.000	0.702	7.231	214.222	27.964	15.863	subject61266afc55085	5S
15927.000	16081.000	204.000	660.320	481.902	0.000	0.000	0.702	6.245	71.567	11.133	6.064	subject61266afc55085	5S
16192.000	16829.000	688.000	324.021	315.680	0.000	0.000	0.702	5.970	53.759	9.648	11.123	subject61266afc55085	5S
16922.000	18811.000	1973.000	410.320	229.902	0.000	0.000	0.702	6.068	151.142	21.894	14.036	subject61266afc55085	5S
18943.000	19716.000	811.000	139.858	312.569	0.000	0.000	0.702	4.987	36.801	8.058	7.309	subject61266afc55085	5S
19832.000	20506.000	720.000	379.181	249.458	0.000	0.000	0.702	3.186	34.116	8.535	7.362	subject61266afc55085	5S
20595.000	21978.000	1442.000	173.665	381.902	0.000	0.000	0.702	4.753	62.879	14.976	13.480	subject61266afc55085	5S
22086.000	22945.000	909.000	534.875	346.347	0.000	0.000	0.702	8.420	188.938	19.800	17.081	subject61266afc55085	5S
23038.000	23902.000	924.000	683.452	356.569	0.000	0.000	0.702	6.515	87.344	15.930	9.083	subject61266afc55085	5S
24024.000	24494.000	533.000	461.922	488.569	0.000	0.000	0.702	5.367	52.022	11.689	7.442	subject61266afc55085	5S
24598.000	27290.000	2747.000	790.214	171.680	0.000	0.000	0.702	5.701	270.917	27.752	30.164	subject61266afc55085	5S
27395.000	28547.000	1194.000	413.879	461.013	0.000	0.000	0.702	7.587	270.378	31.887	19.306	subject61266afc55085	5S
28653.000	30074.000	1472.000	975.267	665.458	0.000	0.000	0.702	6.862	163.283	18.846	21.928	subject61266afc55085	5S
30207.000	30316.000	172.000	786.655	257.458	0.000	0.000	0.702	4.238	33.248	3.075	5.296	subject61266afc55085	5S
30437.000	31139.000	755.000	524.199	159.680	0.000	0.000	0.702	6.362	111.323	13.412	17.002	subject61266afc55085	5S
31246.000	31679.000	476.000	1284.875	537.458	0.000	0.000	0.702	4.675	67.589	7.554	8.792	subject61266afc55085	5S
31761.000	32710.000	994.000	416.103	355.680	0.000	0.000	0.702	5.544	86.333	11.053	15.916	subject61266afc55085	5S
32797.000	32899.000	147.000	594.484	333.013	0.000	0.000	0.702	2.531	2.437	4.374	1.854	subject61266afc55085	5S
32990.000	33041.000	91.000	1173.665	401.458	0.000	0.000	0.702	7.930	0.000	7.475	2.648	subject61266afc55085	5S
33137.000	34431.000	1347.000	1223.043	762.347	0.000	0.000	0.702	5.725	59.656	13.571	13.797	subject61266afc55085	5S
34530.000	35900.000	1433.000	1409.875	461.013	0.000	0.000	0.702	6.807	114.342	14.075	15.016	subject61266afc55085	5S
1513580.000	1517536.000	4004.000	824.346	117.208	0.000	0.000	0.663	6.134	240.855	26.076	25.634	subject61266afc55085	5V
1519133.000	1520246.000	1161.000	332.018	746.758	0.000	0.000	0.663	5.351	43.493	13.015	7.169	subject61266afc55085	5V
1521869.000	1523080.000	1261.000	1249.055	340.081	0.000	0.000	0.663	5.823	70.492	13.038	12.619	subject61266afc55085	5V
1524690.000	1525937.000	1304.000	672.772	332.978	0.000	0.000	0.663	5.001	43.136	10.073	8.174	subject61266afc55085	5V
1527554.000	1528824.000	1322.000	1058.354	749.866	0.000	0.000	0.663	5.264	62.877	10.186	13.227	subject61266afc55085	5V
1530423.000	1531392.000	1016.000	118.144	625.110	0.000	0.000	0.663	5.809	67.864	9.462	11.375	subject61266afc55085	5V
1531492.000	1531645.000	202.000	278.074	1004.260	0.000	0.000	0.663	4.837	49.485	6.745	6.190	subject61266afc55085	5V
1.000	385.000	423.000	126.512	789.013	0.000	0.000	0.692	5.819	50.183	12.166	7.362	subject61266afc55085	6I
482.000	1078.000	650.000	435.231	224.569	0.000	0.000	0.692	6.222	84.718	10.099	13.453	subject61266afc55085	6I
1177.000	1323.000	200.000	967.260	456.569	0.000	0.000	0.692	5.264	50.982	4.983	7.203	subject61266afc55085	6I
1429.000	2166.000	786.000	717.705	570.347	0.000	0.000	0.692	7.029	213.323	26.055	12.897	subject61266afc55085	6I
2264.000	2667.000	433.000	479.715	207.236	0.000	0.000	0.692	8.501	139.644	9.622	16.472	subject61266afc55085	6I
2748.000	2930.000	233.000	866.726	471.680	0.000	0.000	0.692	4.751	35.923	8.111	4.184	subject61266afc55085	6I
3033.000	4035.000	1061.000	1421.886	477.013	0.000	0.000	0.692	6.935	97.915	23.802	10.540	subject61266afc55085	6I
4147.000	5617.000	1547.000	797.331	381.902	0.000	0.000	0.692	5.849	98.224	12.617	16.313	subject61266afc55085	6I
5761.000	6527.000	814.000	1106.940	424.569	0.000	0.000	0.692	4.225	34.634	9.860	7.415	subject61266afc55085	6I
6627.000	9072.000	2499.000	1296.441	467.236	0.000	0.000	0.692	7.003	104.756	16.937	13.427	subject61266afc55085	6I
9180.000	9804.000	665.000	915.658	250.347	0.000	0.000	0.692	7.191	77.794	15.480	10.964	subject61266afc55085	6I
9895.000	9950.000	99.000	750.623	351.680	0.000	0.000	0.692	4.134	0.000	3.260	2.542	subject61266afc55085	6I
10043.000	10518.000	529.000	994.840	181.902	0.000	0.000	0.692	6.155	38.185	12.484	6.727	subject61266afc55085	6I
10621.000	13512.000	2939.000	946.797	193.013	0.000	0.000	0.692	5.279	79.628	18.607	13.135	subject61266afc55085	6I
13597.000	13751.000	196.000	770.196	26.347	0.000	0.000	0.692	2.014	7.494	2.757	2.119	subject61266afc55085	6I
13843.000	19264.000	5474.000	766.192	184.569	0.000	0.000	0.692	5.200	99.966	22.557	18.564	subject61266afc55085	6I
19367.000	19939.000	638.000	618.060	361.013	0.000	0.000	0.692	6.160	61.082	10.072	7.971	subject61266afc55085	6I
20053.000	23409.000	3407.000	1095.374	69.013	0.000	0.000	0.692	5.275	108.068	24.306	14.963	subject61266afc55085	6I
23510.000	23813.000	352.000	996.619	234.347	0.000	0.000	0.692	6.653	85.609	12.219	11.255	subject61266afc55085	6I
23909.000	27429.000	3569.000	1114.947	69.458	0.000	0.000	0.692	5.332	93.989	16.195	23.119	subject61266afc55085	6I
27543.000	35394.000	7903.000	1073.132	128.569	0.000	0.000	0.692	5.655	165.975	32.523	34.798	subject61266afc55085	6I
35493.000	36200.000	750.000	347.153	280.569	0.000	0.000	0.692	7.033	85.820	20.330	7.786	subject61266afc55085	6I
36298.000	37235.000	985.000	1268.861	501.458	0.000	0.000	0.692	5.921	59.618	18.740	8.395	subject61266afc55085	6I
37327.000	38633.000	1357.000	324.021	21.013	0.000	0.000	0.692	8.130	560.520	48.135	20.259	subject61266afc55085	6I
68.000	615.000	594.000	1071.352	279.236	0.000	0.000	0.713	11.562	299.133	34.325	18.088	subject61266afc55085	8S
706.000	3737.000	3076.000	993.950	145.458	0.000	0.000	0.713	7.034	181.033	28.388	26.482	subject61266afc55085	8S
3826.000	4541.000	768.000	1106.940	40.124	0.000	0.000	0.713	4.102	38.496	11.504	7.283	subject61266afc55085	8S
4644.000	4997.000	399.000	1250.178	92.124	0.000	0.000	0.713	3.935	27.310	8.535	4.343	subject61266afc55085	8S
5085.000	6949.000	1919.000	993.950	-42.987	0.000	0.000	0.713	5.753	62.936	24.014	9.957	subject61266afc55085	8S
7074.000	7737.000	706.000	1175.445	-43.876	0.000	0.000	0.713	5.954	51.130	12.060	6.117	subject61266afc55085	8S
7823.000	8523.000	751.000	661.210	-66.987	0.000	0.000	0.713	9.537	95.231	19.164	11.785	subject61266afc55085	8S
8615.000	10183.000	1625.000	1114.057	-10.098	0.000	0.000	0.713	4.642	56.020	15.718	7.653	subject61266afc55085	8S
10289.000	12580.000	2337.000	1130.071	26.347	0.000	0.000	0.713	8.736	85.999	22.822	10.461	subject61266afc55085	8S
12679.000	13217.000	589.000	1316.904	55.236	0.000	0.000	0.713	5.942	50.175	9.277	7.230	subject61266afc55085	8S
13323.000	16013.000	2736.000	938.790	133.902	0.000	0.000	0.713	6.654	133.967	21.390	25.688	subject61266afc55085	8S
16108.000	16668.000	609.000	1033.096	154.347	0.000	0.000	0.713	3.711	34.133	7.051	8.739	subject61266afc55085	8S
16766.000	18315.000	1621.000	1069.573	85.458	0.000	0.000	0.713	3.990	58.185	11.504	12.712	subject61266afc55085	8S
18456.000	19142.000	738.000	1153.203	199.680	0.000	0.000	0.713	4.474	22.372	3.419	9.216	subject61266afc55085	8S
19236.000	20537.000	1345.000	922.776	119.680	0.000	0.000	0.713	5.076	80.070	17.706	10.116	subject61266afc55085	8S
20628.000	20813.000	229.000	1065.125	141.013	0.000	0.000	0.713	3.897	28.046	5.593	3.628	subject61266afc55085	8S
20909.000	21177.000	319.000	1017.082	231.680	0.000	0.000	0.713	5.344	50.246	9.675	6.832	subject61266afc55085	8S
21266.000	21356.000	140.000	970.819	253.013	0.000	0.000	0.713	3.522	13.719	3.154	2.966	subject61266afc55085	8S
21454.000	22883.000	1472.000	649.199	233.458	0.000	0.000	0.713	4.259	71.899	18.369	7.309	subject61266afc55085	8S
22975.000	23213.000	304.000	1003.292	247.680	0.000	0.000	0.713	2.856	19.074	6.123	3.363	subject61266afc55085	8S
23326.000	24623.000	1348.000	727.046	193.458	0.000	0.000	0.713	5.388	97.090	18.501	9.666	subject61266afc55085	8S
24718.000	25128.000	456.000	656.762	174.791	0.000	0.000	0.713	5.489	46.949	8.137	6.594	subject61266afc55085	8S
25225.000	26032.000	851.000	557.117	298.347	0.000	0.000	0.713	3.662	43.904	8.959	9.454	subject61266afc55085	8S
26137.000	27465.000	1380.000	610.498	173.013	0.000	0.000	0.713	8.881	186.582	30.721	12.473	subject61266afc55085	8S
27570.000	29934.000	2410.000	-474.911	85.902	0.000	0.000	0.713	7.999	252.806	45.617	15.731	subject61266afc55085	8S
30036.000	30577.000	588.000	-723.132	249.458	0.000	0.000	0.713	9.779	132.378	11.318	18.458	subject61266afc55085	8S
30670.000	32529.000	1906.000	-192.883	54.347	0.000	0.000	0.713	8.364	214.323	35.651	22.801	subject61266afc55085	8S
32622.000	35299.000	2739.000	-359.698	89.458	0.000	0.036	0.713	11.638	521.935	45.590	30.508	subject61266afc55085	8S
35413.000	35925.000	561.000	-22.954	-19.876	0.000	0.000	0.713	7.352	79.354	10.841	9.428	subject61266afc55085	8S
36015.000	36353.000	434.000	-630.605	216.124	1.000	0.000	0.713	7.160	103.137	10.470	8.368	subject61266afc55085	8S
36580.000	36841.000	305.000	469.929	61.902	0.000	0.000	0.713	9.687	278.380	27.010	10.169	subject61266afc55085	8S
36924.000	38261.000	1382.000	833.808	271.680	0.000	0.000	0.713	6.919	146.844	22.901	20.921	subject61266afc55085	8S
38350.000	41657.000	3349.000	388.078	20.124	0.000	0.000	0.713	8.509	122.918	23.113	15.280	subject61266afc55085	8S
41740.000	42033.000	334.000	535.765	45.902	0.000	0.000	0.713	10.856	166.878	27.063	11.864	subject61266afc55085	8S
42122.000	42450.000	375.000	1292.438	506.791	0.000	0.000	0.713	4.240	46.532	11.954	5.005	subject61266afc55085	8S
42553.000	43023.000	521.000	1256.406	609.458	0.000	0.000	0.713	6.587	77.401	13.014	8.739	subject61266afc55085	8S
43119.000	43157.000	83.000	1356.495	598.347	0.000	0.000	0.713	0.747	0.000	0.663	0.344	subject61266afc55085	8S
43261.000	43694.000	478.000	1057.117	195.236	0.000	0.000	0.713	7.001	65.824	11.212	12.447	subject61266afc55085	8S
43788.000	46321.000	2578.000	252.847	-7.431	0.000	0.000	0.713	7.815	259.048	37.188	21.345	subject61266afc55085	8S
46423.000	46954.000	581.000	556.673	-62.987	0.000	0.000	0.713	9.582	353.597	29.952	19.809	subject61266afc55085	8S
47054.000	47248.000	246.000	-144.840	448.569	0.000	0.000	0.713	9.353	98.083	12.246	11.096	subject61266afc55085	8S
47359.000	47715.000	399.000	1214.146	213.902	0.000	0.000	0.713	8.243	104.734	13.412	9.693	subject61266afc55085	8S
47799.000	47856.000	109.000	946.352	257.458	0.000	0.000	0.713	2.879	0.000	2.677	1.059	subject61266afc55085	8S
47957.000	48970.000	1060.000	-334.342	77.902	0.000	0.000	0.713	12.946	304.637	44.239	17.399	subject61266afc55085	8S
49069.000	49119.000	105.000	1065.569	322.791	0.000	0.000	0.713	5.715	0.000	5.540	1.404	subject61266afc55085	8S
49226.000	50820.000	1640.000	566.014	477.458	0.000	0.000	0.713	6.339	127.558	20.383	17.425	subject61266afc55085	8S
50913.000	51216.000	365.000	815.125	679.680	0.000	0.000	0.713	8.716	137.240	12.882	12.182	subject61266afc55085	8S
51342.000	52445.000	1166.000	668.772	456.569	0.000	0.000	0.713	8.464	292.373	24.227	25.900	subject61266afc55085	8S
52553.000	53490.000	973.000	99.822	59.236	0.000	0.000	0.713	8.535	206.874	34.696	12.738	subject61266afc55085	8S
53574.000	54581.000	1052.000	1638.078	557.013	0.000	0.045	0.713	6.374	73.941	17.467	9.375	subject61266afc55085	8S
54668.000	54976.000	360.000	458.363	-86.542	0.000	0.000	0.713	8.923	183.595	17.149	10.778	subject61266afc55085	8S
1.000	1.000	65.000	1471.708	181.902	0.000	0.000	0.697	NaN	NaN	0.000	0.000	subject61266afc55085	9S
113.000	1107.000	1056.000	477.046	333.902	0.000	0.000	0.697	8.533	225.336	31.092	17.531	subject61266afc55085	9S
1217.000	3987.000	2815.000	881.406	453.013	0.000	0.000	0.697	4.739	54.336	16.646	10.778	subject61266afc55085	9S
4083.000	6463.000	2426.000	831.139	434.791	0.000	0.000	0.697	6.272	92.581	16.275	14.406	subject61266afc55085	9S
6560.000	8675.000	2161.000	854.270	500.124	0.000	0.000	0.697	6.734	193.774	24.014	21.265	subject61266afc55085	9S
8768.000	11114.000	2398.000	810.231	238.791	0.000	0.000	0.697	7.231	226.245	29.687	17.028	subject61266afc55085	9S
11211.000	16830.000	5709.000	665.658	297.013	0.000	0.000	0.697	6.861	250.307	33.080	26.615	subject61266afc55085	9S
16987.000	17688.000	750.000	990.391	269.013	0.000	0.000	0.697	4.417	43.252	7.448	9.931	subject61266afc55085	9S
17778.000	17870.000	148.000	457.473	454.791	0.000	0.000	0.697	4.701	11.961	4.241	3.204	subject61266afc55085	9S
17972.000	18390.000	475.000	300.890	295.680	0.000	0.000	0.697	6.370	28.666	7.395	9.534	subject61266afc55085	9S
18492.000	21036.000	2600.000	396.975	141.902	0.000	0.000	0.697	6.127	166.743	26.427	15.386	subject61266afc55085	9S
21152.000	29184.000	8080.000	349.822	187.236	0.000	0.000	0.697	5.691	131.920	34.802	15.863	subject61266afc55085	9S
29278.000	29410.000	186.000	9.964	230.347	0.000	0.000	0.697	5.721	40.501	9.198	3.575	subject61266afc55085	9S
29507.000	31357.000	1898.000	379.181	190.791	0.000	0.000	0.697	6.069	166.716	31.463	18.352	subject61266afc55085	9S
31459.000	34719.000	3311.000	273.310	243.236	0.000	0.000	0.697	5.844	162.583	23.643	18.750	subject61266afc55085	9S
34816.000	35187.000	420.000	420.996	445.013	0.000	0.000	0.697	5.282	78.027	9.383	10.355	subject61266afc55085	9S
35281.000	38072.000	2833.000	844.484	395.680	0.000	0.000	0.697	5.122	95.654	23.219	12.473	subject61266afc55085	9S
38165.000	38961.000	839.000	549.110	362.347	0.000	0.000	0.697	6.410	138.842	13.306	15.016	subject61266afc55085	9S
39043.000	40633.000	1644.000	909.875	658.347	0.000	0.000	0.697	6.232	148.450	19.190	18.644	subject61266afc55085	9S
40734.000	40884.000	192.000	469.484	145.458	0.000	0.000	0.697	5.033	58.917	6.865	5.641	subject61266afc55085	9S
41003.000	41229.000	266.000	1687.011	215.680	0.000	0.000	0.697	11.398	563.762	17.335	24.284	subject61266afc55085	9S
41322.000	42778.000	1508.000	1072.242	614.791	0.000	0.000	0.697	8.618	225.954	29.634	20.974	subject61266afc55085	9S
42884.000	45183.000	2369.000	1541.548	304.569	0.000	0.020	0.697	7.555	746.524	47.578	29.819	subject61266afc55085	9S
45297.000	45498.000	255.000	1199.466	238.791	0.000	0.000	0.697	6.200	123.994	15.108	10.169	subject61266afc55085	9S
