FixStart	FixEnd	FixDur	XPos	YPos	FlankedByDataLoss	Fraction Interpolated	WeightCutoff	RMSxy	BCEA	FixRangeX	FixRangeY	Participant	Trial
1.000	252.000	303.000	1085.601	403.382	0.000	0.000	0.711	4.826	27.022	5.573	5.443	subject613b3bb9e825a	12I
354.000	404.000	100.000	789.683	429.481	0.000	0.000	0.711	0.952	0.000	0.101	0.947	subject613b3bb9e825a	12I
493.000	655.000	200.000	350.340	205.935	0.000	0.000	0.711	4.154	31.421	4.560	6.119	subject613b3bb9e825a	12I
733.000	1266.000	568.000	250.567	342.105	0.000	0.000	0.711	4.664	46.789	9.188	9.094	subject613b3bb9e825a	12I
1354.000	1637.000	325.000	582.766	196.857	0.000	0.000	0.711	3.420	38.002	8.918	8.689	subject613b3bb9e825a	12I
1714.000	4164.000	2487.000	342.971	214.445	0.000	0.000	0.711	4.971	64.902	13.951	15.349	subject613b3bb9e825a	12I
4254.000	4574.000	357.000	481.859	357.991	0.000	0.000	0.711	3.924	29.711	8.310	4.801	subject613b3bb9e825a	12I
4649.000	5182.000	572.000	616.780	390.899	0.000	0.000	0.711	6.515	67.160	9.424	11.224	subject613b3bb9e825a	12I
5270.000	5821.000	596.000	394.558	365.935	0.000	0.000	0.711	5.146	64.657	8.006	16.126	subject613b3bb9e825a	12I
5920.000	6821.000	950.000	558.957	319.410	0.000	0.000	0.711	3.415	33.214	9.796	8.215	subject613b3bb9e825a	12I
6906.000	7304.000	438.000	501.134	439.694	0.000	0.000	0.711	4.319	57.521	8.107	11.664	subject613b3bb9e825a	12I
7378.000	7512.000	173.000	116.213	580.403	0.000	0.000	0.711	3.372	18.359	2.669	4.868	subject613b3bb9e825a	12I
7602.000	9027.000	1483.000	437.642	445.367	0.000	0.000	0.711	3.521	79.172	18.680	11.697	subject613b3bb9e825a	12I
9135.000	9913.000	816.000	595.805	456.148	0.000	0.000	0.711	4.940	91.159	21.483	9.297	subject613b3bb9e825a	12I
9993.000	10130.000	176.000	408.730	211.609	0.000	0.000	0.711	2.424	6.960	3.783	3.279	subject613b3bb9e825a	12I
10207.000	10531.000	362.000	557.823	246.218	0.000	0.000	0.711	1.582	9.852	3.817	3.854	subject613b3bb9e825a	12I
10606.000	11835.000	1272.000	342.404	171.325	0.000	0.000	0.711	5.603	62.503	9.559	16.802	subject613b3bb9e825a	12I
11930.000	13036.000	1142.000	357.710	176.431	0.000	0.000	0.711	4.632	40.716	10.404	10.277	subject613b3bb9e825a	12I
13130.000	13536.000	438.000	321.995	115.722	0.000	0.000	0.711	4.705	51.087	12.532	6.829	subject613b3bb9e825a	12I
13603.000	13994.000	429.000	756.236	36.857	0.000	0.000	0.711	2.104	7.872	3.783	3.516	subject613b3bb9e825a	12I
14068.000	15658.000	1624.000	365.079	183.240	0.000	0.000	0.711	4.021	55.047	13.511	13.185	subject613b3bb9e825a	12I
15746.000	15783.000	83.000	670.635	304.091	0.000	0.000	0.711	3.573	0.000	1.250	3.347	subject613b3bb9e825a	12I
15867.000	16720.000	896.000	298.753	480.545	0.000	0.000	0.711	3.593	34.381	9.931	7.573	subject613b3bb9e825a	12I
16803.000	17280.000	527.000	980.726	376.148	0.000	0.000	0.711	2.951	23.046	4.763	6.491	subject613b3bb9e825a	12I
17368.000	18478.000	1145.000	469.388	377.282	0.000	0.000	0.711	5.412	106.198	19.017	14.368	subject613b3bb9e825a	12I
18552.000	19032.000	512.000	393.424	677.991	0.000	0.000	0.711	2.809	16.771	5.506	4.226	subject613b3bb9e825a	12I
19101.000	20973.000	1918.000	950.113	371.041	0.000	0.000	0.711	5.356	109.450	12.397	19.101	subject613b3bb9e825a	12I
21056.000	21556.000	541.000	637.188	409.055	0.000	0.000	0.711	4.327	125.766	13.410	15.822	subject613b3bb9e825a	12I
21633.000	22364.000	768.000	647.392	321.112	0.000	0.000	0.711	4.519	51.937	11.924	8.384	subject613b3bb9e825a	12I
22456.000	22785.000	365.000	608.844	796.006	0.000	0.000	0.711	7.019	61.674	6.148	11.596	subject613b3bb9e825a	12I
22857.000	23406.000	587.000	1004.535	393.169	0.000	0.000	0.711	3.638	20.936	4.999	8.925	subject613b3bb9e825a	12I
23482.000	24660.000	1216.000	1109.977	422.672	0.000	0.000	0.711	4.594	60.964	18.849	10.176	subject613b3bb9e825a	12I
57.000	674.000	659.000	349.206	263.240	0.000	0.000	0.708	3.509	57.110	13.241	7.640	subject613b3bb9e825a	13I
756.000	3218.000	2499.000	523.243	144.658	0.000	0.000	0.708	7.501	198.024	37.765	20.589	subject613b3bb9e825a	13I
3307.000	3553.000	301.000	256.236	190.048	0.000	0.000	0.708	4.499	41.585	11.823	3.888	subject613b3bb9e825a	13I
3646.000	4737.000	1144.000	261.905	104.942	0.000	0.000	0.708	3.898	80.611	20.335	8.317	subject613b3bb9e825a	13I
4839.000	5003.000	219.000	75.964	277.424	0.000	0.000	0.708	2.190	5.823	1.723	3.246	subject613b3bb9e825a	13I
5099.000	5564.000	503.000	366.213	161.679	0.000	0.000	0.708	5.949	133.667	12.464	15.011	subject613b3bb9e825a	13I
5657.000	5840.000	232.000	641.723	182.105	0.000	0.000	0.708	5.615	41.072	10.573	7.539	subject613b3bb9e825a	13I
5939.000	7022.000	1136.000	169.501	296.715	0.000	0.000	0.708	4.480	40.974	12.633	8.722	subject613b3bb9e825a	13I
7116.000	8199.000	1132.000	235.828	350.616	0.000	0.000	0.708	3.486	58.150	17.024	9.534	subject613b3bb9e825a	13I
8298.000	9279.000	1034.000	358.844	455.580	0.000	0.000	0.708	5.691	110.430	24.962	14.841	subject613b3bb9e825a	13I
9377.000	9432.000	97.000	341.270	416.431	0.000	0.000	0.708	5.040	0.000	4.864	1.318	subject613b3bb9e825a	13I
9512.000	9975.000	519.000	421.769	453.878	0.000	0.000	0.708	4.136	33.558	5.101	9.196	subject613b3bb9e825a	13I
10097.000	11247.000	1201.000	323.696	561.679	0.000	0.000	0.708	4.596	68.643	11.417	11.123	subject613b3bb9e825a	13I
11337.000	12691.000	1437.000	585.601	430.616	0.000	0.000	0.708	3.920	88.158	16.957	14.537	subject613b3bb9e825a	13I
12811.000	13513.000	754.000	531.746	453.311	0.000	0.000	0.708	4.309	39.806	8.985	7.742	subject613b3bb9e825a	13I
13614.000	13664.000	101.000	744.898	468.062	0.000	0.000	0.708	2.436	0.000	2.432	0.135	subject613b3bb9e825a	13I
13765.000	14648.000	932.000	251.701	353.452	0.000	0.000	0.708	4.077	41.023	10.471	7.810	subject613b3bb9e825a	13I
14747.000	17358.000	2668.000	332.200	419.268	0.000	0.000	0.708	4.347	117.247	25.908	12.745	subject613b3bb9e825a	13I
17452.000	19620.000	2206.000	237.528	372.176	0.000	0.000	0.708	5.468	93.769	14.559	15.349	subject613b3bb9e825a	13I
19702.000	20283.000	614.000	1072.562	414.729	0.000	0.000	0.708	4.430	46.816	8.715	8.993	subject613b3bb9e825a	13I
20352.000	21112.000	795.000	150.794	405.651	0.000	0.000	0.708	4.443	34.207	8.107	8.012	subject613b3bb9e825a	13I
21190.000	23535.000	2384.000	164.399	329.623	0.000	0.000	0.708	4.678	73.122	18.646	14.368	subject613b3bb9e825a	13I
23610.000	24777.000	1207.000	682.540	618.984	0.000	0.000	0.708	5.037	121.938	16.315	17.208	subject613b3bb9e825a	13I
24857.000	25541.000	720.000	314.059	671.183	0.000	0.000	0.708	5.528	92.090	14.086	14.774	subject613b3bb9e825a	13I
25619.000	27108.000	1524.000	300.454	712.034	0.000	0.000	0.708	6.001	102.261	22.024	15.957	subject613b3bb9e825a	13I
27203.000	27611.000	446.000	325.397	709.765	0.000	0.000	0.708	4.527	38.375	8.039	8.012	subject613b3bb9e825a	13I
27686.000	27985.000	350.000	158.730	631.467	0.000	0.000	0.708	5.785	34.414	9.897	5.511	subject613b3bb9e825a	13I
28076.000	29462.000	1432.000	310.658	320.545	0.000	0.000	0.708	4.268	115.939	21.044	13.658	subject613b3bb9e825a	13I
29561.000	30462.000	944.000	217.687	607.637	0.000	0.000	0.708	4.687	68.219	14.390	12.204	subject613b3bb9e825a	13I
30561.000	30844.000	334.000	239.229	790.332	0.000	0.000	0.708	3.110	17.744	3.378	5.578	subject613b3bb9e825a	13I
30933.000	30970.000	76.000	618.481	535.580	0.000	0.000	0.708	3.745	0.000	3.479	1.386	subject613b3bb9e825a	13I
31061.000	33864.000	2845.000	278.912	691.609	0.000	0.000	0.708	3.625	39.665	9.593	11.224	subject613b3bb9e825a	13I
33943.000	34089.000	181.000	629.252	809.623	0.000	0.000	0.708	6.453	53.689	8.141	7.133	subject613b3bb9e825a	13I
34166.000	36828.000	2702.000	223.356	393.169	0.000	0.000	0.708	5.012	203.669	20.706	25.389	subject613b3bb9e825a	13I
36929.000	37735.000	841.000	247.166	219.552	0.000	0.000	0.708	3.726	27.252	9.728	6.153	subject613b3bb9e825a	13I
37828.000	37962.000	176.000	349.206	248.488	0.000	0.000	0.708	4.342	51.780	4.830	8.756	subject613b3bb9e825a	13I
38040.000	38094.000	98.000	191.043	818.133	0.000	0.000	0.708	1.405	0.000	1.250	0.642	subject613b3bb9e825a	13I
38175.000	38829.000	697.000	465.986	666.644	0.000	0.000	0.708	4.967	67.999	14.559	9.804	subject613b3bb9e825a	13I
38909.000	39266.000	395.000	446.712	556.573	0.000	0.000	0.708	4.780	63.036	8.276	9.635	subject613b3bb9e825a	13I
39354.000	40402.000	1098.000	370.748	736.999	0.000	0.000	0.708	3.814	114.585	18.207	11.292	subject613b3bb9e825a	13I
40492.000	41336.000	882.000	413.832	734.729	0.000	0.000	0.708	4.904	112.286	17.295	12.204	subject613b3bb9e825a	13I
41409.000	41586.000	227.000	395.692	702.956	0.000	0.000	0.708	3.064	9.827	4.526	1.995	subject613b3bb9e825a	13I
41686.000	43135.000	1488.000	409.864	735.296	0.000	0.000	0.708	4.027	78.221	22.226	7.438	subject613b3bb9e825a	13I
43211.000	43284.000	112.000	687.075	447.637	0.000	0.000	0.708	4.870	23.016	5.641	1.995	subject613b3bb9e825a	13I
43364.000	43718.000	405.000	453.515	709.197	0.000	0.000	0.708	2.723	13.797	3.716	4.936	subject613b3bb9e825a	13I
43813.000	44449.000	675.000	562.358	606.502	0.000	0.000	0.708	2.661	23.769	6.283	6.390	subject613b3bb9e825a	13I
44522.000	46775.000	2293.000	634.921	549.765	0.000	0.000	0.708	3.478	31.904	11.046	12.238	subject613b3bb9e825a	13I
46855.000	47486.000	668.000	539.683	578.133	0.000	0.000	0.708	4.609	64.851	9.965	12.306	subject613b3bb9e825a	13I
47559.000	47725.000	209.000	535.147	617.850	0.000	0.000	0.708	3.458	18.535	4.121	4.294	subject613b3bb9e825a	13I
47820.000	48503.000	721.000	649.093	548.062	0.000	0.000	0.708	3.439	25.664	7.398	5.375	subject613b3bb9e825a	13I
48602.000	48715.000	148.000	768.141	869.197	0.000	0.000	0.708	5.089	43.297	5.776	5.882	subject613b3bb9e825a	13I
48802.000	49451.000	685.000	455.782	909.481	0.000	0.000	0.708	3.955	49.613	11.316	7.201	subject613b3bb9e825a	13I
49522.000	50200.000	728.000	558.957	689.339	0.000	0.000	0.708	4.042	34.828	11.046	7.167	subject613b3bb9e825a	13I
50301.000	50559.000	295.000	496.599	579.268	0.000	0.000	0.708	3.344	12.332	5.202	3.651	subject613b3bb9e825a	13I
50650.000	51227.000	614.000	696.712	550.899	0.000	0.000	0.708	2.738	43.674	9.559	10.954	subject613b3bb9e825a	13I
51317.000	51450.000	184.000	789.683	5.084	0.000	0.000	0.708	5.703	49.079	13.613	8.689	subject613b3bb9e825a	13I
51538.000	52277.000	777.000	861.678	-193.498	0.000	0.000	0.708	4.786	80.391	12.532	10.142	subject613b3bb9e825a	13I
52366.000	52965.000	640.000	429.705	781.254	0.000	0.000	0.708	5.279	128.331	19.085	10.751	subject613b3bb9e825a	13I
53046.000	53143.000	155.000	946.712	705.226	0.000	0.000	0.708	3.023	5.501	1.385	3.854	subject613b3bb9e825a	13I
53243.000	53663.000	455.000	489.229	698.417	0.000	0.000	0.708	5.053	43.637	12.025	7.032	subject613b3bb9e825a	13I
53750.000	54129.000	433.000	1087.868	647.353	0.000	0.000	0.708	3.265	27.917	7.398	6.694	subject613b3bb9e825a	13I
54220.000	57592.000	3429.000	865.079	603.098	0.000	0.000	0.708	5.447	185.247	27.293	14.909	subject613b3bb9e825a	13I
57701.000	58933.000	1282.000	1052.154	556.573	0.000	0.000	0.708	5.362	147.103	23.476	11.461	subject613b3bb9e825a	13I
59025.000	59692.000	708.000	1162.132	606.502	0.000	0.000	0.708	5.592	55.966	10.944	9.568	subject613b3bb9e825a	13I
59775.000	59940.000	216.000	448.980	432.885	0.000	0.000	0.708	2.099	8.840	2.432	3.448	subject613b3bb9e825a	13I
1.000	28117.000	28158.000	422.902	373.878	0.000	0.000	0.760	5.145	429.877	43.338	29.751	subject613b3bb9e825a	13S
1.000	45.000	98.000	401.361	703.523	0.000	0.000	0.739	4.692	0.000	1.892	4.294	subject613b3bb9e825a	14S
162.000	491.000	387.000	438.776	501.538	0.000	0.000	0.739	3.357	21.370	5.303	4.158	subject613b3bb9e825a	14S
594.000	945.000	405.000	141.723	203.665	0.000	0.000	0.739	2.518	10.512	5.810	2.434	subject613b3bb9e825a	14S
1041.000	1754.000	756.000	460.317	69.197	0.000	0.000	0.739	4.661	85.123	20.504	8.046	subject613b3bb9e825a	14S
1849.000	1940.000	150.000	626.984	-27.824	0.000	0.000	0.739	2.044	3.958	2.128	0.980	subject613b3bb9e825a	14S
2041.000	2424.000	423.000	828.798	96.999	0.000	0.000	0.739	3.056	21.130	5.675	5.409	subject613b3bb9e825a	14S
2515.000	2798.000	333.000	1065.760	448.772	0.000	0.000	0.739	3.185	34.479	5.438	8.519	subject613b3bb9e825a	14S
2899.000	3013.000	149.000	1102.608	351.750	0.000	0.000	0.739	2.862	2.270	4.020	2.502	subject613b3bb9e825a	14S
3086.000	3215.000	163.000	674.036	236.573	0.000	0.000	0.739	5.210	63.111	6.519	6.559	subject613b3bb9e825a	14S
3333.000	3982.000	699.000	274.376	444.233	0.000	0.000	0.739	5.468	46.760	7.431	11.495	subject613b3bb9e825a	14S
4082.000	4348.000	307.000	781.179	111.750	0.000	0.000	0.739	4.085	35.379	6.283	8.215	subject613b3bb9e825a	14S
4431.000	4531.000	150.000	938.776	60.687	0.000	0.000	0.739	2.355	3.276	0.743	4.530	subject613b3bb9e825a	14S
4631.000	4864.000	278.000	44.218	174.162	0.000	0.000	0.739	5.289	44.909	7.465	4.902	subject613b3bb9e825a	14S
4952.000	5399.000	494.000	349.773	51.041	0.000	0.000	0.739	4.339	53.932	13.106	8.012	subject613b3bb9e825a	14S
5499.000	5963.000	515.000	828.798	-27.824	0.000	0.000	0.739	4.616	62.964	11.046	8.249	subject613b3bb9e825a	14S
6056.000	7320.000	1314.000	141.723	232.034	0.000	0.000	0.739	4.256	102.584	15.538	15.011	subject613b3bb9e825a	14S
7420.000	7888.000	534.000	803.855	74.304	0.000	0.000	0.739	4.696	59.486	10.100	8.891	subject613b3bb9e825a	14S
7990.000	8067.000	130.000	481.859	177.566	0.000	0.000	0.739	3.414	3.677	4.222	2.367	subject613b3bb9e825a	14S
8170.000	10587.000	2467.000	400.227	170.757	0.000	0.000	0.739	5.229	117.408	23.915	16.430	subject613b3bb9e825a	14S
10675.000	10957.000	323.000	204.082	242.247	0.000	0.000	0.739	2.753	12.160	6.722	4.496	subject613b3bb9e825a	14S
11038.000	11380.000	377.000	446.712	199.126	0.000	0.000	0.739	5.960	70.894	9.458	8.114	subject613b3bb9e825a	14S
11449.000	11503.000	99.000	730.726	107.211	0.000	0.000	0.739	4.118	0.000	0.709	4.057	subject613b3bb9e825a	14S
11632.000	11721.000	138.000	956.916	99.268	0.000	0.000	0.739	4.502	22.176	3.918	4.057	subject613b3bb9e825a	14S
11821.000	12170.000	399.000	202.948	354.587	0.000	0.000	0.739	4.459	21.291	7.533	5.071	subject613b3bb9e825a	14S
12270.000	12956.000	725.000	571.429	186.644	0.000	0.000	0.739	3.769	39.230	10.167	7.336	subject613b3bb9e825a	14S
13033.000	13220.000	237.000	352.608	319.410	0.000	0.000	0.739	2.272	15.551	2.702	4.091	subject613b3bb9e825a	14S
13320.000	13520.000	238.000	489.796	210.474	0.000	0.000	0.739	3.149	21.750	5.168	3.786	subject613b3bb9e825a	14S
13594.000	13726.000	175.000	658.730	146.928	0.000	0.000	0.739	3.699	8.094	1.419	5.477	subject613b3bb9e825a	14S
13820.000	13970.000	200.000	891.156	145.793	0.000	0.000	0.739	2.526	0.877	5.438	2.367	subject613b3bb9e825a	14S
14058.000	14338.000	320.000	238.095	359.126	0.000	0.000	0.739	3.884	36.991	5.472	9.534	subject613b3bb9e825a	14S
14418.000	14786.000	419.000	459.184	250.190	0.000	0.000	0.739	3.823	32.225	7.499	5.815	subject613b3bb9e825a	14S
14874.000	15186.000	363.000	304.989	338.701	0.000	0.000	0.739	2.194	11.833	3.175	4.733	subject613b3bb9e825a	14S
15277.000	15471.000	230.000	83.900	554.304	0.000	0.000	0.739	3.527	13.832	1.892	5.916	subject613b3bb9e825a	14S
15547.000	15584.000	90.000	401.361	605.367	0.000	0.000	0.739	2.867	0.000	2.027	2.028	subject613b3bb9e825a	14S
15687.000	16182.000	551.000	188.776	487.921	0.000	0.000	0.739	4.333	89.718	12.903	13.557	subject613b3bb9e825a	14S
16277.000	16403.000	164.000	155.896	475.438	0.000	0.000	0.739	2.502	14.541	2.533	4.192	subject613b3bb9e825a	14S
16481.000	16537.000	123.000	375.283	285.935	0.000	0.000	0.739	1.280	0.000	0.270	1.251	subject613b3bb9e825a	14S
16642.000	16718.000	128.000	585.034	278.559	0.000	0.000	0.739	2.100	1.440	1.588	2.434	subject613b3bb9e825a	14S
16807.000	16905.000	139.000	378.685	316.006	0.000	0.000	0.739	2.833	12.473	2.601	2.671	subject613b3bb9e825a	14S
16982.000	17403.000	476.000	430.839	277.424	0.000	0.000	0.739	6.267	106.346	20.402	8.519	subject613b3bb9e825a	14S
17504.000	18674.000	1220.000	214.853	362.530	0.000	0.000	0.739	3.897	79.305	15.572	12.002	subject613b3bb9e825a	14S
18774.000	18935.000	197.000	809.524	293.311	0.000	0.000	0.739	2.794	15.989	4.222	4.665	subject613b3bb9e825a	14S
19023.000	20292.000	1312.000	272.109	426.077	0.000	0.000	0.739	3.924	62.582	16.856	9.939	subject613b3bb9e825a	14S
20427.000	20465.000	75.000	247.166	300.687	0.000	0.000	0.739	2.605	0.000	2.162	1.454	subject613b3bb9e825a	14S
20542.000	20591.000	92.000	528.912	295.580	0.000	0.000	0.739	5.571	0.000	2.939	4.733	subject613b3bb9e825a	14S
20691.000	20769.000	114.000	704.082	362.530	0.000	0.000	0.739	3.568	21.517	2.297	4.733	subject613b3bb9e825a	14S
20858.000	21245.000	427.000	333.333	418.701	0.000	0.000	0.739	6.488	162.665	23.814	8.993	subject613b3bb9e825a	14S
21340.000	21466.000	162.000	0.567	532.743	0.000	0.000	0.739	3.429	16.499	3.040	3.651	subject613b3bb9e825a	14S
21543.000	22116.000	631.000	256.236	415.864	0.000	0.000	0.739	3.687	72.306	12.329	8.925	subject613b3bb9e825a	14S
22225.000	22271.000	88.000	331.066	386.928	0.000	0.000	0.739	0.378	0.000	0.068	0.372	subject613b3bb9e825a	14S
22357.000	22959.000	644.000	664.399	452.176	0.000	0.000	0.739	3.591	46.383	10.640	7.066	subject613b3bb9e825a	14S
23041.000	23353.000	365.000	248.866	551.467	0.000	0.000	0.739	3.022	16.737	4.425	4.834	subject613b3bb9e825a	14S
23445.000	23828.000	429.000	420.635	463.523	0.000	0.000	0.739	2.665	12.820	4.324	4.868	subject613b3bb9e825a	14S
23909.000	24682.000	815.000	446.712	470.332	0.000	0.000	0.739	3.067	44.670	11.890	6.390	subject613b3bb9e825a	14S
24762.000	25323.000	611.000	673.469	545.226	0.000	0.000	0.739	4.602	59.901	13.748	7.674	subject613b3bb9e825a	14S
25411.000	25522.000	162.000	973.356	445.935	0.000	0.000	0.739	2.011	0.914	2.365	1.589	subject613b3bb9e825a	14S
25624.000	28722.000	3148.000	390.023	600.828	0.000	0.000	0.739	4.881	197.232	29.252	20.183	subject613b3bb9e825a	14S
28809.000	28939.000	170.000	1009.637	567.353	0.000	0.000	0.739	2.831	9.239	1.588	5.342	subject613b3bb9e825a	14S
29016.000	29256.000	290.000	196.145	608.772	0.000	0.000	0.739	2.271	9.036	7.195	1.724	subject613b3bb9e825a	14S
29348.000	29473.000	175.000	140.023	444.800	0.000	0.000	0.739	1.642	4.097	1.182	2.265	subject613b3bb9e825a	14S
29563.000	30121.000	609.000	472.789	612.176	0.000	0.000	0.739	4.554	80.138	20.065	6.423	subject613b3bb9e825a	14S
30211.000	30380.000	228.000	837.868	483.949	0.000	0.000	0.739	4.254	13.380	8.242	2.333	subject613b3bb9e825a	14S
30475.000	30680.000	242.000	475.057	580.970	0.000	0.000	0.739	4.066	15.326	5.573	5.578	subject613b3bb9e825a	14S
30753.000	30807.000	97.000	236.395	620.687	0.000	0.000	0.739	2.654	0.000	2.466	0.980	subject613b3bb9e825a	14S
30887.000	32806.000	1969.000	256.236	344.374	0.000	0.000	0.739	3.913	285.475	27.699	23.936	subject613b3bb9e825a	14S
32898.000	33122.000	274.000	711.451	12.460	0.000	0.000	0.739	2.862	11.510	2.939	3.685	subject613b3bb9e825a	14S
33223.000	33322.000	150.000	434.240	118.559	0.000	0.000	0.739	2.899	6.705	4.560	2.130	subject613b3bb9e825a	14S
33422.000	34556.000	1174.000	965.986	361.396	0.000	0.000	0.739	4.856	189.526	30.164	17.411	subject613b3bb9e825a	14S
34634.000	35088.000	506.000	658.730	749.481	0.000	0.000	0.739	5.845	90.407	10.978	11.630	subject613b3bb9e825a	14S
35184.000	35622.000	488.000	1083.333	527.070	0.000	0.000	0.739	5.001	43.176	7.499	9.872	subject613b3bb9e825a	14S
35757.000	36005.000	284.000	207.483	721.112	0.000	0.000	0.739	4.650	37.516	6.486	7.269	subject613b3bb9e825a	14S
36078.000	36206.000	178.000	434.240	616.715	0.000	0.000	0.739	3.024	14.801	3.175	3.347	subject613b3bb9e825a	14S
36306.000	36789.000	554.000	1106.576	478.843	0.000	0.000	0.739	3.791	30.528	5.911	8.350	subject613b3bb9e825a	14S
1.000	168.000	205.000	1017.007	649.623	0.000	0.000	0.742	3.583	19.444	4.628	2.772	subject613b3bb9e825a	1I
257.000	1014.000	797.000	370.181	134.445	0.000	0.000	0.742	4.527	132.451	13.106	17.174	subject613b3bb9e825a	1I
1106.000	1240.000	184.000	1068.027	779.552	0.000	0.000	0.742	3.423	20.582	3.817	3.786	subject613b3bb9e825a	1I
1328.000	2241.000	954.000	204.649	292.743	0.000	0.000	0.742	6.308	170.947	24.422	17.073	subject613b3bb9e825a	1I
2316.000	2691.000	413.000	69.161	351.183	0.000	0.000	0.742	2.207	11.864	5.168	3.347	subject613b3bb9e825a	1I
2764.000	3238.000	525.000	332.200	247.353	0.000	0.000	0.742	6.543	139.942	11.046	19.913	subject613b3bb9e825a	1I
3339.000	3490.000	191.000	384.354	221.254	0.000	0.000	0.742	3.130	17.800	7.499	3.279	subject613b3bb9e825a	1I
3581.000	5375.000	1830.000	151.361	288.772	0.000	0.000	0.742	4.716	55.248	20.166	11.528	subject613b3bb9e825a	1I
5450.000	5577.000	164.000	34.014	540.119	0.000	0.000	0.742	3.087	17.147	5.945	3.110	subject613b3bb9e825a	1I
5670.000	5709.000	78.000	178.571	458.984	0.000	0.000	0.742	1.665	0.000	0.372	1.623	subject613b3bb9e825a	1I
5784.000	7165.000	1417.000	115.646	503.240	0.000	0.000	0.742	4.955	86.235	28.036	9.398	subject613b3bb9e825a	1I
7253.000	7786.000	572.000	239.229	473.736	0.000	0.000	0.742	2.389	12.473	5.438	4.226	subject613b3bb9e825a	1I
7867.000	8203.000	387.000	122.449	452.176	0.000	0.000	0.742	1.569	6.717	3.209	3.786	subject613b3bb9e825a	1I
8343.000	8513.000	226.000	284.580	458.984	0.000	0.000	0.742	2.858	20.496	7.600	2.265	subject613b3bb9e825a	1I
8607.000	9936.000	1379.000	183.673	486.218	0.000	0.000	0.742	4.614	84.988	16.822	11.224	subject613b3bb9e825a	1I
10035.000	10260.000	265.000	631.519	584.942	0.000	0.000	0.742	7.060	55.884	17.092	6.187	subject613b3bb9e825a	1I
10336.000	10486.000	200.000	179.138	677.424	0.000	0.000	0.742	3.279	11.587	7.533	1.116	subject613b3bb9e825a	1I
10586.000	10936.000	387.000	163.265	465.793	0.000	0.000	0.742	5.546	53.946	7.330	9.601	subject613b3bb9e825a	1I
11010.000	11236.000	265.000	41.383	477.708	0.000	0.000	0.742	4.009	23.449	3.006	8.283	subject613b3bb9e825a	1I
11319.000	11653.000	377.000	217.687	647.353	0.000	0.000	0.742	4.780	44.940	7.837	6.694	subject613b3bb9e825a	1I
11733.000	11986.000	303.000	375.850	556.006	0.000	0.000	0.742	2.462	14.107	3.412	6.254	subject613b3bb9e825a	1I
12085.000	14066.000	2016.000	94.104	471.467	0.000	0.000	0.742	3.403	51.452	14.255	8.655	subject613b3bb9e825a	1I
14143.000	14615.000	521.000	324.263	449.906	0.000	0.000	0.742	5.253	61.711	12.160	9.939	subject613b3bb9e825a	1I
14710.000	15276.000	620.000	82.766	504.942	0.000	0.000	0.742	7.171	140.123	24.557	11.190	subject613b3bb9e825a	1I
15380.000	15431.000	100.000	245.465	478.275	0.000	0.000	0.742	0.529	0.000	0.236	0.473	subject613b3bb9e825a	1I
15530.000	15646.000	167.000	336.735	345.509	0.000	0.000	0.742	4.111	25.808	4.053	4.158	subject613b3bb9e825a	1I
15748.000	17223.000	1510.000	245.465	534.445	0.000	0.000	0.742	3.934	70.898	21.753	8.080	subject613b3bb9e825a	1I
17314.000	18064.000	787.000	367.347	484.516	0.000	0.000	0.742	4.522	52.613	13.241	9.973	subject613b3bb9e825a	1I
18138.000	18309.000	226.000	361.678	533.878	0.000	0.000	0.742	4.692	25.281	4.965	5.680	subject613b3bb9e825a	1I
18406.000	19780.000	1411.000	297.052	540.687	0.000	0.000	0.742	4.087	37.237	11.282	7.674	subject613b3bb9e825a	1I
19855.000	20044.000	242.000	581.633	764.800	0.000	0.000	0.742	2.403	21.290	3.885	5.105	subject613b3bb9e825a	1I
20138.000	21230.000	1142.000	205.782	545.226	0.000	0.000	0.742	4.555	91.738	19.153	10.683	subject613b3bb9e825a	1I
21330.000	21843.000	566.000	183.673	215.013	0.000	0.000	0.742	3.157	26.123	7.938	5.071	subject613b3bb9e825a	1I
21934.000	22291.000	394.000	288.549	360.828	0.000	0.000	0.742	3.722	25.954	9.424	4.192	subject613b3bb9e825a	1I
22380.000	22779.000	431.000	140.590	264.942	0.000	0.000	0.742	3.445	65.683	9.931	11.089	subject613b3bb9e825a	1I
22864.000	23036.000	208.000	75.964	480.545	0.000	0.000	0.742	4.045	22.032	4.290	3.955	subject613b3bb9e825a	1I
23129.000	23786.000	694.000	276.644	480.545	0.000	0.000	0.742	4.282	59.334	9.796	10.413	subject613b3bb9e825a	1I
23880.000	24113.000	283.000	417.234	455.580	0.000	0.000	0.742	3.171	28.407	6.317	4.530	subject613b3bb9e825a	1I
24213.000	24379.000	217.000	816.327	793.736	0.000	0.000	0.742	5.858	75.797	8.546	7.539	subject613b3bb9e825a	1I
24480.000	24842.000	401.000	655.896	876.573	0.000	0.000	0.742	6.027	46.455	6.350	7.505	subject613b3bb9e825a	1I
24916.000	25999.000	1134.000	180.839	300.687	0.000	0.000	0.742	4.906	62.570	11.248	10.176	subject613b3bb9e825a	1I
26092.000	26233.000	179.000	171.202	445.935	0.000	0.000	0.742	4.078	17.822	6.688	2.705	subject613b3bb9e825a	1I
26314.000	26445.000	186.000	291.950	213.311	0.000	0.000	0.742	3.421	21.973	3.378	4.936	subject613b3bb9e825a	1I
26538.000	26612.000	129.000	418.367	74.304	0.000	0.000	0.742	1.727	2.549	0.608	2.028	subject613b3bb9e825a	1I
26708.000	27266.000	604.000	197.846	216.715	0.000	0.000	0.742	4.109	35.219	7.398	8.181	subject613b3bb9e825a	1I
27354.000	27841.000	524.000	405.896	357.991	0.000	0.000	0.742	3.322	49.294	13.376	4.801	subject613b3bb9e825a	1I
27913.000	28013.000	135.000	290.249	414.729	0.000	0.000	0.742	1.398	1.485	1.250	0.845	subject613b3bb9e825a	1I
28100.000	28483.000	419.000	290.249	437.424	0.000	0.000	0.742	4.198	38.485	10.944	11.156	subject613b3bb9e825a	1I
28563.000	29349.000	828.000	162.132	539.552	0.000	0.000	0.742	5.238	76.017	18.443	9.872	subject613b3bb9e825a	1I
29431.000	30835.000	1440.000	234.694	558.843	0.000	0.000	0.742	4.452	67.943	13.883	10.311	subject613b3bb9e825a	1I
30905.000	31091.000	224.000	136.054	604.233	0.000	0.000	0.742	4.231	42.294	10.877	4.395	subject613b3bb9e825a	1I
31163.000	31705.000	587.000	1043.084	608.772	0.000	0.000	0.742	3.677	31.373	6.587	6.592	subject613b3bb9e825a	1I
31800.000	31932.000	190.000	182.540	436.289	0.000	0.000	0.742	7.939	18.128	13.545	4.395	subject613b3bb9e825a	1I
117127.000	117247.000	157.000	940.083	725.029	0.000	0.000	0.728	1.389	0.743	1.509	1.821	subject613b3bb9e825a	1V
117323.000	118160.000	879.000	960.344	804.833	0.000	0.000	0.728	2.469	14.741	4.799	5.969	subject613b3bb9e825a	1V
101060.000	102165.000	1139.000	217.799	86.030	0.000	0.000	0.728	2.380	15.658	7.394	5.295	subject613b3bb9e825a	1V
103746.000	103878.000	187.000	560.707	368.457	0.000	0.000	0.728	1.684	6.831	2.626	2.260	subject613b3bb9e825a	1V
103976.000	104499.000	566.000	527.277	405.812	0.000	0.000	0.728	1.774	8.644	3.923	2.833	subject613b3bb9e825a	1V
104578.000	104877.000	334.000	609.839	388.267	0.000	0.000	0.728	1.688	11.909	4.074	3.069	subject613b3bb9e825a	1V
106429.000	107498.000	1120.000	946.161	370.155	0.000	0.000	0.728	3.006	15.647	7.787	4.587	subject613b3bb9e825a	1V
109089.000	109282.000	235.000	151.953	775.401	0.000	0.000	0.728	3.848	23.546	4.738	3.642	subject613b3bb9e825a	1V
109361.000	110219.000	893.000	213.241	788.985	0.000	0.000	0.728	2.409	10.248	5.614	4.216	subject613b3bb9e825a	1V
111771.000	112868.000	1150.000	945.655	55.467	0.000	0.000	0.728	2.639	13.413	6.097	5.969	subject613b3bb9e825a	1V
114448.000	115549.000	1141.000	158.031	543.913	0.000	0.000	0.728	3.681	24.431	8.149	8.161	subject613b3bb9e825a	1V
286682.000	287732.000	1087.000	978.072	-44.713	0.000	0.000	0.710	3.214	16.265	4.799	8.431	subject613b3bb9e825a	2V
289294.000	289880.000	621.000	158.538	195.265	0.000	0.000	0.710	2.656	13.595	3.923	6.711	subject613b3bb9e825a	2V
289973.000	290189.000	266.000	334.297	335.630	0.000	0.000	0.710	5.149	87.096	18.048	4.924	subject613b3bb9e825a	2V
290280.000	290339.000	108.000	131.693	166.400	0.000	0.000	0.710	2.564	0.000	1.147	2.293	subject613b3bb9e825a	2V
291934.000	293027.000	1133.000	634.658	365.627	0.000	0.000	0.710	3.024	17.067	9.084	4.924	subject613b3bb9e825a	2V
294616.000	295453.000	871.000	969.461	727.293	0.000	0.000	0.710	3.368	27.834	7.726	7.790	subject613b3bb9e825a	2V
295525.000	295759.000	272.000	914.758	739.744	0.000	0.000	0.710	1.509	8.700	2.807	3.609	subject613b3bb9e825a	2V
297318.000	298339.000	1071.000	1020.112	451.657	0.000	0.000	0.710	4.112	36.938	8.239	8.870	subject613b3bb9e825a	2V
299933.000	300969.000	1080.000	224.891	481.088	0.000	0.000	0.710	2.220	10.366	4.346	5.025	subject613b3bb9e825a	2V
302561.000	303668.000	1163.000	437.625	769.741	0.000	0.000	0.710	2.970	22.761	6.368	8.836	subject613b3bb9e825a	2V
1.000	330.000	369.000	1147.959	742.105	0.000	0.000	0.731	3.906	16.583	7.330	3.009	subject613b3bb9e825a	3R
422.000	972.000	588.000	197.846	361.963	0.000	0.000	0.731	5.759	175.196	22.226	13.422	subject613b3bb9e825a	3R
1049.000	2579.000	1568.000	353.741	232.034	0.000	0.000	0.731	4.442	157.546	19.017	21.163	subject613b3bb9e825a	3R
2672.000	5464.000	2829.000	437.642	195.155	0.000	0.000	0.731	4.124	102.790	19.761	19.439	subject613b3bb9e825a	3R
5545.000	7555.000	2047.000	206.349	236.573	0.000	0.000	0.731	4.633	161.969	21.382	20.149	subject613b3bb9e825a	3R
7646.000	8106.000	498.000	104.308	280.828	0.000	0.000	0.731	4.633	36.940	14.322	5.071	subject613b3bb9e825a	3R
8195.000	8245.000	96.000	-15.873	184.374	0.000	0.000	0.731	2.063	0.000	1.756	1.082	subject613b3bb9e825a	3R
8346.000	8608.000	318.000	38.549	143.523	0.000	0.000	0.731	3.125	10.935	2.331	4.496	subject613b3bb9e825a	3R
8704.000	8795.000	142.000	879.819	93.594	0.000	0.000	0.731	4.131	10.023	3.614	4.496	subject613b3bb9e825a	3R
8885.000	8926.000	78.000	1084.467	173.594	0.000	0.000	0.731	1.928	0.000	1.925	0.101	subject613b3bb9e825a	3R
9012.000	12179.000	3255.000	390.023	167.353	0.000	0.000	0.731	3.596	50.255	17.768	11.731	subject613b3bb9e825a	3R
12308.000	13491.000	1221.000	267.574	295.013	0.000	0.000	0.731	4.306	79.931	10.134	17.309	subject613b3bb9e825a	3R
13568.000	14533.000	999.000	470.522	358.559	0.000	0.000	0.731	4.298	98.832	11.417	17.276	subject613b3bb9e825a	3R
14604.000	14745.000	176.000	315.760	305.226	0.000	0.000	0.731	2.081	5.168	4.357	1.386	subject613b3bb9e825a	3R
14830.000	15071.000	284.000	698.413	160.545	0.000	0.000	0.731	3.443	18.465	4.999	4.801	subject613b3bb9e825a	3R
15152.000	16837.000	1740.000	357.143	186.644	0.000	0.000	0.731	4.088	50.356	18.747	7.674	subject613b3bb9e825a	3R
16943.000	17706.000	799.000	321.995	436.289	0.000	0.000	0.731	6.308	123.239	19.524	10.920	subject613b3bb9e825a	3R
17792.000	18641.000	900.000	272.109	318.275	0.000	0.000	0.731	3.824	34.359	11.620	5.375	subject613b3bb9e825a	3R
18728.000	19329.000	642.000	129.252	357.991	0.000	0.000	0.731	3.967	37.573	8.411	7.269	subject613b3bb9e825a	3R
19407.000	19601.000	233.000	434.240	210.474	0.000	0.000	0.731	3.418	16.061	2.905	6.085	subject613b3bb9e825a	3R
19692.000	20170.000	568.000	215.986	368.772	0.000	0.000	0.731	3.385	30.757	8.411	5.680	subject613b3bb9e825a	3R
20306.000	20876.000	608.000	85.034	395.438	0.000	0.000	0.731	3.118	18.877	7.668	4.834	subject613b3bb9e825a	3R
20951.000	21109.000	196.000	397.959	229.765	0.000	0.000	0.731	3.896	13.170	4.729	3.550	subject613b3bb9e825a	3R
21190.000	21530.000	375.000	-12.472	337.566	0.000	0.000	0.731	4.447	18.370	9.086	3.854	subject613b3bb9e825a	3R
21601.000	21735.000	169.000	235.261	173.027	0.000	0.000	0.731	2.859	16.751	4.898	2.367	subject613b3bb9e825a	3R
21827.000	21959.000	182.000	-67.460	329.055	0.000	0.000	0.731	2.606	10.895	6.283	1.454	subject613b3bb9e825a	3R
22054.000	22380.000	363.000	947.846	480.545	0.000	0.000	0.731	5.105	32.010	11.890	3.415	subject613b3bb9e825a	3R
22454.000	22494.000	83.000	1257.370	260.970	0.000	0.000	0.731	2.223	0.000	1.621	1.521	subject613b3bb9e825a	3R
22573.000	22725.000	194.000	1129.819	249.055	0.000	0.000	0.731	1.973	8.661	3.378	3.685	subject613b3bb9e825a	3R
22827.000	22871.000	99.000	451.814	165.651	0.000	0.000	0.731	3.551	0.000	3.209	1.521	subject613b3bb9e825a	3R
22970.000	23555.000	620.000	22.676	243.382	0.000	0.000	0.731	4.229	32.943	8.647	6.559	subject613b3bb9e825a	3R
23641.000	23809.000	205.000	-80.499	252.460	0.000	0.000	0.731	2.241	10.215	3.006	2.772	subject613b3bb9e825a	3R
23888.000	24491.000	639.000	354.875	317.140	0.000	0.000	0.731	4.675	43.407	8.411	8.012	subject613b3bb9e825a	3R
24565.000	25094.000	567.000	1001.134	531.609	0.000	0.000	0.731	3.844	28.851	5.472	12.441	subject613b3bb9e825a	3R
25176.000	25559.000	420.000	839.569	575.296	0.000	0.000	0.731	6.515	122.808	19.457	12.272	subject613b3bb9e825a	3R
25630.000	25920.000	345.000	725.624	224.091	0.000	0.000	0.731	2.928	9.782	7.262	3.347	subject613b3bb9e825a	3R
26015.000	26148.000	169.000	630.385	226.928	0.000	0.000	0.731	2.706	18.745	4.729	3.786	subject613b3bb9e825a	3R
26227.000	27175.000	983.000	231.293	317.140	0.000	0.000	0.731	4.638	92.963	14.728	11.664	subject613b3bb9e825a	3R
27251.000	27725.000	518.000	399.660	138.417	0.000	0.000	0.731	2.210	12.864	6.790	3.516	subject613b3bb9e825a	3R
27853.000	28601.000	782.000	264.172	279.694	0.000	0.000	0.731	4.723	81.732	19.457	13.861	subject613b3bb9e825a	3R
28671.000	29047.000	414.000	269.274	222.389	0.000	0.000	0.731	3.698	15.199	7.161	3.313	subject613b3bb9e825a	3R
29122.000	30524.000	1443.000	315.193	328.488	0.000	0.000	0.731	4.674	102.259	17.058	21.840	subject613b3bb9e825a	3R
30604.000	30857.000	305.000	464.286	147.495	0.000	0.000	0.731	3.514	21.035	6.350	3.786	subject613b3bb9e825a	3R
30947.000	31166.000	278.000	566.327	499.835	0.000	0.000	0.731	4.284	54.153	8.310	7.336	subject613b3bb9e825a	3R
31272.000	31399.000	169.000	621.882	261.538	0.000	0.000	0.731	1.724	4.364	2.196	4.192	subject613b3bb9e825a	3R
31490.000	31775.000	322.000	485.261	112.885	0.000	0.000	0.731	2.050	8.908	3.209	3.279	subject613b3bb9e825a	3R
31851.000	32445.000	636.000	514.739	117.424	0.000	0.000	0.731	3.364	19.310	9.627	5.544	subject613b3bb9e825a	3R
32528.000	33157.000	666.000	346.939	365.935	0.000	0.000	0.731	5.291	167.408	12.701	15.957	subject613b3bb9e825a	3R
33236.000	33690.000	504.000	216.553	287.070	0.000	0.000	0.731	2.736	26.336	8.242	4.395	subject613b3bb9e825a	3R
33791.000	34240.000	499.000	41.383	347.211	0.000	0.000	0.731	3.926	21.542	8.512	4.125	subject613b3bb9e825a	3R
34326.000	34916.000	649.000	173.469	234.304	0.000	0.000	0.731	2.337	22.991	5.337	8.114	subject613b3bb9e825a	3R
35014.000	35739.000	809.000	312.925	520.261	0.000	0.000	0.731	4.532	67.462	11.687	10.244	subject613b3bb9e825a	3R
35876.000	36240.000	414.000	170.068	407.921	0.000	0.000	0.731	3.490	18.673	6.080	4.192	subject613b3bb9e825a	3R
36328.000	36841.000	569.000	281.179	309.197	0.000	0.000	0.731	2.432	19.805	3.817	6.390	subject613b3bb9e825a	3R
36946.000	37080.000	183.000	339.002	259.268	0.000	0.000	0.731	0.656	0.560	1.115	0.879	subject613b3bb9e825a	3R
37169.000	37910.000	776.000	191.610	319.410	0.000	0.000	0.731	3.473	25.022	8.580	7.066	subject613b3bb9e825a	3R
37997.000	38033.000	72.000	358.844	255.864	0.000	0.000	0.731	2.290	0.000	1.182	1.961	subject613b3bb9e825a	3R
38130.000	38229.000	142.000	7.937	310.332	0.000	0.000	0.731	2.147	1.947	3.445	2.333	subject613b3bb9e825a	3R
38329.000	38563.000	273.000	433.673	218.984	0.000	0.000	0.731	2.780	27.705	8.715	3.719	subject613b3bb9e825a	3R
38638.000	39296.000	696.000	647.392	95.864	0.000	0.000	0.731	2.998	24.415	10.134	4.902	subject613b3bb9e825a	3R
39371.000	39729.000	403.000	946.712	546.360	0.000	0.000	0.731	4.196	23.590	7.668	5.849	subject613b3bb9e825a	3R
39814.000	39965.000	196.000	869.048	946.928	0.000	0.000	0.731	3.968	7.713	6.519	2.434	subject613b3bb9e825a	3R
40063.000	40570.000	549.000	445.011	283.665	0.000	0.000	0.731	3.687	50.731	6.418	10.818	subject613b3bb9e825a	3R
40651.000	40946.000	345.000	777.778	188.346	0.000	0.000	0.731	2.905	17.945	8.208	3.617	subject613b3bb9e825a	3R
41035.000	41842.000	841.000	599.773	879.977	0.000	0.000	0.731	4.925	65.868	17.700	8.452	subject613b3bb9e825a	3R
41929.000	42849.000	956.000	1122.449	732.460	0.000	0.000	0.731	3.486	26.222	7.398	7.404	subject613b3bb9e825a	3R
1.000	1.000	42.000	1079.365	182.105	0.000	0.000	0.749	NaN	NaN	0.000	0.000	subject613b3bb9e825a	3S
101.000	371.000	313.000	962.585	306.928	0.000	0.000	0.749	3.570	31.330	6.249	6.897	subject613b3bb9e825a	3S
467.000	516.000	144.000	475.624	457.850	0.000	0.000	0.749	5.245	0.000	3.952	3.448	subject613b3bb9e825a	3S
647.000	1948.000	1341.000	282.313	219.552	0.000	0.000	0.749	4.416	85.077	14.896	12.374	subject613b3bb9e825a	3S
2028.000	2196.000	223.000	609.977	347.779	0.000	0.000	0.749	2.293	11.603	4.628	4.192	subject613b3bb9e825a	3S
2293.000	2784.000	533.000	323.129	256.999	0.000	0.000	0.749	8.343	84.579	12.633	15.450	subject613b3bb9e825a	3S
2863.000	2992.000	167.000	647.959	149.197	0.000	0.000	0.749	2.460	4.767	1.621	2.806	subject613b3bb9e825a	3S
3083.000	3367.000	323.000	740.363	143.523	0.000	0.000	0.749	3.146	13.600	7.735	2.333	subject613b3bb9e825a	3S
3447.000	3501.000	97.000	150.794	147.495	0.000	0.000	0.749	2.382	0.000	2.027	1.251	subject613b3bb9e825a	3S
3585.000	3699.000	166.000	-37.415	179.268	0.000	0.000	0.749	2.647	11.278	3.716	2.468	subject613b3bb9e825a	3S
3796.000	4083.000	337.000	337.868	148.062	0.000	0.000	0.749	2.603	14.848	6.958	2.975	subject613b3bb9e825a	3S
4172.000	4579.000	444.000	695.011	73.169	0.000	0.000	0.749	3.293	37.177	8.208	9.027	subject613b3bb9e825a	3S
4666.000	4767.000	141.000	154.195	235.438	0.000	0.000	0.749	4.593	36.915	4.493	4.294	subject613b3bb9e825a	3S
4849.000	4974.000	162.000	-76.531	151.467	0.000	0.000	0.749	3.529	21.741	4.864	2.772	subject613b3bb9e825a	3S
5067.000	5252.000	227.000	230.159	163.949	0.000	0.000	0.749	3.282	11.815	5.472	2.096	subject613b3bb9e825a	3S
5333.000	6417.000	1134.000	503.401	287.637	0.000	0.000	0.749	5.547	197.748	24.658	12.543	subject613b3bb9e825a	3S
6516.000	6851.000	383.000	104.308	267.211	0.000	0.000	0.749	4.916	59.631	9.492	8.350	subject613b3bb9e825a	3S
6942.000	7766.000	865.000	592.971	230.899	0.000	0.000	0.749	4.319	95.759	17.869	10.176	subject613b3bb9e825a	3S
7850.000	8523.000	713.000	666.667	308.062	0.000	0.000	0.749	3.627	58.292	10.607	7.167	subject613b3bb9e825a	3S
8616.000	9120.000	538.000	63.492	308.062	0.000	0.000	0.749	3.812	34.384	9.998	6.018	subject613b3bb9e825a	3S
9195.000	9283.000	125.000	312.925	177.566	0.000	0.000	0.749	2.182	5.310	1.959	3.617	subject613b3bb9e825a	3S
9358.000	10400.000	1081.000	566.893	314.871	0.000	0.000	0.749	6.029	152.375	22.294	16.701	subject613b3bb9e825a	3S
10500.000	10794.000	333.000	44.218	320.545	0.000	0.000	0.749	4.481	51.075	7.364	8.689	subject613b3bb9e825a	3S
10883.000	11580.000	750.000	299.320	306.928	0.000	0.000	0.749	4.625	40.335	11.856	6.525	subject613b3bb9e825a	3S
11677.000	11816.000	188.000	11.905	285.935	0.000	0.000	0.749	1.955	6.628	1.486	2.738	subject613b3bb9e825a	3S
11903.000	12227.000	380.000	183.673	338.701	0.000	0.000	0.749	3.849	51.101	10.573	5.882	subject613b3bb9e825a	3S
12326.000	12882.000	606.000	333.333	353.452	0.000	0.000	0.749	5.099	67.628	18.038	8.689	subject613b3bb9e825a	3S
12983.000	13022.000	77.000	305.556	401.112	0.000	0.000	0.749	2.404	0.000	2.263	0.811	subject613b3bb9e825a	3S
13095.000	13136.000	78.000	54.989	494.729	0.000	0.000	0.749	2.042	0.000	0.439	1.995	subject613b3bb9e825a	3S
13209.000	14251.000	1083.000	234.694	477.708	0.000	0.000	0.749	4.719	54.946	17.058	8.722	subject613b3bb9e825a	3S
14350.000	14430.000	132.000	498.866	687.070	0.000	0.000	0.749	2.585	9.735	2.061	3.381	subject613b3bb9e825a	3S
14532.000	14632.000	150.000	434.240	339.835	0.000	0.000	0.749	3.853	11.340	4.493	6.018	subject613b3bb9e825a	3S
14733.000	15574.000	876.000	107.710	297.850	0.000	0.000	0.749	3.445	75.602	21.787	8.148	subject613b3bb9e825a	3S
15645.000	15779.000	170.000	842.404	176.999	0.000	0.000	0.749	3.691	9.391	7.499	4.192	subject613b3bb9e825a	3S
15865.000	17206.000	1379.000	399.093	191.183	0.000	0.000	0.749	4.657	140.404	30.367	14.537	subject613b3bb9e825a	3S
17300.000	17473.000	215.000	1068.594	620.687	0.000	0.000	0.749	6.154	65.523	9.627	8.756	subject613b3bb9e825a	3S
17553.000	17882.000	412.000	1061.224	587.211	0.000	0.000	0.749	2.775	25.037	8.039	4.327	subject613b3bb9e825a	3S
18016.000	18641.000	660.000	549.887	735.864	0.000	0.000	0.749	6.990	100.114	16.653	11.697	subject613b3bb9e825a	3S
18732.000	19332.000	650.000	173.469	499.268	0.000	0.000	0.749	3.648	47.418	9.526	9.398	subject613b3bb9e825a	3S
19423.000	19665.000	278.000	266.440	528.204	0.000	0.000	0.749	3.946	34.061	8.985	4.294	subject613b3bb9e825a	3S
19750.000	20186.000	474.000	1175.737	599.694	0.000	0.000	0.749	4.524	43.087	8.884	6.761	subject613b3bb9e825a	3S
20259.000	20437.000	228.000	987.528	396.573	0.000	0.000	0.749	4.699	41.689	8.816	6.863	subject613b3bb9e825a	3S
457988.000	458031.000	99.000	931.979	1.698	0.000	0.000	0.711	3.012	0.000	1.992	2.260	subject613b3bb9e825a	3V
458133.000	459153.000	1053.000	885.380	100.746	0.000	0.000	0.711	3.864	31.531	6.187	11.197	subject613b3bb9e825a	3V
460704.000	461795.000	1124.000	973.513	852.376	0.000	0.000	0.711	2.988	23.822	7.394	8.431	subject613b3bb9e825a	3V
463345.000	463919.000	625.000	258.320	445.431	0.000	0.000	0.711	2.905	19.182	5.704	6.812	subject613b3bb9e825a	3V
464014.000	464451.000	472.000	176.266	462.977	0.000	0.000	0.711	2.813	14.037	5.161	5.160	subject613b3bb9e825a	3V
466007.000	466250.000	278.000	604.267	550.139	0.000	0.000	0.711	3.487	24.397	4.950	4.452	subject613b3bb9e825a	3V
466323.000	467122.000	851.000	717.725	86.030	0.000	0.000	0.711	3.604	50.268	9.748	12.478	subject613b3bb9e825a	3V
468702.000	468864.000	198.000	222.865	158.476	0.000	0.000	0.711	2.212	13.763	3.441	3.305	subject613b3bb9e825a	3V
468938.000	469639.000	744.000	248.190	68.484	0.000	0.000	0.711	2.930	19.146	6.821	6.070	subject613b3bb9e825a	3V
469717.000	472418.000	2738.000	476.626	708.049	0.000	0.000	0.711	8.475	272.102	30.301	23.742	subject613b3bb9e825a	3V
473974.000	474097.000	163.000	921.849	464.675	0.000	0.000	0.711	2.161	9.684	4.376	1.889	subject613b3bb9e825a	3V
474190.000	474389.000	242.000	1073.802	292.049	0.000	0.000	0.711	1.578	3.662	2.686	1.889	subject613b3bb9e825a	3V
474469.000	475062.000	632.000	1037.333	362.231	0.000	0.000	0.711	4.356	33.837	7.696	10.623	subject613b3bb9e825a	3V
64.000	298.000	284.000	1024.943	548.630	0.000	0.000	0.703	5.353	88.226	9.661	10.886	subject613b3bb9e825a	5R
398.000	1248.000	899.000	267.007	138.984	0.000	0.000	0.703	3.654	50.203	7.533	10.818	subject613b3bb9e825a	5R
1348.000	1865.000	555.000	662.132	247.921	0.000	0.000	0.703	4.356	114.088	13.376	13.253	subject613b3bb9e825a	5R
1946.000	2224.000	337.000	303.855	136.148	0.000	0.000	0.703	3.149	28.477	5.269	5.477	subject613b3bb9e825a	5R
2321.000	6065.000	3782.000	348.073	101.538	0.000	0.000	0.703	3.796	63.629	19.220	8.858	subject613b3bb9e825a	5R
6148.000	6619.000	511.000	188.209	220.687	0.000	0.000	0.703	2.613	14.106	4.493	5.477	subject613b3bb9e825a	5R
6694.000	7306.000	649.000	338.435	112.885	0.000	0.000	0.703	3.199	19.288	7.431	4.868	subject613b3bb9e825a	5R
7398.000	7717.000	354.000	213.152	193.452	0.000	0.000	0.703	4.880	65.486	11.316	9.635	subject613b3bb9e825a	5R
7787.000	11113.000	3361.000	361.678	140.119	0.000	0.000	0.703	4.202	52.158	12.329	20.014	subject613b3bb9e825a	5R
11202.000	11240.000	84.000	358.844	255.296	0.000	0.000	0.703	1.791	0.000	1.790	0.034	subject613b3bb9e825a	5R
11324.000	15701.000	4427.000	307.256	163.949	0.000	0.000	0.703	4.338	40.406	9.289	19.236	subject613b3bb9e825a	5R
15784.000	16409.000	663.000	306.122	330.757	0.000	0.000	0.703	5.545	51.602	6.553	12.982	subject613b3bb9e825a	5R
16480.000	17336.000	897.000	346.939	143.523	0.000	0.000	0.703	2.556	17.052	5.945	4.868	subject613b3bb9e825a	5R
17414.000	17575.000	198.000	563.492	140.119	0.000	0.000	0.703	1.825	6.089	4.661	1.217	subject613b3bb9e825a	5R
17650.000	17886.000	275.000	721.088	48.772	0.000	0.000	0.703	3.493	6.696	5.303	3.313	subject613b3bb9e825a	5R
17968.000	18004.000	75.000	781.179	109.481	0.000	0.000	0.703	4.750	0.000	3.648	3.043	subject613b3bb9e825a	5R
18084.000	18231.000	202.000	412.698	173.027	0.000	0.000	0.703	5.898	43.123	4.763	8.249	subject613b3bb9e825a	5R
18322.000	19383.000	1097.000	337.302	117.991	0.000	0.000	0.703	4.131	37.467	12.228	9.297	subject613b3bb9e825a	5R
19453.000	20541.000	1124.000	954.082	195.722	0.000	0.000	0.703	4.983	92.331	14.626	15.923	subject613b3bb9e825a	5R
20613.000	21552.000	991.000	396.259	109.481	0.000	0.000	0.703	3.427	82.490	19.457	7.505	subject613b3bb9e825a	5R
21666.000	22078.000	450.000	286.848	103.807	0.000	0.000	0.703	3.496	34.951	8.107	5.342	subject613b3bb9e825a	5R
22152.000	23012.000	920.000	391.156	701.254	0.000	0.000	0.703	5.102	54.630	8.749	14.639	subject613b3bb9e825a	5R
23116.000	23353.000	287.000	617.347	222.956	0.000	0.000	0.703	3.643	31.027	4.594	6.931	subject613b3bb9e825a	5R
23442.000	24242.000	837.000	428.571	187.779	0.000	0.000	0.703	3.730	24.327	7.296	8.080	subject613b3bb9e825a	5R
24337.000	25656.000	1358.000	765.873	698.984	0.000	0.000	0.703	4.964	75.819	15.065	11.427	subject613b3bb9e825a	5R
25753.000	26303.000	600.000	911.565	364.800	0.000	0.000	0.703	5.579	77.529	12.160	9.060	subject613b3bb9e825a	5R
26390.000	27903.000	1549.000	452.381	699.552	0.000	0.000	0.703	5.913	118.966	11.181	24.510	subject613b3bb9e825a	5R
27977.000	28429.000	510.000	1107.710	405.651	0.000	0.000	0.703	3.778	24.836	6.756	6.863	subject613b3bb9e825a	5R
28527.000	28833.000	345.000	1026.644	407.353	0.000	0.000	0.703	4.574	23.429	3.817	8.249	subject613b3bb9e825a	5R
28911.000	30033.000	1175.000	448.980	322.814	0.000	0.000	0.703	4.388	162.595	20.841	23.598	subject613b3bb9e825a	5R
30124.000	30725.000	646.000	1051.587	464.658	0.000	0.000	0.703	4.250	35.923	9.728	7.843	subject613b3bb9e825a	5R
30810.000	31045.000	275.000	1011.338	309.197	0.000	0.000	0.703	3.695	25.061	5.776	5.004	subject613b3bb9e825a	5R
31137.000	31543.000	441.000	395.692	306.928	0.000	0.000	0.703	4.420	49.987	8.276	8.858	subject613b3bb9e825a	5R
31622.000	31738.000	182.000	920.635	339.835	0.000	0.000	0.703	4.064	5.409	4.121	3.854	subject613b3bb9e825a	5R
1.000	58.000	108.000	1140.590	397.140	0.000	0.000	0.718	1.426	0.000	1.148	0.845	subject613b3bb9e825a	8R
176.000	275.000	144.000	941.043	389.765	0.000	0.000	0.718	5.319	25.662	1.824	6.998	subject613b3bb9e825a	8R
363.000	1446.000	1117.000	172.336	182.105	0.000	0.000	0.718	5.790	78.895	20.571	10.649	subject613b3bb9e825a	8R
1525.000	1718.000	229.000	627.551	171.325	0.000	0.000	0.718	4.140	15.038	4.493	2.874	subject613b3bb9e825a	8R
1808.000	2191.000	415.000	802.154	192.318	0.000	0.000	0.718	4.076	65.592	14.119	10.514	subject613b3bb9e825a	8R
2258.000	2987.000	764.000	375.850	264.942	0.000	0.000	0.718	5.333	142.851	21.348	11.359	subject613b3bb9e825a	8R
3076.000	3441.000	415.000	689.909	384.091	0.000	0.000	0.718	4.048	31.027	9.458	5.443	subject613b3bb9e825a	8R
3536.000	4616.000	1120.000	304.989	280.828	0.000	0.000	0.718	4.431	58.192	10.404	11.866	subject613b3bb9e825a	8R
4692.000	5359.000	717.000	595.238	325.651	0.000	0.000	0.718	7.053	127.410	14.829	16.363	subject613b3bb9e825a	8R
5459.000	6342.000	917.000	341.837	232.034	0.000	0.000	0.718	2.704	22.994	11.079	4.260	subject613b3bb9e825a	8R
6422.000	9569.000	3186.000	701.814	277.424	0.000	0.000	0.718	5.121	176.904	30.570	17.986	subject613b3bb9e825a	8R
9665.000	10152.000	529.000	445.578	319.410	0.000	0.000	0.718	5.496	55.332	11.113	7.877	subject613b3bb9e825a	8R
10229.000	10833.000	644.000	620.181	258.133	0.000	0.000	0.718	3.984	23.484	9.526	5.477	subject613b3bb9e825a	8R
10911.000	12232.000	1363.000	495.465	222.389	0.000	0.000	0.718	5.179	136.184	16.889	17.039	subject613b3bb9e825a	8R
12332.000	12371.000	79.000	476.190	239.977	0.000	0.000	0.718	4.851	0.000	4.729	1.082	subject613b3bb9e825a	8R
12466.000	13036.000	609.000	277.211	255.864	0.000	0.000	0.718	3.485	37.778	8.343	6.559	subject613b3bb9e825a	8R
13115.000	13573.000	492.000	336.735	262.672	0.000	0.000	0.718	3.260	25.390	8.681	4.530	subject613b3bb9e825a	8R
13645.000	13732.000	131.000	517.007	219.552	0.000	0.000	0.718	3.882	17.104	1.993	4.395	subject613b3bb9e825a	8R
13814.000	13865.000	92.000	348.073	336.431	0.000	0.000	0.718	3.246	0.000	3.243	0.135	subject613b3bb9e825a	8R
13943.000	14077.000	169.000	379.252	175.864	0.000	0.000	0.718	1.543	1.832	1.756	2.367	subject613b3bb9e825a	8R
14166.000	14698.000	581.000	509.070	399.977	0.000	0.000	0.718	4.017	42.518	7.330	9.601	subject613b3bb9e825a	8R
14798.000	16677.000	1915.000	310.658	266.077	0.000	0.000	0.718	4.301	79.227	12.599	13.726	subject613b3bb9e825a	8R
16765.000	18743.000	2014.000	281.179	304.658	0.000	0.000	0.718	3.548	32.435	14.761	7.674	subject613b3bb9e825a	8R
18821.000	18861.000	94.000	440.476	244.516	0.000	0.000	0.718	1.362	0.000	0.980	0.947	subject613b3bb9e825a	8R
18965.000	19513.000	601.000	361.678	436.857	0.000	0.000	0.718	4.852	36.719	13.613	10.277	subject613b3bb9e825a	8R
19606.000	20147.000	591.000	309.524	283.098	0.000	0.000	0.718	2.612	25.901	8.377	5.173	subject613b3bb9e825a	8R
20247.000	21808.000	1598.000	342.404	370.474	0.000	0.000	0.718	4.536	76.832	14.086	13.083	subject613b3bb9e825a	8R
21898.000	24478.000	2634.000	410.431	335.296	0.000	0.000	0.718	4.805	68.348	18.173	12.407	subject613b3bb9e825a	8R
24598.000	25007.000	448.000	290.816	368.772	0.000	0.000	0.718	5.003	36.845	8.681	5.713	subject613b3bb9e825a	8R
25098.000	25674.000	612.000	525.510	348.346	0.000	0.000	0.718	4.907	55.039	12.633	6.931	subject613b3bb9e825a	8R
25766.000	26082.000	354.000	480.159	424.942	0.000	0.000	0.718	3.617	44.232	6.486	10.987	subject613b3bb9e825a	8R
26155.000	26247.000	142.000	281.179	397.708	0.000	0.000	0.718	3.153	6.719	3.614	4.530	subject613b3bb9e825a	8R
26347.000	27898.000	1589.000	323.129	252.460	0.000	0.000	0.718	6.177	93.403	22.429	12.982	subject613b3bb9e825a	8R
27976.000	31299.000	3363.000	379.819	311.467	0.000	0.000	0.718	4.915	97.834	19.929	17.411	subject613b3bb9e825a	8R
31384.000	33499.000	2154.000	500.000	307.495	0.000	0.000	0.718	4.680	66.618	18.207	13.489	subject613b3bb9e825a	8R
33574.000	33786.000	249.000	428.005	245.084	0.000	0.000	0.718	3.502	25.921	5.506	4.936	subject613b3bb9e825a	8R
33863.000	35208.000	1384.000	446.145	300.119	0.000	0.000	0.718	4.666	72.077	12.836	14.368	subject613b3bb9e825a	8R
35299.000	36290.000	1027.000	218.821	361.396	0.000	0.000	0.718	4.804	47.226	12.667	7.945	subject613b3bb9e825a	8R
36383.000	37400.000	1052.000	289.116	174.162	0.000	0.000	0.718	4.186	66.174	12.295	11.765	subject613b3bb9e825a	8R
37483.000	37561.000	115.000	608.844	78.843	0.000	0.000	0.718	4.859	18.942	7.566	1.285	subject613b3bb9e825a	8R
37649.000	38367.000	759.000	479.592	208.204	0.000	0.000	0.718	4.415	32.047	7.161	8.891	subject613b3bb9e825a	8R
38446.000	38977.000	588.000	226.757	267.211	0.000	0.000	0.718	3.804	18.111	5.709	5.071	subject613b3bb9e825a	8R
39079.000	39715.000	687.000	257.370	376.148	0.000	0.000	0.718	5.299	52.272	14.829	10.818	subject613b3bb9e825a	8R
39808.000	40882.000	1116.000	575.964	212.176	0.000	0.000	0.718	7.147	284.521	38.102	15.822	subject613b3bb9e825a	8R
40963.000	41904.000	993.000	268.707	330.757	0.000	0.000	0.718	3.689	67.550	11.958	11.562	subject613b3bb9e825a	8R
42005.000	42121.000	167.000	89.569	479.977	0.000	0.000	0.718	1.966	6.066	3.006	2.096	subject613b3bb9e825a	8R
42209.000	42436.000	280.000	243.764	340.970	0.000	0.000	0.718	4.216	18.786	5.844	5.882	subject613b3bb9e825a	8R
42527.000	43147.000	660.000	421.769	361.396	0.000	0.000	0.718	4.392	46.400	9.796	7.032	subject613b3bb9e825a	8R
43238.000	45056.000	1856.000	472.789	319.410	0.000	0.000	0.718	3.874	44.197	11.890	11.630	subject613b3bb9e825a	8R
45137.000	46003.000	918.000	478.458	359.126	0.000	0.000	0.718	3.782	40.667	14.052	5.950	subject613b3bb9e825a	8R
46105.000	46467.000	398.000	721.088	137.850	0.000	0.000	0.718	3.274	40.726	8.174	8.249	subject613b3bb9e825a	8R
46556.000	48394.000	1877.000	470.522	296.148	0.000	0.000	0.718	4.617	73.212	12.599	16.599	subject613b3bb9e825a	8R
48470.000	48989.000	559.000	586.168	238.843	0.000	0.000	0.718	4.587	29.070	7.972	5.849	subject613b3bb9e825a	8R
49070.000	50138.000	1118.000	630.385	254.729	0.000	0.000	0.718	4.788	73.971	12.599	12.948	subject613b3bb9e825a	8R
50233.000	50288.000	95.000	731.293	139.552	0.000	0.000	0.718	0.804	0.000	0.203	0.778	subject613b3bb9e825a	8R
50365.000	50730.000	423.000	813.492	109.481	0.000	0.000	0.718	2.853	22.472	5.573	6.626	subject613b3bb9e825a	8R
50828.000	51625.000	840.000	373.016	350.048	0.000	0.000	0.718	6.457	104.542	14.795	12.610	subject613b3bb9e825a	8R
51726.000	52637.000	947.000	610.544	128.772	0.000	0.000	0.718	3.325	31.044	9.627	7.201	subject613b3bb9e825a	8R
52726.000	52941.000	266.000	828.798	125.935	0.000	0.000	0.718	2.183	16.359	4.864	3.753	subject613b3bb9e825a	8R
53027.000	53658.000	677.000	382.653	224.091	0.000	0.000	0.718	3.349	38.150	11.012	7.674	subject613b3bb9e825a	8R
53757.000	53849.000	151.000	543.084	192.318	0.000	0.000	0.718	1.192	0.215	1.250	1.758	subject613b3bb9e825a	8R
53959.000	55097.000	1175.000	619.048	259.268	0.000	0.000	0.718	3.276	67.716	14.795	13.151	subject613b3bb9e825a	8R
55170.000	55207.000	88.000	868.481	112.885	0.000	0.000	0.718	2.214	0.000	1.148	1.893	subject613b3bb9e825a	8R
55300.000	56021.000	775.000	549.320	155.438	0.000	0.000	0.718	4.392	36.664	9.255	7.235	subject613b3bb9e825a	8R
56120.000	57239.000	1171.000	484.127	203.665	0.000	0.000	0.718	4.448	150.373	21.720	19.034	subject613b3bb9e825a	8R
57336.000	58332.000	1036.000	318.594	212.176	0.000	0.000	0.718	6.026	120.791	17.632	16.870	subject613b3bb9e825a	8R
58425.000	58837.000	446.000	486.395	114.020	0.000	0.000	0.718	5.036	39.726	9.863	4.801	subject613b3bb9e825a	8R
58925.000	58970.000	83.000	625.850	183.807	0.000	0.000	0.718	1.267	0.000	0.878	0.913	subject613b3bb9e825a	8R
59048.000	62496.000	3485.000	387.755	225.226	0.000	0.000	0.718	3.836	85.608	20.233	16.464	subject613b3bb9e825a	8R
62566.000	62977.000	468.000	504.535	202.530	0.000	0.000	0.718	5.066	110.136	8.107	17.174	subject613b3bb9e825a	8R
63075.000	65676.000	2660.000	363.379	316.573	0.000	0.000	0.718	4.027	68.368	15.538	10.041	subject613b3bb9e825a	8R
65773.000	66361.000	625.000	166.667	452.176	0.000	0.000	0.718	3.973	32.635	8.310	7.032	subject613b3bb9e825a	8R
66450.000	66535.000	122.000	401.361	300.119	0.000	0.000	0.718	1.760	0.576	2.263	1.893	subject613b3bb9e825a	8R
66607.000	67525.000	955.000	643.991	84.516	0.000	0.000	0.718	3.450	37.134	11.519	8.486	subject613b3bb9e825a	8R
67599.000	67827.000	264.000	818.594	74.871	0.000	0.000	0.718	3.868	26.533	6.486	4.496	subject613b3bb9e825a	8R
67899.000	68911.000	1049.000	222.222	96.999	0.000	0.000	0.718	3.340	69.162	20.875	6.018	subject613b3bb9e825a	8R
69000.000	69382.000	434.000	274.376	73.169	0.000	0.000	0.718	3.032	26.537	8.276	5.646	subject613b3bb9e825a	8R
69473.000	69595.000	177.000	605.442	23.240	0.000	0.000	0.718	2.537	10.329	3.006	2.333	subject613b3bb9e825a	8R
69699.000	69908.000	248.000	399.660	45.935	0.000	0.000	0.718	1.595	3.243	1.351	3.246	subject613b3bb9e825a	8R
70000.000	70286.000	327.000	638.322	31.183	0.000	0.000	0.718	2.826	14.073	5.844	3.617	subject613b3bb9e825a	8R
70385.000	70846.000	497.000	849.773	-86.831	0.000	0.000	0.718	2.627	20.034	7.195	4.868	subject613b3bb9e825a	8R
70933.000	72450.000	1564.000	320.295	128.772	0.000	0.000	0.718	4.644	179.275	27.327	13.185	subject613b3bb9e825a	8R
72534.000	72870.000	379.000	639.456	-69.810	0.000	0.000	0.718	2.932	16.352	5.742	6.153	subject613b3bb9e825a	8R
72950.000	74448.000	1547.000	1035.714	679.126	0.000	0.000	0.718	4.687	295.470	21.753	28.128	subject613b3bb9e825a	8R
74531.000	74570.000	82.000	1203.515	811.892	0.000	0.000	0.718	2.117	0.000	1.858	1.014	subject613b3bb9e825a	8R
74663.000	74813.000	214.000	1182.540	593.452	0.000	0.000	0.718	3.907	8.577	0.811	7.336	subject613b3bb9e825a	8R
