FixStart	FixEnd	FixDur	XPos	YPos	FlankedByDataLoss	Fraction Interpolated	WeightCutoff	RMSxy	BCEA	FixRangeX	FixRangeY	Participant	Trial
1.000	196.000	219.000	956.950	372.044	0.000	0.000	0.550	1.875	3.644	3.999	1.420	subject612e34bd1e60d	11S
242.000	401.000	183.000	913.264	337.088	0.000	0.000	0.550	0.454	0.860	0.734	0.828	subject612e34bd1e60d	11S
450.000	601.000	175.000	190.469	230.634	0.000	0.000	0.550	3.966	33.520	10.081	4.237	subject612e34bd1e60d	11S
650.000	1284.000	659.000	60.207	110.276	0.000	0.000	0.550	4.410	78.989	12.305	12.213	subject612e34bd1e60d	11S
1334.000	2034.000	724.000	184.114	-2.931	0.000	0.000	0.550	2.818	18.111	11.856	3.574	subject612e34bd1e60d	11S
2082.000	2182.000	124.000	314.376	68.568	0.000	0.000	0.550	1.032	1.457	1.018	1.657	subject612e34bd1e60d	11S
2232.000	2595.000	388.000	428.356	6.602	0.000	0.000	0.550	1.346	4.342	4.804	1.633	subject612e34bd1e60d	11S
2646.000	3059.000	440.000	465.290	38.379	0.000	0.000	0.550	1.688	19.067	8.188	6.059	subject612e34bd1e60d	11S
3119.000	3412.000	317.000	593.963	225.867	0.000	0.000	0.550	3.447	49.640	10.980	10.485	subject612e34bd1e60d	11S
3459.000	4514.000	1079.000	908.499	87.635	0.000	0.000	0.550	3.556	24.317	9.868	5.941	subject612e34bd1e60d	11S
4561.000	4779.000	244.000	-118.507	63.801	0.000	0.000	0.550	2.419	32.484	9.939	3.456	subject612e34bd1e60d	11S
4829.000	5264.000	458.000	30.024	97.962	0.000	0.000	0.550	2.343	22.875	8.637	4.497	subject612e34bd1e60d	11S
5310.000	5534.000	248.000	239.714	98.757	0.000	0.000	0.550	1.946	13.402	3.384	5.112	subject612e34bd1e60d	11S
5582.000	5807.000	248.000	354.091	117.823	0.000	0.000	0.550	0.674	2.436	1.727	1.254	subject612e34bd1e60d	11S
5856.000	6147.000	317.000	492.295	62.213	0.000	0.000	0.550	1.305	4.605	2.556	3.527	subject612e34bd1e60d	11S
6196.000	6492.000	322.000	773.471	168.667	0.000	0.000	0.550	1.943	25.857	8.259	4.118	subject612e34bd1e60d	11S
6544.000	7400.000	881.000	925.973	117.029	0.000	0.000	0.550	2.691	83.639	12.684	18.319	subject612e34bd1e60d	11S
7457.000	7738.000	302.000	-46.624	127.357	0.000	0.000	0.550	2.567	11.515	5.443	2.556	subject612e34bd1e60d	11S
7785.000	7933.000	174.000	187.292	105.907	0.000	0.000	0.550	1.356	1.498	2.272	0.757	subject612e34bd1e60d	11S
7991.000	8392.000	426.000	533.598	112.262	0.000	0.000	0.550	1.926	14.397	8.827	1.941	subject612e34bd1e60d	11S
8441.000	8799.000	383.000	798.888	122.590	0.000	0.000	0.550	1.434	8.252	4.922	2.391	subject612e34bd1e60d	11S
8850.000	9013.000	192.000	854.091	100.743	0.000	0.000	0.550	0.187	0.099	0.331	0.473	subject612e34bd1e60d	11S
9067.000	9237.000	195.000	947.419	98.757	0.000	0.000	0.550	4.614	14.906	13.181	2.107	subject612e34bd1e60d	11S
9285.000	9377.000	113.000	22.875	107.496	0.000	0.000	0.550	0.203	0.000	0.402	0.047	subject612e34bd1e60d	11S
9421.000	9586.000	189.000	-142.335	116.234	0.000	0.000	0.550	2.110	14.584	7.265	1.775	subject612e34bd1e60d	11S
9634.000	9927.000	317.000	273.868	90.018	0.000	0.000	0.550	1.109	7.399	4.969	1.515	subject612e34bd1e60d	11S
9976.000	10700.000	748.000	481.176	96.373	0.000	0.000	0.550	3.066	28.955	13.820	3.598	subject612e34bd1e60d	11S
10746.000	11160.000	439.000	964.098	157.545	0.000	0.000	0.550	1.612	7.359	3.573	2.675	subject612e34bd1e60d	11S
11209.000	11796.000	610.000	117.395	192.500	0.000	0.000	0.550	3.549	24.004	9.040	4.308	subject612e34bd1e60d	11S
11845.000	11994.000	174.000	284.988	156.751	0.000	0.000	0.550	1.055	4.284	1.704	2.201	subject612e34bd1e60d	11S
12042.000	12140.000	122.000	612.232	175.023	0.000	0.000	0.550	0.516	0.000	0.615	0.828	subject612e34bd1e60d	11S
12188.000	12265.000	104.000	395.393	522.193	0.000	0.000	0.550	0.962	1.854	0.947	1.728	subject612e34bd1e60d	11S
12313.000	12436.000	148.000	466.878	260.028	0.000	0.000	0.550	2.900	6.367	4.543	1.515	subject612e34bd1e60d	11S
12485.000	13239.000	778.000	871.168	132.123	0.000	0.000	0.550	2.169	22.600	9.797	3.574	subject612e34bd1e60d	11S
13295.000	13720.000	449.000	-12.073	159.929	0.000	0.000	0.550	2.162	11.570	5.940	4.284	subject612e34bd1e60d	11S
13767.000	13838.000	97.000	362.431	625.470	0.000	0.000	0.550	4.298	27.037	7.265	6.012	subject612e34bd1e60d	11S
13888.000	14074.000	211.000	139.635	342.649	0.000	0.000	0.550	2.417	9.290	4.567	3.882	subject612e34bd1e60d	11S
14124.000	14268.000	167.000	331.056	185.351	0.000	0.000	0.550	1.189	2.259	2.698	0.686	subject612e34bd1e60d	11S
14314.000	14465.000	174.000	362.033	237.784	0.000	0.000	0.550	0.380	0.613	0.876	0.497	subject612e34bd1e60d	11S
14513.000	14678.000	189.000	561.795	205.609	0.000	0.000	0.550	0.743	0.928	2.934	0.663	subject612e34bd1e60d	11S
14728.000	14879.000	175.000	649.563	212.361	0.000	0.000	0.550	0.648	0.964	0.852	1.420	subject612e34bd1e60d	11S
14926.000	15363.000	460.000	821.922	160.723	0.000	0.000	0.550	1.824	12.101	6.224	2.746	subject612e34bd1e60d	11S
15413.000	15752.000	365.000	30.818	236.195	0.000	0.000	0.550	4.367	37.993	13.820	4.994	subject612e34bd1e60d	11S
15802.000	16249.000	472.000	802.065	185.351	0.000	0.000	0.550	2.492	11.655	7.454	2.959	subject612e34bd1e60d	11S
16295.000	16439.000	172.000	841.779	232.222	0.000	0.000	0.550	0.671	0.890	0.663	1.349	subject612e34bd1e60d	11S
16491.000	16709.000	242.000	961.716	241.358	0.000	0.000	0.550	1.493	4.701	3.147	2.296	subject612e34bd1e60d	11S
16758.000	16924.000	190.000	58.221	251.289	0.000	0.000	0.550	1.382	3.857	4.969	0.994	subject612e34bd1e60d	11S
16972.000	17146.000	198.000	-165.369	224.278	0.000	0.000	0.550	0.287	0.017	0.450	0.686	subject612e34bd1e60d	11S
17195.000	17541.000	370.000	5.401	212.361	0.000	0.000	0.550	0.876	4.956	2.461	2.367	subject612e34bd1e60d	11S
17589.000	17688.000	124.000	377.919	627.059	0.000	0.000	0.550	4.287	2.598	7.620	3.527	subject612e34bd1e60d	11S
17744.000	18839.000	1118.000	-54.964	287.833	0.000	0.000	0.550	2.330	27.282	8.448	6.059	subject612e34bd1e60d	11S
18887.000	19194.000	332.000	192.851	254.467	0.000	0.000	0.550	0.864	4.896	3.053	2.698	subject612e34bd1e60d	11S
19246.000	19344.000	118.000	312.788	248.906	0.000	0.000	0.550	0.083	NaN	0.000	0.166	subject612e34bd1e60d	11S
19384.000	19506.000	142.000	310.405	240.167	0.000	0.000	0.550	0.076	0.000	0.142	0.095	subject612e34bd1e60d	11S
19552.000	19676.000	147.000	425.179	234.606	0.000	0.000	0.550	2.041	2.883	2.011	1.870	subject612e34bd1e60d	11S
19723.000	20280.000	582.000	563.781	269.561	0.000	0.000	0.550	1.252	4.243	3.408	2.462	subject612e34bd1e60d	11S
20329.000	20571.000	265.000	798.094	325.966	0.000	0.000	0.550	2.504	4.160	6.224	1.278	subject612e34bd1e60d	11S
20618.000	20839.000	247.000	944.639	238.181	0.000	0.000	0.550	1.729	6.721	4.875	1.538	subject612e34bd1e60d	11S
20888.000	21831.000	967.000	57.824	264.000	0.000	0.000	0.550	4.410	16.315	8.803	5.515	subject612e34bd1e60d	11S
21880.000	22148.000	294.000	100.715	264.794	0.000	0.000	0.550	1.683	15.744	3.029	5.302	subject612e34bd1e60d	11S
22196.000	22448.000	277.000	155.520	365.688	0.000	0.000	0.550	4.450	46.713	16.139	11.953	subject612e34bd1e60d	11S
22495.000	22885.000	416.000	381.096	383.166	0.000	0.000	0.550	1.177	8.852	4.354	2.343	subject612e34bd1e60d	11S
22936.000	23525.000	614.000	431.930	327.555	0.000	0.000	0.550	1.427	11.064	5.182	2.769	subject612e34bd1e60d	11S
23577.000	23868.000	315.000	400.159	274.328	0.000	0.000	0.550	0.677	2.331	1.396	1.680	subject612e34bd1e60d	11S
23918.000	24065.000	171.000	445.433	376.016	0.000	0.000	0.550	0.710	0.337	1.325	0.189	subject612e34bd1e60d	11S
24113.000	24138.000	48.000	287.371	379.988	0.000	0.000	0.550	0.000	NaN	0.000	0.000	subject612e34bd1e60d	11S
24187.000	24410.000	247.000	427.959	410.177	0.000	0.000	0.550	1.015	4.405	3.526	1.041	subject612e34bd1e60d	11S
24458.000	24555.000	121.000	434.313	364.894	0.000	0.000	0.550	0.473	0.000	0.497	0.805	subject612e34bd1e60d	11S
24603.000	24822.000	245.000	609.055	410.177	0.000	0.000	0.550	0.608	1.033	1.112	0.734	subject612e34bd1e60d	11S
24868.000	25112.000	267.000	813.185	312.461	0.000	0.000	0.550	1.071	2.770	1.680	2.438	subject612e34bd1e60d	11S
25160.000	25302.000	166.000	937.887	329.144	0.000	0.000	0.550	0.888	2.705	1.254	1.396	subject612e34bd1e60d	11S
25350.000	26346.000	1019.000	231.771	412.560	0.000	0.000	0.550	2.527	21.269	13.583	3.195	subject612e34bd1e60d	11S
26392.000	26539.000	171.000	446.227	368.071	0.000	0.000	0.550	1.545	5.560	2.437	2.272	subject612e34bd1e60d	11S
26587.000	26737.000	181.000	597.935	442.749	0.000	0.000	0.550	0.667	0.480	0.663	1.207	subject612e34bd1e60d	11S
26797.000	27014.000	242.000	745.671	361.319	0.000	0.000	0.550	1.974	6.446	4.259	1.609	subject612e34bd1e60d	11S
27063.000	27234.000	195.000	746.465	364.894	0.000	0.000	0.550	1.110	3.207	0.923	2.604	subject612e34bd1e60d	11S
27283.000	27531.000	274.000	991.898	336.294	0.000	0.000	0.550	1.294	1.076	2.579	1.278	subject612e34bd1e60d	11S
27590.000	27885.000	323.000	1037.172	333.911	0.000	0.000	0.550	1.110	2.994	1.751	2.107	subject612e34bd1e60d	11S
27949.000	28255.000	330.000	-50.199	462.610	0.000	0.000	0.550	3.442	10.085	11.406	1.112	subject612e34bd1e60d	11S
28304.000	28449.000	172.000	67.355	398.260	0.000	0.000	0.550	1.070	4.716	1.585	2.817	subject612e34bd1e60d	11S
28500.000	28598.000	121.000	214.297	344.238	0.000	0.000	0.550	0.241	0.000	0.095	0.473	subject612e34bd1e60d	11S
28646.000	28743.000	119.000	261.954	356.949	0.000	0.000	0.550	0.545	0.000	1.065	0.237	subject612e34bd1e60d	11S
28789.000	28937.000	172.000	355.679	364.099	0.000	0.000	0.550	0.150	0.040	0.118	0.331	subject612e34bd1e60d	11S
28984.000	29538.000	579.000	418.824	359.333	0.000	0.000	0.550	1.398	8.332	4.851	2.982	subject612e34bd1e60d	11S
29587.000	29770.000	208.000	636.060	333.911	0.000	0.000	0.550	1.721	8.906	4.827	2.178	subject612e34bd1e60d	11S
29818.000	29964.000	172.000	854.488	432.421	0.000	0.000	0.550	1.670	0.018	4.118	2.911	subject612e34bd1e60d	11S
30015.000	30186.000	195.000	900.953	352.580	0.000	0.000	0.550	1.447	6.316	4.425	1.586	subject612e34bd1e60d	11S
30242.000	30458.000	239.000	-31.136	426.860	0.000	0.000	0.550	1.085	4.410	3.573	1.349	subject612e34bd1e60d	11S
30505.000	30600.000	120.000	128.515	410.971	0.000	0.000	0.550	1.292	0.000	2.343	1.089	subject612e34bd1e60d	11S
30649.000	30798.000	173.000	14.138	449.104	0.000	0.000	0.550	0.940	3.477	2.650	1.325	subject612e34bd1e60d	11S
30845.000	31069.000	247.000	197.617	459.829	0.000	0.000	0.550	1.141	1.893	2.437	0.592	subject612e34bd1e60d	11S
31119.000	31407.000	312.000	344.559	451.488	0.000	0.000	0.550	1.574	5.030	4.118	1.751	subject612e34bd1e60d	11S
31454.000	31826.000	400.000	87.212	495.976	0.000	0.000	0.550	1.428	9.833	3.597	4.899	subject612e34bd1e60d	11S
31881.000	32031.000	173.000	304.845	507.098	0.000	0.000	0.550	0.751	1.404	0.710	1.302	subject612e34bd1e60d	11S
32079.000	32360.000	306.000	86.815	536.095	0.000	0.000	0.550	1.553	6.719	4.425	2.462	subject612e34bd1e60d	11S
32409.000	32636.000	252.000	300.874	497.565	0.000	0.000	0.550	0.821	0.858	1.538	0.639	subject612e34bd1e60d	11S
32685.000	32793.000	132.000	160.286	546.820	0.000	0.000	0.550	0.849	1.390	1.514	1.041	subject612e34bd1e60d	11S
32841.000	33252.000	440.000	26.052	545.231	0.000	0.000	0.550	1.745	9.471	4.780	2.959	subject612e34bd1e60d	11S
33302.000	33400.000	125.000	192.851	595.281	0.000	0.000	0.550	0.956	0.452	2.272	1.018	subject612e34bd1e60d	11S
33455.000	33672.000	241.000	97.538	549.998	0.000	0.000	0.550	1.082	1.856	2.153	2.296	subject612e34bd1e60d	11S
33720.000	34014.000	318.000	152.343	546.026	0.000	0.000	0.550	1.181	12.679	3.810	3.195	subject612e34bd1e60d	11S
34063.000	34843.000	801.000	385.068	520.604	0.000	0.000	0.550	1.808	8.516	4.685	5.444	subject612e34bd1e60d	11S
34887.000	35035.000	173.000	336.616	607.992	0.000	0.000	0.550	1.754	5.429	2.982	2.035	subject612e34bd1e60d	11S
35083.000	35329.000	272.000	400.953	809.780	0.000	0.000	0.550	2.400	30.688	7.714	5.870	subject612e34bd1e60d	11S
35379.000	35600.000	244.000	560.604	658.439	0.000	0.000	0.550	1.056	2.881	2.934	0.852	subject612e34bd1e60d	11S
35647.000	35925.000	303.000	104.686	684.655	0.000	0.000	0.550	1.800	13.228	8.424	1.964	subject612e34bd1e60d	11S
35978.000	36494.000	541.000	147.577	667.575	0.000	0.000	0.550	1.919	20.801	7.288	5.538	subject612e34bd1e60d	11S
36542.000	36964.000	447.000	249.245	719.611	0.000	0.000	0.550	1.429	7.657	6.200	1.775	subject612e34bd1e60d	11S
37015.000	37161.000	171.000	466.878	708.886	0.000	0.000	0.550	1.153	3.113	1.988	2.391	subject612e34bd1e60d	11S
37212.000	37513.000	322.000	386.656	739.074	0.000	0.000	0.550	0.960	1.386	1.869	1.089	subject612e34bd1e60d	11S
37558.000	37731.000	197.000	351.708	726.363	0.000	0.000	0.550	0.492	0.411	1.018	0.710	subject612e34bd1e60d	11S
37780.000	38061.000	306.000	491.898	718.816	0.000	0.000	0.550	1.259	7.221	3.739	2.107	subject612e34bd1e60d	11S
38106.000	38418.000	337.000	904.527	695.380	0.000	0.000	0.550	2.117	13.094	5.324	2.320	subject612e34bd1e60d	11S
38466.000	38686.000	241.000	220.254	101.537	0.000	0.000	0.550	1.658	8.804	1.798	5.870	subject612e34bd1e60d	11S
38732.000	39096.000	387.000	634.472	37.585	0.000	0.000	0.550	1.654	9.369	3.928	3.905	subject612e34bd1e60d	11S
39143.000	39371.000	252.000	467.276	35.599	0.000	0.000	0.550	2.379	7.024	4.165	2.675	subject612e34bd1e60d	11S
39419.000	39784.000	390.000	931.533	125.768	0.000	0.000	0.550	1.190	8.395	5.159	3.053	subject612e34bd1e60d	11S
39833.000	39859.000	51.000	520.095	74.129	0.000	0.000	0.550	4.222	0.000	3.976	1.420	subject612e34bd1e60d	11S
39908.000	40131.000	247.000	-46.624	172.640	0.000	0.000	0.550	2.188	23.972	7.927	3.669	subject612e34bd1e60d	11S
40179.000	41021.000	865.000	115.012	173.434	0.000	0.000	0.550	3.144	23.758	9.300	5.870	subject612e34bd1e60d	11S
41065.000	41905.000	863.000	1016.521	62.213	0.000	0.000	0.550	4.155	49.982	15.594	7.858	subject612e34bd1e60d	11S
41950.000	42324.000	395.000	191.660	-9.287	0.000	0.000	0.550	6.507	117.614	17.227	14.390	subject612e34bd1e60d	11S
42369.000	43086.000	741.000	1087.212	585.748	0.000	0.000	0.550	3.079	21.797	10.152	6.130	subject612e34bd1e60d	11S
43137.000	43208.000	97.000	1032.407	596.075	0.000	0.000	0.550	0.648	0.000	0.521	0.994	subject612e34bd1e60d	11S
43257.000	43480.000	247.000	1027.244	649.303	0.000	0.000	0.550	1.915	19.066	5.514	4.923	subject612e34bd1e60d	11S
43529.000	43632.000	127.000	929.944	692.997	0.000	0.000	0.550	0.723	0.368	0.805	0.497	subject612e34bd1e60d	11S
43688.000	44316.000	654.000	1042.732	679.492	0.000	0.000	0.550	1.298	4.344	4.118	2.059	subject612e34bd1e60d	11S
44366.000	45003.000	661.000	1038.761	683.464	0.000	0.000	0.550	1.007	5.634	3.881	2.604	subject612e34bd1e60d	11S
45052.000	45353.000	327.000	1075.298	665.986	0.000	0.000	0.550	0.929	1.985	2.059	1.089	subject612e34bd1e60d	11S
45405.000	45685.000	305.000	1030.024	664.397	0.000	0.000	0.550	1.786	4.512	3.337	1.846	subject612e34bd1e60d	11S
45735.000	46303.000	592.000	1157.109	656.453	0.000	0.000	0.550	3.196	19.337	11.169	4.308	subject612e34bd1e60d	11S
46353.000	46722.000	393.000	181.732	60.226	0.000	0.000	0.550	4.312	138.728	9.726	17.751	subject612e34bd1e60d	11S
46770.000	46920.000	174.000	196.823	19.313	0.000	0.000	0.550	1.353	2.794	2.840	1.183	subject612e34bd1e60d	11S
46970.000	48011.000	1066.000	366.799	35.996	0.000	0.000	0.550	3.317	35.389	14.885	10.248	subject612e34bd1e60d	11S
48061.000	48922.000	886.000	1086.418	608.786	0.000	0.000	0.550	3.505	19.934	11.004	4.000	subject612e34bd1e60d	11S
48971.000	49251.000	304.000	1122.558	573.831	0.000	0.000	0.550	2.058	17.424	5.892	4.450	subject612e34bd1e60d	11S
49300.000	50104.000	828.000	1118.983	638.181	0.000	0.000	0.550	3.009	33.293	13.772	5.112	subject612e34bd1e60d	11S
1.000	346.000	369.000	1184.114	618.320	0.000	0.000	0.551	2.185	6.161	4.638	2.320	subject612e34bd1e60d	12I
394.000	625.000	254.000	442.256	246.125	0.000	0.000	0.551	4.014	53.129	6.981	11.976	subject612e34bd1e60d	12I
672.000	822.000	175.000	29.230	60.624	0.000	0.000	0.551	2.062	13.807	3.644	3.811	subject612e34bd1e60d	12I
872.000	1426.000	579.000	1050.675	593.692	0.000	0.000	0.551	4.042	65.333	21.061	8.663	subject612e34bd1e60d	12I
1476.000	1673.000	219.000	74.504	120.207	0.000	0.000	0.551	2.425	25.133	6.437	5.728	subject612e34bd1e60d	12I
1721.000	1922.000	224.000	-108.975	87.635	0.000	0.000	0.551	2.541	17.085	5.750	3.953	subject612e34bd1e60d	12I
1970.000	2755.000	809.000	202.780	105.907	0.000	0.000	0.551	2.995	22.227	9.915	4.260	subject612e34bd1e60d	12I
2803.000	3074.000	297.000	454.567	134.109	0.000	0.000	0.551	1.628	9.554	3.195	5.846	subject612e34bd1e60d	12I
3124.000	3148.000	49.000	179.349	217.525	0.000	0.000	0.551	2.199	0.000	2.177	0.308	subject612e34bd1e60d	12I
3196.000	3294.000	123.000	453.376	240.961	0.000	0.000	0.551	0.489	0.000	0.118	0.970	subject612e34bd1e60d	12I
3345.000	3571.000	250.000	250.834	177.803	0.000	0.000	0.551	2.242	20.586	4.023	5.160	subject612e34bd1e60d	12I
3620.000	3892.000	295.000	123.352	196.473	0.000	0.000	0.551	3.312	42.137	13.181	7.266	subject612e34bd1e60d	12I
3939.000	3988.000	73.000	1081.652	415.738	0.000	0.000	0.551	2.807	13.801	4.259	2.438	subject612e34bd1e60d	12I
4038.000	4115.000	104.000	636.855	401.041	0.000	0.000	0.551	3.453	2.502	5.798	0.970	subject612e34bd1e60d	12I
4167.000	4350.000	208.000	315.568	316.433	0.000	0.000	0.551	2.132	9.718	4.685	3.314	subject612e34bd1e60d	12I
4401.000	4472.000	95.000	259.571	212.361	0.000	0.000	0.551	2.055	2.826	3.171	2.154	subject612e34bd1e60d	12I
4521.000	4597.000	101.000	507.387	218.320	0.000	0.000	0.551	2.018	0.000	0.331	3.479	subject612e34bd1e60d	12I
4647.000	4857.000	234.000	976.807	129.740	0.000	0.000	0.551	1.261	6.701	2.887	2.746	subject612e34bd1e60d	12I
4907.000	5157.000	275.000	1047.498	155.162	0.000	0.000	0.551	2.847	38.245	12.021	3.834	subject612e34bd1e60d	12I
5208.000	5353.000	169.000	355.679	-3.726	0.000	0.000	0.551	3.976	50.488	5.821	5.680	subject612e34bd1e60d	12I
5401.000	6117.000	740.000	449.801	222.689	0.000	0.000	0.551	3.466	64.261	11.927	10.627	subject612e34bd1e60d	12I
6166.000	6517.000	374.000	738.523	389.521	0.000	0.000	0.551	3.604	49.491	9.726	9.988	subject612e34bd1e60d	12I
6564.000	6663.000	123.000	798.094	248.906	0.000	0.000	0.551	1.189	0.000	1.751	1.609	subject612e34bd1e60d	12I
6708.000	6810.000	127.000	726.608	140.068	0.000	0.000	0.551	1.015	0.000	1.207	1.633	subject612e34bd1e60d	12I
6861.000	7146.000	309.000	618.189	178.995	0.000	0.000	0.551	1.123	3.805	2.721	1.254	subject612e34bd1e60d	12I
7193.000	7563.000	393.000	789.357	233.017	0.000	0.000	0.551	1.810	5.310	3.621	3.077	subject612e34bd1e60d	12I
7610.000	7825.000	238.000	916.839	209.978	0.000	0.000	0.551	1.658	3.378	3.076	1.917	subject612e34bd1e60d	12I
7874.000	8307.000	457.000	313.582	81.279	0.000	0.000	0.551	2.327	26.596	8.117	4.899	subject612e34bd1e60d	12I
8356.000	8632.000	301.000	339.793	98.359	0.000	0.000	0.551	1.893	7.900	6.082	3.503	subject612e34bd1e60d	12I
8681.000	8775.000	119.000	261.160	156.751	0.000	0.000	0.551	0.592	0.000	1.136	0.331	subject612e34bd1e60d	12I
8823.000	9319.000	523.000	145.195	175.817	0.000	0.000	0.551	1.786	5.113	5.135	2.154	subject612e34bd1e60d	12I
9367.000	9463.000	121.000	190.469	259.233	0.000	0.000	0.551	0.213	NaN	0.426	0.000	subject612e34bd1e60d	12I
9514.000	9609.000	119.000	261.160	229.839	0.000	0.000	0.551	0.725	0.938	0.355	1.941	subject612e34bd1e60d	12I
9654.000	10654.000	1024.000	284.194	248.508	0.000	0.000	0.551	4.730	89.293	11.643	13.657	subject612e34bd1e60d	12I
10703.000	11624.000	946.000	381.096	107.496	0.000	0.000	0.551	2.825	11.777	6.366	3.858	subject612e34bd1e60d	12I
11674.000	11871.000	223.000	379.508	81.279	0.000	0.000	0.551	0.964	1.534	1.491	2.107	subject612e34bd1e60d	12I
11922.000	12406.000	509.000	298.888	181.378	0.000	0.000	0.551	1.608	8.114	5.419	3.053	subject612e34bd1e60d	12I
12456.000	12699.000	266.000	284.988	387.932	0.000	0.000	0.551	0.634	0.756	2.461	0.450	subject612e34bd1e60d	12I
12748.000	12892.000	168.000	374.742	328.350	0.000	0.000	0.551	1.309	4.061	1.917	3.740	subject612e34bd1e60d	12I
12939.000	13255.000	342.000	392.216	521.398	0.000	0.000	0.551	1.216	3.407	2.769	1.680	subject612e34bd1e60d	12I
13307.000	13589.000	305.000	368.388	670.753	0.000	0.000	0.551	1.147	5.372	2.650	2.556	subject612e34bd1e60d	12I
13635.000	13782.000	173.000	506.593	596.870	0.000	0.000	0.551	0.932	2.854	1.349	1.917	subject612e34bd1e60d	12I
13833.000	14054.000	245.000	401.747	647.714	0.000	0.000	0.551	1.100	2.678	2.461	1.799	subject612e34bd1e60d	12I
14103.000	14224.000	146.000	400.556	683.861	0.000	0.000	0.551	0.121	0.000	0.166	0.213	subject612e34bd1e60d	12I
14273.000	14425.000	175.000	369.182	665.192	0.000	0.000	0.551	0.174	0.111	0.213	0.355	subject612e34bd1e60d	12I
14472.000	14756.000	309.000	427.164	644.933	0.000	0.000	0.551	1.029	4.069	2.698	1.775	subject612e34bd1e60d	12I
14807.000	14954.000	173.000	450.199	747.813	0.000	0.000	0.551	0.844	1.362	0.757	1.420	subject612e34bd1e60d	12I
15006.000	15376.000	394.000	404.130	700.941	0.000	0.000	0.551	1.269	8.162	4.946	2.107	subject612e34bd1e60d	12I
15424.000	15495.000	103.000	415.250	656.850	0.000	0.000	0.551	0.298	0.184	0.308	0.402	subject612e34bd1e60d	12I
15552.000	15699.000	172.000	466.878	623.881	0.000	0.000	0.551	0.416	0.640	0.639	0.852	subject612e34bd1e60d	12I
15749.000	16148.000	424.000	367.593	437.982	0.000	0.000	0.551	1.649	11.634	4.520	3.456	subject612e34bd1e60d	12I
16198.000	17092.000	916.000	423.987	472.143	0.000	0.000	0.551	1.910	7.043	6.271	2.462	subject612e34bd1e60d	12I
17139.000	17506.000	392.000	431.136	502.332	0.000	0.000	0.551	1.716	7.758	4.946	4.213	subject612e34bd1e60d	12I
17555.000	18187.000	655.000	251.628	144.040	0.000	0.000	0.551	2.597	44.200	9.726	8.426	subject612e34bd1e60d	12I
18234.000	18476.000	264.000	279.428	260.822	0.000	0.000	0.551	3.516	100.341	11.217	10.059	subject612e34bd1e60d	12I
18523.000	19150.000	651.000	169.023	97.168	0.000	0.000	0.551	2.284	12.612	5.159	4.592	subject612e34bd1e60d	12I
19197.000	19313.000	139.000	55.044	88.429	0.000	0.000	0.551	1.245	1.751	1.751	1.373	subject612e34bd1e60d	12I
19360.000	19685.000	351.000	124.940	137.684	0.000	0.000	0.551	3.137	17.085	8.117	3.645	subject612e34bd1e60d	12I
19737.000	20103.000	391.000	368.785	122.987	0.000	0.000	0.551	1.264	4.159	4.425	1.751	subject612e34bd1e60d	12I
20153.000	20179.000	51.000	456.553	99.551	0.000	0.000	0.551	0.000	NaN	0.000	0.000	subject612e34bd1e60d	12I
20228.000	20377.000	173.000	373.948	115.440	0.000	0.000	0.551	0.524	0.885	1.160	0.686	subject612e34bd1e60d	12I
20425.000	20446.000	45.000	520.890	131.329	0.000	0.000	0.551	0.000	NaN	0.000	0.000	subject612e34bd1e60d	12I
20493.000	21129.000	661.000	616.998	136.890	0.000	0.000	0.551	3.074	31.761	17.511	3.006	subject612e34bd1e60d	12I
21180.000	21482.000	327.000	1077.681	174.228	0.000	0.000	0.551	3.224	43.126	15.382	5.467	subject612e34bd1e60d	12I
21532.000	22018.000	511.000	-17.236	160.723	0.000	0.000	0.551	2.749	28.848	10.956	6.651	subject612e34bd1e60d	12I
22067.000	22166.000	125.000	619.380	245.728	0.000	0.000	0.551	3.264	6.667	2.627	5.538	subject612e34bd1e60d	12I
22217.000	22643.000	451.000	41.144	118.618	0.000	0.000	0.551	2.741	41.138	8.685	9.704	subject612e34bd1e60d	12I
22692.000	23016.000	349.000	245.671	123.782	0.000	0.000	0.551	3.455	13.044	5.987	3.266	subject612e34bd1e60d	12I
23067.000	23676.000	633.000	62.192	182.570	0.000	0.000	0.551	1.004	6.681	2.863	4.308	subject612e34bd1e60d	12I
23724.000	23899.000	198.000	213.503	93.990	0.000	0.000	0.551	3.062	6.954	5.703	3.219	subject612e34bd1e60d	12I
23947.000	24070.000	146.000	27.244	84.854	0.000	0.000	0.551	2.463	8.924	3.431	3.195	subject612e34bd1e60d	12I
24116.000	24376.000	282.000	165.052	292.997	0.000	0.000	0.551	1.654	7.479	3.289	2.367	subject612e34bd1e60d	12I
24424.000	24695.000	296.000	213.503	363.305	0.000	0.000	0.551	1.848	6.107	3.692	3.361	subject612e34bd1e60d	12I
24744.000	25114.000	394.000	406.513	484.060	0.000	0.000	0.551	1.350	19.132	3.479	7.195	subject612e34bd1e60d	12I
25164.000	25506.000	368.000	338.205	575.420	0.000	0.000	0.551	1.449	5.915	3.289	2.793	subject612e34bd1e60d	12I
25557.000	25728.000	195.000	461.319	470.554	0.000	0.000	0.551	0.707	1.090	1.373	0.828	subject612e34bd1e60d	12I
25777.000	25997.000	245.000	389.039	546.026	0.000	0.000	0.551	0.531	0.746	1.160	1.254	subject612e34bd1e60d	12I
26047.000	26213.000	191.000	487.530	508.687	0.000	0.000	0.551	4.004	32.869	8.756	5.870	subject612e34bd1e60d	12I
26262.000	26758.000	519.000	118.189	21.696	0.000	0.000	0.551	3.374	46.910	14.269	8.568	subject612e34bd1e60d	12I
26805.000	27512.000	731.000	-60.524	194.884	0.000	0.000	0.551	4.194	53.543	14.364	6.698	subject612e34bd1e60d	12I
27561.000	27737.000	199.000	91.183	316.433	0.000	0.000	0.551	0.984	2.750	1.136	2.083	subject612e34bd1e60d	12I
27785.000	28006.000	245.000	167.434	288.628	0.000	0.000	0.551	1.125	2.394	1.846	2.225	subject612e34bd1e60d	12I
28054.000	28274.000	240.000	98.729	375.619	0.000	0.000	0.551	0.733	0.292	2.603	0.189	subject612e34bd1e60d	12I
28318.000	28418.000	123.000	369.182	542.054	0.000	0.000	0.551	0.910	2.419	1.278	1.349	subject612e34bd1e60d	12I
28464.000	28510.000	71.000	493.090	502.332	0.000	0.000	0.551	0.000	NaN	0.000	0.000	subject612e34bd1e60d	12I
28558.000	29226.000	693.000	378.713	592.500	0.000	0.000	0.551	1.446	14.320	4.425	4.757	subject612e34bd1e60d	12I
29275.000	29445.000	194.000	230.580	198.856	0.000	0.000	0.551	2.364	14.693	2.863	5.941	subject612e34bd1e60d	12I
29494.000	30116.000	646.000	-7.307	83.265	0.000	0.000	0.551	1.880	18.661	7.975	4.544	subject612e34bd1e60d	12I
30164.000	30441.000	304.000	180.540	149.998	0.000	0.000	0.551	1.244	1.471	2.911	0.970	subject612e34bd1e60d	12I
30492.000	30666.000	201.000	417.236	113.454	0.000	0.000	0.551	1.297	3.724	3.076	3.479	subject612e34bd1e60d	12I
30718.000	31093.000	399.000	371.565	159.134	0.000	0.000	0.551	1.236	5.585	3.242	2.130	subject612e34bd1e60d	12I
31143.000	32538.000	1419.000	669.420	512.659	0.000	0.000	0.551	2.346	84.078	14.837	15.077	subject612e34bd1e60d	12I
32587.000	32735.000	172.000	887.847	167.078	0.000	0.000	0.551	1.309	5.472	2.461	3.479	subject612e34bd1e60d	12I
32785.000	32933.000	172.000	985.544	159.134	0.000	0.000	0.551	1.241	1.386	2.792	1.041	subject612e34bd1e60d	12I
32982.000	33273.000	315.000	184.114	97.168	0.000	0.000	0.551	2.886	21.579	6.011	4.237	subject612e34bd1e60d	12I
33322.000	33731.000	434.000	340.985	165.490	0.000	0.000	0.551	3.024	42.248	9.773	9.160	subject612e34bd1e60d	12I
33778.000	33899.000	145.000	177.363	183.762	0.000	0.000	0.551	2.887	15.322	2.153	5.491	subject612e34bd1e60d	12I
33949.000	34165.000	241.000	473.630	153.573	0.000	0.000	0.551	1.188	3.081	3.408	1.183	subject612e34bd1e60d	12I
34213.000	34311.000	120.000	647.975	163.106	0.000	0.000	0.551	2.893	1.866	6.318	0.213	subject612e34bd1e60d	12I
34358.000	34506.000	172.000	768.705	206.800	0.000	0.000	0.551	1.668	2.146	3.834	0.923	subject612e34bd1e60d	12I
34553.000	35125.000	597.000	292.931	94.785	0.000	0.000	0.551	2.743	12.519	6.839	4.426	subject612e34bd1e60d	12I
35175.000	35270.000	119.000	472.438	74.129	0.000	0.000	0.551	0.112	0.000	0.071	0.213	subject612e34bd1e60d	12I
35318.000	35465.000	172.000	409.690	111.468	0.000	0.000	0.551	0.514	0.415	1.112	1.160	subject612e34bd1e60d	12I
35515.000	35685.000	194.000	315.965	127.357	0.000	0.000	0.551	0.371	0.110	0.615	1.089	subject612e34bd1e60d	12I
35730.000	35877.000	172.000	275.457	107.496	0.000	0.000	0.551	1.409	1.053	3.952	1.183	subject612e34bd1e60d	12I
35927.000	36294.000	392.000	426.370	188.926	0.000	0.000	0.551	3.070	19.082	5.585	5.799	subject612e34bd1e60d	12I
36344.000	36726.000	409.000	449.404	166.284	0.000	0.000	0.551	1.072	7.472	2.840	3.527	subject612e34bd1e60d	12I
36776.000	37611.000	858.000	280.222	192.500	0.000	0.000	0.551	1.775	18.285	6.437	3.550	subject612e34bd1e60d	12I
37667.000	37742.000	100.000	615.806	440.365	0.000	0.000	0.551	3.262	14.393	3.621	2.911	subject612e34bd1e60d	12I
37790.000	38275.000	509.000	196.029	229.839	0.000	0.000	0.551	2.939	40.605	8.945	8.497	subject612e34bd1e60d	12I
38323.000	38492.000	193.000	293.725	86.840	0.000	0.000	0.551	1.139	4.409	1.869	2.201	subject612e34bd1e60d	12I
38540.000	38590.000	73.000	194.440	117.823	0.000	0.000	0.551	0.000	NaN	0.000	0.000	subject612e34bd1e60d	12I
38637.000	38769.000	155.000	118.983	109.879	0.000	0.000	0.551	0.840	0.146	0.734	1.420	subject612e34bd1e60d	12I
38815.000	39034.000	243.000	182.923	126.959	0.000	0.000	0.551	2.078	2.916	4.047	2.391	subject612e34bd1e60d	12I
39084.000	39940.000	880.000	251.231	124.973	0.000	0.000	0.551	3.416	69.087	17.985	7.669	subject612e34bd1e60d	12I
39987.000	40479.000	515.000	483.558	450.693	0.000	0.000	0.551	1.840	37.838	15.571	3.053	subject612e34bd1e60d	12I
40526.000	40619.000	118.000	509.770	528.548	0.000	0.000	0.551	0.874	0.000	0.734	1.586	subject612e34bd1e60d	12I
40668.000	40766.000	123.000	269.897	476.910	0.000	0.000	0.551	2.052	0.000	3.976	1.018	subject612e34bd1e60d	12I
40814.000	40959.000	170.000	521.684	509.482	0.000	0.000	0.551	0.499	0.380	0.544	0.805	subject612e34bd1e60d	12I
41005.000	41103.000	123.000	610.643	506.304	0.000	0.000	0.551	0.518	0.000	0.189	1.018	subject612e34bd1e60d	12I
41152.000	41526.000	400.000	768.705	503.921	0.000	0.000	0.551	1.873	10.971	6.815	3.669	subject612e34bd1e60d	12I
41575.000	41784.000	235.000	406.513	577.009	0.000	0.000	0.551	1.613	4.939	4.212	5.041	subject612e34bd1e60d	12I
41834.000	42421.000	611.000	459.730	531.726	0.000	0.000	0.551	2.720	31.755	13.607	6.627	subject612e34bd1e60d	12I
42469.000	42543.000	94.000	438.681	588.926	0.000	0.000	0.551	2.347	8.597	3.881	2.911	subject612e34bd1e60d	12I
42587.000	42754.000	191.000	72.121	503.921	0.000	0.000	0.551	2.343	9.388	3.692	4.521	subject612e34bd1e60d	12I
42801.000	43019.000	241.000	218.268	449.501	0.000	0.000	0.551	0.755	1.762	1.136	2.035	subject612e34bd1e60d	12I
43066.000	43091.000	45.000	92.772	453.871	0.000	0.000	0.551	0.000	NaN	0.000	0.000	subject612e34bd1e60d	12I
43134.000	43377.000	264.000	156.315	438.777	0.000	0.000	0.551	1.783	9.716	3.337	3.527	subject612e34bd1e60d	12I
43421.000	43505.000	110.000	802.859	426.860	0.000	0.000	0.551	3.245	0.000	3.029	4.734	subject612e34bd1e60d	12I
43555.000	43653.000	122.000	285.782	519.015	0.000	0.000	0.551	2.744	8.347	3.905	2.225	subject612e34bd1e60d	12I
43701.000	43846.000	169.000	57.824	480.087	0.000	0.000	0.551	2.463	13.009	3.195	4.521	subject612e34bd1e60d	12I
43893.000	43989.000	120.000	210.326	516.632	0.000	0.000	0.551	1.513	1.507	2.011	1.917	subject612e34bd1e60d	12I
44036.000	44327.000	315.000	402.542	444.338	0.000	0.000	0.551	1.783	7.694	4.567	2.391	subject612e34bd1e60d	12I
44378.000	44604.000	253.000	193.646	449.104	0.000	0.000	0.551	1.949	10.427	4.614	3.479	subject612e34bd1e60d	12I
44653.000	44821.000	191.000	351.708	382.371	0.000	0.000	0.551	0.787	1.051	1.302	1.041	subject612e34bd1e60d	12I
44868.000	45014.000	171.000	322.319	414.149	0.000	0.000	0.551	0.391	0.097	0.876	0.450	subject612e34bd1e60d	12I
45064.000	45698.000	659.000	385.068	546.820	0.000	0.000	0.551	2.070	19.733	8.211	4.166	subject612e34bd1e60d	12I
45747.000	45982.000	259.000	338.999	568.270	0.000	0.000	0.551	2.787	14.089	7.904	2.391	subject612e34bd1e60d	12I
46029.000	46099.000	94.000	779.428	475.321	0.000	0.000	0.551	3.952	24.904	4.401	5.420	subject612e34bd1e60d	12I
46148.000	46536.000	412.000	458.141	565.092	0.000	0.000	0.551	1.614	9.067	3.502	3.172	subject612e34bd1e60d	12I
46584.000	46730.000	172.000	698.809	504.715	0.000	0.000	0.551	1.329	5.746	2.792	1.704	subject612e34bd1e60d	12I
46781.000	46871.000	115.000	582.844	510.276	0.000	0.000	0.551	0.252	0.000	0.331	0.284	subject612e34bd1e60d	12I
46920.000	47215.000	320.000	663.860	527.754	0.000	0.000	0.551	1.218	3.501	3.053	1.538	subject612e34bd1e60d	12I
47265.000	47483.000	242.000	744.877	526.562	0.000	0.000	0.551	0.914	1.955	3.360	0.592	subject612e34bd1e60d	12I
47530.000	47697.000	195.000	756.791	491.210	0.000	0.000	0.551	0.350	0.238	1.254	0.189	subject612e34bd1e60d	12I
47750.000	48040.000	313.000	800.477	483.265	0.000	0.000	0.551	0.640	1.560	1.846	1.349	subject612e34bd1e60d	12I
48086.000	48229.000	173.000	752.025	464.199	0.000	0.000	0.551	1.209	1.180	2.721	0.923	subject612e34bd1e60d	12I
48283.000	48655.000	395.000	752.025	462.610	0.000	0.000	0.551	2.059	31.100	7.075	5.728	subject612e34bd1e60d	12I
48701.000	49086.000	406.000	296.902	187.734	0.000	0.000	0.551	3.083	45.842	6.910	11.550	subject612e34bd1e60d	12I
49131.000	49744.000	637.000	288.165	168.270	0.000	0.000	0.551	3.075	42.212	13.465	6.414	subject612e34bd1e60d	12I
49793.000	50313.000	543.000	408.102	159.929	0.000	0.000	0.551	1.627	15.312	5.443	4.970	subject612e34bd1e60d	12I
50359.000	50859.000	523.000	219.857	97.168	0.000	0.000	0.551	1.876	7.864	5.111	4.237	subject612e34bd1e60d	12I
50911.000	50984.000	95.000	352.899	480.087	0.000	0.000	0.551	1.959	1.999	3.100	1.254	subject612e34bd1e60d	12I
51030.000	51105.000	103.000	159.889	430.435	0.000	0.000	0.551	1.539	4.240	2.248	1.349	subject612e34bd1e60d	12I
51157.000	51325.000	194.000	559.809	396.671	0.000	0.000	0.551	2.839	31.037	11.572	2.627	subject612e34bd1e60d	12I
51375.000	51750.000	400.000	394.599	256.850	0.000	0.000	0.551	1.581	10.256	5.608	2.911	subject612e34bd1e60d	12I
51800.000	52419.000	644.000	262.748	261.617	0.000	0.000	0.551	1.525	11.508	5.632	3.787	subject612e34bd1e60d	12I
52467.000	52710.000	270.000	325.496	172.640	0.000	0.000	0.551	1.875	12.097	5.703	4.355	subject612e34bd1e60d	12I
52761.000	52903.000	167.000	652.740	408.588	0.000	0.000	0.551	3.245	66.063	9.489	7.219	subject612e34bd1e60d	12I
52952.000	53445.000	517.000	417.633	209.978	0.000	0.000	0.551	1.457	9.629	2.627	4.568	subject612e34bd1e60d	12I
53493.000	54149.000	682.000	456.950	73.335	0.000	0.000	0.551	1.782	18.380	4.875	6.698	subject612e34bd1e60d	12I
54195.000	54339.000	169.000	561.398	484.854	0.000	0.000	0.551	4.360	46.022	16.423	2.935	subject612e34bd1e60d	12I
54388.000	54698.000	333.000	423.590	194.089	0.000	0.000	0.551	1.323	5.444	3.573	4.568	subject612e34bd1e60d	12I
54746.000	54820.000	100.000	516.124	144.040	0.000	0.000	0.551	0.385	0.000	0.592	0.308	subject612e34bd1e60d	12I
54871.000	55111.000	264.000	401.747	149.601	0.000	0.000	0.551	0.585	1.986	1.207	1.586	subject612e34bd1e60d	12I
55157.000	55570.000	438.000	234.154	159.531	0.000	0.000	0.551	1.289	3.235	3.289	1.538	subject612e34bd1e60d	12I
55619.000	55714.000	123.000	149.166	164.695	0.000	0.000	0.551	0.555	0.000	1.089	0.213	subject612e34bd1e60d	12I
55766.000	56008.000	266.000	335.822	232.222	0.000	0.000	0.551	0.844	1.169	2.532	0.757	subject612e34bd1e60d	12I
56055.000	56130.000	100.000	213.900	232.222	0.000	0.000	0.551	1.348	3.985	3.384	1.231	subject612e34bd1e60d	12I
56179.000	56278.000	123.000	685.306	522.193	0.000	0.000	0.551	2.149	10.053	4.543	4.734	subject612e34bd1e60d	12I
56326.000	56475.000	172.000	316.759	443.543	0.000	0.000	0.551	3.055	15.404	2.674	6.083	subject612e34bd1e60d	12I
56523.000	56758.000	259.000	153.932	156.751	0.000	0.000	0.551	1.257	4.730	2.461	2.225	subject612e34bd1e60d	12I
56807.000	57514.000	730.000	130.103	176.612	0.000	0.000	0.551	1.705	9.799	6.744	3.621	subject612e34bd1e60d	12I
57561.000	57851.000	315.000	362.033	215.539	0.000	0.000	0.551	1.354	3.836	3.431	2.675	subject612e34bd1e60d	12I
57900.000	58192.000	315.000	364.416	168.667	0.000	0.000	0.551	1.427	6.261	3.100	2.485	subject612e34bd1e60d	12I
58240.000	58528.000	310.000	400.953	197.267	0.000	0.000	0.551	1.652	8.826	4.709	2.225	subject612e34bd1e60d	12I
58574.000	58818.000	268.000	682.923	369.660	0.000	0.000	0.551	1.612	13.535	5.466	2.414	subject612e34bd1e60d	12I
58867.000	59031.000	186.000	419.222	174.228	0.000	0.000	0.551	2.345	8.833	3.976	5.325	subject612e34bd1e60d	12I
59077.000	59356.000	307.000	425.576	167.873	0.000	0.000	0.551	1.697	8.099	5.017	2.201	subject612e34bd1e60d	12I
59410.000	59631.000	244.000	373.550	196.473	0.000	0.000	0.551	0.810	2.046	1.680	1.396	subject612e34bd1e60d	12I
59678.000	59778.000	126.000	262.748	262.411	0.000	0.000	0.551	0.296	0.000	0.024	0.592	subject612e34bd1e60d	12I
59827.000	59896.000	95.000	199.206	236.989	0.000	0.000	0.551	0.358	0.000	0.426	0.450	subject612e34bd1e60d	12I
59948.000	60117.000	192.000	246.863	240.167	0.000	0.000	0.551	0.344	0.240	0.213	0.734	subject612e34bd1e60d	12I
60165.000	60460.000	316.000	371.565	238.578	0.000	0.000	0.551	1.448	7.472	3.076	2.509	subject612e34bd1e60d	12I
60505.000	60530.000	48.000	524.861	237.784	0.000	0.000	0.551	0.000	NaN	0.000	0.000	subject612e34bd1e60d	12I
60578.000	62105.000	1555.000	311.199	190.514	0.000	0.000	0.551	3.302	24.195	11.879	5.207	subject612e34bd1e60d	12I
62157.000	62595.000	458.000	514.535	238.578	0.000	0.000	0.551	1.717	16.966	2.982	7.905	subject612e34bd1e60d	12I
62636.000	62707.000	96.000	388.245	343.444	0.000	0.000	0.551	0.303	0.000	0.071	0.521	subject612e34bd1e60d	12I
62758.000	62924.000	186.000	321.525	379.194	0.000	0.000	0.551	0.902	3.774	1.704	1.633	subject612e34bd1e60d	12I
62967.000	63192.000	249.000	443.844	397.466	0.000	0.000	0.551	0.695	0.288	1.325	0.355	subject612e34bd1e60d	12I
63242.000	63476.000	258.000	337.411	444.338	0.000	0.000	0.551	0.816	0.657	1.964	0.923	subject612e34bd1e60d	12I
63522.000	63828.000	327.000	324.702	477.704	0.000	0.000	0.551	3.410	18.566	7.762	6.130	subject612e34bd1e60d	12I
63873.000	64157.000	308.000	176.966	480.087	0.000	0.000	0.551	0.978	2.493	1.491	3.361	subject612e34bd1e60d	12I
64206.000	64712.000	529.000	376.728	370.852	0.000	0.000	0.551	3.497	52.166	13.843	3.716	subject612e34bd1e60d	12I
64758.000	64905.000	170.000	725.814	436.393	0.000	0.000	0.551	1.517	3.768	3.242	0.947	subject612e34bd1e60d	12I
64949.000	65115.000	190.000	512.550	485.648	0.000	0.000	0.551	0.698	2.365	1.964	1.018	subject612e34bd1e60d	12I
65163.000	65315.000	177.000	574.901	517.426	0.000	0.000	0.551	1.566	7.521	3.171	3.030	subject612e34bd1e60d	12I
65364.000	66501.000	1163.000	638.443	532.520	0.000	0.000	0.551	3.075	44.688	13.299	7.172	subject612e34bd1e60d	12I
66551.000	66693.000	165.000	483.558	557.942	0.000	0.000	0.551	3.332	14.551	7.312	2.698	subject612e34bd1e60d	12I
66740.000	67027.000	312.000	674.980	517.426	0.000	0.000	0.551	2.759	8.478	6.034	4.331	subject612e34bd1e60d	12I
67077.000	68011.000	957.000	798.094	485.648	0.000	0.000	0.551	2.291	15.631	8.898	4.095	subject612e34bd1e60d	12I
68056.000	68470.000	437.000	1069.341	535.698	0.000	0.000	0.551	1.831	9.131	2.934	5.112	subject612e34bd1e60d	12I
68517.000	68565.000	73.000	934.710	461.021	0.000	0.000	0.551	0.000	NaN	0.000	0.000	subject612e34bd1e60d	12I
68614.000	68830.000	240.000	813.185	441.160	0.000	0.000	0.551	1.442	4.362	2.414	2.840	subject612e34bd1e60d	12I
68878.000	68959.000	104.000	770.294	581.776	0.000	0.000	0.551	0.995	0.000	1.609	0.615	subject612e34bd1e60d	12I
69006.000	69177.000	195.000	810.008	465.787	0.000	0.000	0.551	0.970	0.941	0.663	2.107	subject612e34bd1e60d	12I
69224.000	69756.000	557.000	732.168	389.521	0.000	0.000	0.551	0.823	3.588	2.201	1.988	subject612e34bd1e60d	12I
69806.000	69928.000	146.000	601.906	479.690	0.000	0.000	0.551	0.911	0.640	0.568	1.586	subject612e34bd1e60d	12I
69972.000	70265.000	315.000	672.597	489.621	0.000	0.000	0.551	0.816	6.148	1.869	4.024	subject612e34bd1e60d	12I
70311.000	70476.000	189.000	609.055	557.148	0.000	0.000	0.551	1.347	7.419	2.650	2.178	subject612e34bd1e60d	12I
70521.000	70814.000	316.000	480.381	501.537	0.000	0.000	0.551	0.677	2.105	1.917	1.917	subject612e34bd1e60d	12I
70860.000	70957.000	122.000	444.639	468.171	0.000	0.000	0.551	0.286	0.000	0.355	0.450	subject612e34bd1e60d	12I
71006.000	71078.000	96.000	371.565	615.936	0.000	0.000	0.551	1.926	0.000	2.485	2.225	subject612e34bd1e60d	12I
71126.000	71216.000	118.000	587.609	531.726	0.000	0.000	0.551	1.215	0.000	1.964	0.757	subject612e34bd1e60d	12I
71268.000	71366.000	123.000	350.913	586.542	0.000	0.000	0.551	0.665	0.547	0.947	0.426	subject612e34bd1e60d	12I
71415.000	71659.000	267.000	579.666	538.081	0.000	0.000	0.551	1.100	4.266	5.395	2.698	subject612e34bd1e60d	12I
71703.000	71913.000	233.000	423.193	551.190	0.000	0.000	0.551	1.265	3.660	4.780	2.249	subject612e34bd1e60d	12I
71958.000	72459.000	524.000	735.346	544.040	0.000	0.000	0.551	2.523	18.196	7.075	3.527	subject612e34bd1e60d	12I
72506.000	72603.000	122.000	1048.292	472.937	0.000	0.000	0.551	2.967	16.116	4.614	2.864	subject612e34bd1e60d	12I
72660.000	72732.000	96.000	1009.770	452.282	0.000	0.000	0.551	0.943	0.000	1.018	1.278	subject612e34bd1e60d	12I
72779.000	72872.000	118.000	948.213	506.304	0.000	0.000	0.551	0.782	0.000	1.562	0.071	subject612e34bd1e60d	12I
72921.000	73814.000	917.000	1089.992	568.270	0.000	0.000	0.551	3.040	46.380	11.737	8.828	subject612e34bd1e60d	12I
1.000	131.000	164.000	1045.115	739.074	0.000	0.000	0.550	4.173	15.912	7.927	5.657	subject612e34bd1e60d	1S
198.000	554.000	379.000	497.061	328.350	0.000	0.000	0.550	2.141	10.839	4.969	4.095	subject612e34bd1e60d	1S
601.000	822.000	245.000	101.509	66.185	0.000	0.000	0.550	2.541	14.811	5.679	2.793	subject612e34bd1e60d	1S
870.000	1444.000	598.000	294.519	271.547	0.000	0.000	0.550	5.366	91.976	21.061	19.669	subject612e34bd1e60d	1S
1492.000	1801.000	333.000	282.605	135.301	0.000	0.000	0.550	2.977	18.152	7.596	3.172	subject612e34bd1e60d	1S
1849.000	1920.000	94.000	349.325	-57.748	0.000	0.000	0.550	2.439	8.559	3.408	2.249	subject612e34bd1e60d	1S
1967.000	2283.000	340.000	189.674	100.346	0.000	0.000	0.550	2.380	15.694	5.869	3.976	subject612e34bd1e60d	1S
2330.000	2761.000	455.000	404.925	186.939	0.000	0.000	0.550	2.875	38.024	8.117	9.278	subject612e34bd1e60d	1S
2809.000	3144.000	359.000	590.786	293.394	0.000	0.000	0.550	3.961	75.311	14.624	15.953	subject612e34bd1e60d	1S
3192.000	3576.000	410.000	740.905	152.779	0.000	0.000	0.550	2.310	14.820	5.821	4.260	subject612e34bd1e60d	1S
3625.000	3775.000	175.000	682.129	111.468	0.000	0.000	0.550	1.558	1.463	2.982	0.947	subject612e34bd1e60d	1S
3825.000	4042.000	242.000	821.525	200.048	0.000	0.000	0.550	2.661	16.059	5.443	4.805	subject612e34bd1e60d	1S
4090.000	4744.000	678.000	14.535	130.534	0.000	0.000	0.550	4.043	37.543	16.446	4.899	subject612e34bd1e60d	1S
4802.000	4999.000	222.000	512.153	484.060	0.000	0.000	0.550	3.012	32.939	4.804	14.604	subject612e34bd1e60d	1S
5048.000	5150.000	126.000	206.354	294.189	0.000	0.000	0.550	1.873	5.174	1.988	1.657	subject612e34bd1e60d	1S
5200.000	5272.000	98.000	109.849	101.537	0.000	0.000	0.550	1.624	1.627	0.923	2.225	subject612e34bd1e60d	1S
5324.000	5420.000	121.000	346.148	149.601	0.000	0.000	0.550	2.068	2.367	2.343	1.302	subject612e34bd1e60d	1S
5466.000	5565.000	123.000	214.297	180.584	0.000	0.000	0.550	2.456	1.388	4.401	0.947	subject612e34bd1e60d	1S
5614.000	6375.000	789.000	317.554	134.109	0.000	0.000	0.550	2.450	16.224	9.726	3.692	subject612e34bd1e60d	1S
6428.000	6530.000	125.000	138.840	96.373	0.000	0.000	0.550	1.457	0.000	2.674	1.160	subject612e34bd1e60d	1S
6576.000	6646.000	94.000	405.322	714.447	0.000	0.000	0.550	3.989	25.234	5.017	6.793	subject612e34bd1e60d	1S
6695.000	7478.000	807.000	326.688	239.372	0.000	0.000	0.550	2.763	22.603	10.459	5.822	subject612e34bd1e60d	1S
7527.000	7571.000	66.000	578.078	212.361	0.000	0.000	0.550	1.320	0.000	0.947	1.609	subject612e34bd1e60d	1S
7616.000	8090.000	498.000	690.071	194.089	0.000	0.000	0.550	3.652	25.463	10.459	4.710	subject612e34bd1e60d	1S
8137.000	8569.000	456.000	-127.244	114.645	0.000	0.000	0.550	3.499	21.755	6.934	10.746	subject612e34bd1e60d	1S
8617.000	8641.000	46.000	548.292	776.413	0.000	0.000	0.550	2.293	0.000	1.964	1.183	subject612e34bd1e60d	1S
8686.000	8924.000	262.000	101.509	175.023	0.000	0.000	0.550	3.707	63.164	10.483	7.976	subject612e34bd1e60d	1S
8973.000	9420.000	467.000	176.966	183.762	0.000	0.000	0.550	1.025	3.851	3.408	2.485	subject612e34bd1e60d	1S
9465.000	9625.000	183.000	234.154	196.473	0.000	0.000	0.550	0.506	0.548	1.373	0.994	subject612e34bd1e60d	1S
9672.000	9743.000	96.000	333.439	149.998	0.000	0.000	0.550	0.361	0.000	0.568	0.260	subject612e34bd1e60d	1S
9792.000	9911.000	142.000	513.741	286.244	0.000	0.000	0.550	1.842	1.519	2.982	2.107	subject612e34bd1e60d	1S
9959.000	10107.000	173.000	566.164	186.145	0.000	0.000	0.550	0.745	1.985	1.609	0.970	subject612e34bd1e60d	1S
10157.000	10282.000	149.000	652.740	206.800	0.000	0.000	0.550	0.815	2.146	1.373	1.136	subject612e34bd1e60d	1S
10330.000	10500.000	194.000	773.471	136.095	0.000	0.000	0.550	0.499	0.497	0.899	0.450	subject612e34bd1e60d	1S
10549.000	10856.000	332.000	784.591	145.231	0.000	0.000	0.550	3.109	13.173	8.188	2.769	subject612e34bd1e60d	1S
10904.000	11124.000	243.000	850.516	185.351	0.000	0.000	0.550	1.131	2.760	1.964	2.130	subject612e34bd1e60d	1S
11173.000	11538.000	388.000	51.072	227.059	0.000	0.000	0.550	2.644	53.433	10.199	8.805	subject612e34bd1e60d	1S
11585.000	11749.000	188.000	34.790	151.190	0.000	0.000	0.550	0.793	0.995	3.171	0.473	subject612e34bd1e60d	1S
11796.000	11868.000	94.000	460.524	810.971	0.000	0.000	0.550	2.380	8.138	4.685	2.012	subject612e34bd1e60d	1S
11915.000	12088.000	197.000	113.026	281.080	0.000	0.000	0.550	1.970	20.042	3.550	5.609	subject612e34bd1e60d	1S
12135.000	12283.000	174.000	-99.444	231.428	0.000	0.000	0.550	0.720	0.281	2.130	0.521	subject612e34bd1e60d	1S
12334.000	12507.000	198.000	110.246	209.184	0.000	0.000	0.550	0.445	1.000	1.231	0.639	subject612e34bd1e60d	1S
12556.000	12774.000	240.000	245.274	188.528	0.000	0.000	0.550	1.228	4.279	3.171	1.325	subject612e34bd1e60d	1S
12820.000	12938.000	142.000	354.885	190.117	0.000	0.000	0.550	0.656	0.713	1.231	0.497	subject612e34bd1e60d	1S
12985.000	13174.000	213.000	487.530	135.301	0.000	0.000	0.550	3.454	22.473	6.815	4.284	subject612e34bd1e60d	1S
13222.000	13849.000	648.000	764.734	197.267	0.000	0.000	0.550	2.083	19.939	8.140	4.544	subject612e34bd1e60d	1S
13894.000	14064.000	197.000	865.608	358.141	0.000	0.000	0.550	2.118	10.168	2.792	3.976	subject612e34bd1e60d	1S
14111.000	14424.000	334.000	826.291	306.900	0.000	0.000	0.550	1.571	10.472	6.224	1.728	subject612e34bd1e60d	1S
14470.000	14634.000	187.000	-19.222	206.006	0.000	0.000	0.550	0.715	1.901	1.373	1.941	subject612e34bd1e60d	1S
14681.000	14902.000	241.000	-95.870	168.667	0.000	0.000	0.550	0.789	1.632	2.106	1.254	subject612e34bd1e60d	1S
14947.000	15158.000	236.000	-23.987	178.995	0.000	0.000	0.550	0.608	1.405	1.041	1.396	subject612e34bd1e60d	1S
15207.000	15326.000	139.000	82.844	190.117	0.000	0.000	0.550	0.943	1.189	0.899	1.822	subject612e34bd1e60d	1S
15370.000	15716.000	369.000	274.662	251.289	0.000	0.000	0.550	2.389	18.269	6.886	4.686	subject612e34bd1e60d	1S
15764.000	15980.000	240.000	557.427	323.583	0.000	0.000	0.550	0.542	1.180	1.704	0.781	subject612e34bd1e60d	1S
16028.000	16620.000	614.000	545.512	307.694	0.000	0.000	0.550	1.657	7.533	6.413	2.035	subject612e34bd1e60d	1S
16683.000	17289.000	629.000	768.705	230.634	0.000	0.000	0.550	1.697	16.613	9.182	3.101	subject612e34bd1e60d	1S
17336.000	17580.000	268.000	921.207	301.339	0.000	0.000	0.550	2.983	3.640	8.188	0.757	subject612e34bd1e60d	1S
17628.000	18035.000	434.000	79.666	206.800	0.000	0.000	0.550	3.122	22.798	12.282	5.491	subject612e34bd1e60d	1S
18087.000	18185.000	121.000	368.388	793.891	0.000	0.000	0.550	7.411	3.740	10.010	1.941	subject612e34bd1e60d	1S
18234.000	18328.000	117.000	321.525	372.838	0.000	0.000	0.550	2.975	16.868	4.780	2.343	subject612e34bd1e60d	1S
18375.000	18740.000	389.000	226.608	224.278	0.000	0.000	0.550	1.379	4.003	3.763	1.373	subject612e34bd1e60d	1S
18787.000	19211.000	454.000	315.965	247.317	0.000	0.000	0.550	2.750	6.949	7.265	2.225	subject612e34bd1e60d	1S
19267.000	19628.000	384.000	447.419	246.522	0.000	0.000	0.550	1.447	8.939	5.017	2.698	subject612e34bd1e60d	1S
19674.000	19844.000	195.000	576.489	292.600	0.000	0.000	0.550	0.970	0.457	2.248	2.698	subject612e34bd1e60d	1S
19894.000	20182.000	314.000	636.855	297.366	0.000	0.000	0.550	1.985	12.422	4.875	2.651	subject612e34bd1e60d	1S
20233.000	20644.000	434.000	477.601	977.009	0.000	0.000	0.550	3.664	66.331	11.027	7.787	subject612e34bd1e60d	1S
20697.000	20921.000	247.000	683.717	857.446	0.000	0.000	0.550	0.901	4.634	2.414	2.107	subject612e34bd1e60d	1S
20969.000	21203.000	262.000	720.254	833.613	0.000	0.000	0.550	2.913	18.578	7.856	2.178	subject612e34bd1e60d	1S
21255.000	21499.000	267.000	606.672	818.518	0.000	0.000	0.550	1.372	4.706	3.100	1.704	subject612e34bd1e60d	1S
21544.000	21673.000	152.000	794.917	836.393	0.000	0.000	0.550	2.417	7.280	4.827	1.846	subject612e34bd1e60d	1S
21721.000	21933.000	236.000	477.998	458.638	0.000	0.000	0.550	3.316	13.502	5.395	3.598	subject612e34bd1e60d	1S
21979.000	22166.000	211.000	308.022	379.194	0.000	0.000	0.550	2.894	21.934	5.798	4.000	subject612e34bd1e60d	1S
22214.000	22411.000	218.000	67.355	359.333	0.000	0.000	0.550	1.569	6.072	4.520	1.396	subject612e34bd1e60d	1S
22455.000	22641.000	210.000	236.537	345.827	0.000	0.000	0.550	0.329	0.430	0.473	0.781	subject612e34bd1e60d	1S
22688.000	23113.000	449.000	546.307	443.543	0.000	0.000	0.550	1.132	12.753	6.863	3.148	subject612e34bd1e60d	1S
23160.000	23324.000	190.000	837.808	558.340	0.000	0.000	0.550	3.100	16.459	4.969	2.746	subject612e34bd1e60d	1S
23373.000	23674.000	325.000	940.270	527.754	0.000	0.000	0.550	2.064	20.005	6.484	4.047	subject612e34bd1e60d	1S
23723.000	23821.000	119.000	1041.144	530.931	0.000	0.000	0.550	1.295	3.785	2.485	1.183	subject612e34bd1e60d	1S
23865.000	24148.000	310.000	605.878	507.893	0.000	0.000	0.550	1.796	12.855	8.708	6.035	subject612e34bd1e60d	1S
24201.000	24300.000	122.000	458.141	454.665	0.000	0.000	0.550	2.356	10.737	5.064	2.485	subject612e34bd1e60d	1S
24345.000	24494.000	174.000	458.141	486.443	0.000	0.000	0.550	0.175	0.070	0.331	0.189	subject612e34bd1e60d	1S
24543.000	24760.000	242.000	604.289	468.171	0.000	0.000	0.550	1.760	7.365	5.230	3.219	subject612e34bd1e60d	1S
24808.000	24905.000	121.000	876.728	507.098	0.000	0.000	0.550	1.181	0.000	1.443	1.870	subject612e34bd1e60d	1S
24955.000	25173.000	243.000	921.207	573.831	0.000	0.000	0.550	1.104	4.846	3.999	1.160	subject612e34bd1e60d	1S
25223.000	25724.000	527.000	712.311	566.681	0.000	0.000	0.550	1.776	14.028	5.632	3.598	subject612e34bd1e60d	1S
25770.000	26133.000	387.000	916.044	603.225	0.000	0.000	0.550	1.540	10.200	5.679	2.367	subject612e34bd1e60d	1S
26183.000	26492.000	333.000	292.137	520.604	0.000	0.000	0.550	3.393	49.391	11.477	8.544	subject612e34bd1e60d	1S
26540.000	27027.000	514.000	482.764	859.035	0.000	0.000	0.550	2.414	49.904	6.460	11.527	subject612e34bd1e60d	1S
27079.000	27324.000	267.000	505.004	552.381	0.000	0.000	0.550	0.890	1.449	1.656	1.136	subject612e34bd1e60d	1S
27369.000	27728.000	382.000	601.112	607.595	0.000	0.000	0.550	1.712	3.714	3.763	2.130	subject612e34bd1e60d	1S
27775.000	28014.000	264.000	732.168	577.009	0.000	0.000	0.550	1.606	4.081	3.431	1.467	subject612e34bd1e60d	1S
28063.000	28486.000	446.000	868.388	587.734	0.000	0.000	0.550	2.226	15.957	5.869	3.740	subject612e34bd1e60d	1S
28534.000	28753.000	242.000	271.088	509.084	0.000	0.000	0.550	2.493	16.053	10.294	2.485	subject612e34bd1e60d	1S
28799.000	29460.000	684.000	565.766	463.404	0.000	0.000	0.550	2.295	13.161	7.596	3.266	subject612e34bd1e60d	1S
29508.000	30264.000	783.000	517.712	483.265	0.000	0.000	0.550	2.093	22.638	7.146	5.846	subject612e34bd1e60d	1S
30315.000	30409.000	118.000	690.866	539.670	0.000	0.000	0.550	0.109	0.000	0.166	0.142	subject612e34bd1e60d	1S
30458.000	30660.000	227.000	784.591	557.942	0.000	0.000	0.550	1.172	4.703	2.721	2.722	subject612e34bd1e60d	1S
30710.000	30806.000	120.000	996.664	507.098	0.000	0.000	0.550	0.729	0.000	1.420	0.331	subject612e34bd1e60d	1S
30854.000	30880.000	50.000	727.403	646.125	0.000	0.000	0.550	0.000	NaN	0.000	0.000	subject612e34bd1e60d	1S
30927.000	31144.000	238.000	399.762	567.476	0.000	0.000	0.550	1.218	6.217	3.005	2.533	subject612e34bd1e60d	1S
31190.000	31356.000	191.000	481.176	528.945	0.000	0.000	0.550	1.691	0.568	3.928	0.213	subject612e34bd1e60d	1S
31406.000	31637.000	255.000	562.986	564.298	0.000	0.000	0.550	0.301	0.387	0.521	0.757	subject612e34bd1e60d	1S
31686.000	31852.000	190.000	648.769	635.400	0.000	0.000	0.550	1.410	3.835	2.721	1.941	subject612e34bd1e60d	1S
31900.000	32112.000	232.000	829.865	590.514	0.000	0.000	0.550	1.083	5.010	3.644	1.562	subject612e34bd1e60d	1S
32151.000	32316.000	186.000	894.599	586.542	0.000	0.000	0.550	0.551	1.113	1.656	0.568	subject612e34bd1e60d	1S
32361.000	32405.000	69.000	679.746	634.209	0.000	0.000	0.550	0.000	NaN	0.000	0.000	subject612e34bd1e60d	1S
32456.000	32695.000	263.000	293.725	581.776	0.000	0.000	0.550	1.474	8.709	2.792	3.550	subject612e34bd1e60d	1S
32744.000	33368.000	644.000	263.542	605.609	0.000	0.000	0.550	4.173	44.038	14.885	7.479	subject612e34bd1e60d	1S
33414.000	33557.000	165.000	520.095	963.901	0.000	0.000	0.550	1.221	5.578	2.011	1.775	subject612e34bd1e60d	1S
33604.000	33703.000	123.000	578.078	870.951	0.000	0.000	0.550	0.294	0.000	0.379	0.450	subject612e34bd1e60d	1S
33751.000	34034.000	306.000	622.558	762.908	0.000	0.000	0.550	1.065	6.835	2.319	3.787	subject612e34bd1e60d	1S
34080.000	35333.000	1277.000	887.053	700.941	0.000	0.000	0.550	1.950	21.104	11.430	5.396	subject612e34bd1e60d	1S
35382.000	35620.000	261.000	242.097	658.836	0.000	0.000	0.550	3.220	30.918	12.447	5.089	subject612e34bd1e60d	1S
35666.000	35788.000	148.000	95.949	573.037	0.000	0.000	0.550	2.103	2.881	4.543	0.686	subject612e34bd1e60d	1S
35837.000	36034.000	221.000	125.338	641.358	0.000	0.000	0.550	1.339	7.700	3.857	1.893	subject612e34bd1e60d	1S
36082.000	36587.000	530.000	478.793	673.930	0.000	0.000	0.550	2.147	6.506	6.815	1.964	subject612e34bd1e60d	1S
36636.000	36949.000	338.000	577.284	740.266	0.000	0.000	0.550	1.139	6.008	3.479	1.704	subject612e34bd1e60d	1S
37000.000	37151.000	175.000	857.665	775.619	0.000	0.000	0.550	1.145	5.812	2.603	1.846	subject612e34bd1e60d	1S
37198.000	37763.000	589.000	833.836	804.218	0.000	0.000	0.550	1.219	11.688	5.514	3.905	subject612e34bd1e60d	1S
37812.000	38009.000	222.000	918.030	830.435	0.000	0.000	0.550	2.610	13.427	6.839	1.988	subject612e34bd1e60d	1S
38059.000	38299.000	265.000	287.371	662.808	0.000	0.000	0.550	2.828	37.106	7.430	5.609	subject612e34bd1e60d	1S
38348.000	38568.000	244.000	406.513	743.841	0.000	0.000	0.550	2.210	8.094	4.472	3.337	subject612e34bd1e60d	1S
38616.000	38712.000	119.000	659.095	669.164	0.000	0.000	0.550	0.432	0.182	0.663	0.686	subject612e34bd1e60d	1S
38759.000	38853.000	119.000	615.409	721.597	0.000	0.000	0.550	0.532	0.000	0.899	0.568	subject612e34bd1e60d	1S
38903.000	39048.000	170.000	593.963	783.563	0.000	0.000	0.550	0.581	0.475	1.988	0.189	subject612e34bd1e60d	1S
39098.000	39248.000	174.000	682.129	804.218	0.000	0.000	0.550	1.342	2.191	0.663	1.893	subject612e34bd1e60d	1S
39294.000	39724.000	454.000	824.305	789.124	0.000	0.000	0.550	1.313	6.011	5.206	1.586	subject612e34bd1e60d	1S
39779.000	39804.000	50.000	518.507	833.613	0.000	0.000	0.550	0.000	NaN	0.000	0.000	subject612e34bd1e60d	1S
39854.000	40023.000	195.000	277.045	735.897	0.000	0.000	0.550	1.514	3.899	2.579	2.272	subject612e34bd1e60d	1S
40073.000	40503.000	456.000	187.292	698.558	0.000	0.000	0.550	2.284	12.226	7.880	2.083	subject612e34bd1e60d	1S
40552.000	40696.000	167.000	481.970	754.169	0.000	0.000	0.550	0.813	2.091	1.420	1.041	subject612e34bd1e60d	1S
40743.000	41097.000	380.000	809.214	828.846	0.000	0.000	0.550	3.809	30.881	12.873	2.935	subject612e34bd1e60d	1S
41148.000	41515.000	394.000	986.338	859.829	0.000	0.000	0.550	1.085	4.657	3.242	1.822	subject612e34bd1e60d	1S
41565.000	42543.000	1001.000	979.587	838.379	0.000	0.000	0.550	2.879	27.122	9.844	5.846	subject612e34bd1e60d	1S
42587.000	42747.000	184.000	534.392	996.473	0.000	0.000	0.550	1.134	2.824	2.106	2.817	subject612e34bd1e60d	1S
42792.000	43016.000	245.000	379.508	913.851	0.000	0.000	0.550	1.093	1.000	2.911	0.876	subject612e34bd1e60d	1S
43062.000	43441.000	402.000	637.649	900.346	0.000	0.000	0.550	1.804	11.329	4.827	3.787	subject612e34bd1e60d	1S
43488.000	43722.000	257.000	663.066	913.057	0.000	0.000	0.550	1.279	2.448	0.757	4.639	subject612e34bd1e60d	1S
43767.000	43864.000	120.000	867.196	820.107	0.000	0.000	0.550	0.514	0.000	0.497	0.899	subject612e34bd1e60d	1S
43911.000	44062.000	175.000	1032.407	817.724	0.000	0.000	0.550	2.587	23.753	7.383	3.408	subject612e34bd1e60d	1S
44109.000	44297.000	214.000	1032.407	719.214	0.000	0.000	0.550	0.513	1.132	1.798	0.686	subject612e34bd1e60d	1S
44350.000	44765.000	438.000	682.129	952.381	0.000	0.000	0.550	2.911	37.596	7.572	9.586	subject612e34bd1e60d	1S
44811.000	44932.000	146.000	671.803	934.506	0.000	0.000	0.550	1.675	2.875	1.633	2.651	subject612e34bd1e60d	1S
44983.000	45233.000	276.000	1104.686	770.058	0.000	0.000	0.550	2.670	25.161	7.809	4.095	subject612e34bd1e60d	1S
45284.000	46468.000	1206.000	902.939	779.591	0.000	0.000	0.550	3.706	23.775	15.429	5.444	subject612e34bd1e60d	1S
46514.000	47077.000	586.000	969.658	802.232	0.000	0.000	0.550	1.831	10.611	7.525	3.669	subject612e34bd1e60d	1S
47124.000	47243.000	144.000	963.304	822.888	0.000	0.000	0.550	2.717	8.677	6.295	2.462	subject612e34bd1e60d	1S
47294.000	47565.000	292.000	897.379	802.232	0.000	0.000	0.550	0.886	2.229	1.917	1.183	subject612e34bd1e60d	1S
47609.000	48580.000	997.000	909.293	802.630	0.000	0.000	0.550	1.378	5.029	5.017	2.722	subject612e34bd1e60d	1S
48630.000	49895.000	1289.000	960.127	804.218	0.000	0.000	0.550	1.117	5.662	5.159	2.627	subject612e34bd1e60d	1S
49944.000	50032.000	112.000	862.033	789.124	0.000	0.000	0.550	0.498	0.014	1.112	0.213	subject612e34bd1e60d	1S
50087.000	50298.000	237.000	876.728	812.957	0.000	0.000	0.550	1.626	7.628	6.129	3.976	subject612e34bd1e60d	1S
50347.000	50570.000	247.000	871.168	798.657	0.000	0.000	0.550	0.967	1.537	2.035	0.710	subject612e34bd1e60d	1S
50621.000	51400.000	803.000	861.636	819.313	0.000	0.000	0.550	2.377	11.762	7.927	4.071	subject612e34bd1e60d	1S
51447.000	52706.000	1284.000	958.539	830.435	0.000	0.000	0.550	3.781	44.917	16.825	9.183	subject612e34bd1e60d	1S
52756.000	52832.000	102.000	872.756	769.263	0.000	0.000	0.550	1.874	0.151	3.147	0.734	subject612e34bd1e60d	1S
139036.000	139063.000	53.000	1071.856	396.190	0.000	0.000	0.511	0.897	NaN	0.000	0.897	subject612e34bd1e60d	1V
139114.000	139278.000	191.000	1085.236	414.415	0.000	0.000	0.511	0.658	0.612	1.882	0.614	subject612e34bd1e60d	1V
139329.000	139830.000	527.000	1060.706	404.907	0.000	0.000	0.511	1.029	1.824	2.480	1.157	subject612e34bd1e60d	1V
139882.000	140105.000	246.000	1002.728	354.590	0.000	0.000	0.511	1.667	2.594	5.093	2.975	subject612e34bd1e60d	1V
123143.000	123567.000	449.000	198.464	464.335	0.000	0.000	0.511	1.826	5.448	5.691	1.747	subject612e34bd1e60d	1V
123616.000	123766.000	177.000	193.261	446.110	0.000	0.000	0.511	1.751	8.260	3.654	2.762	subject612e34bd1e60d	1V
123818.000	123983.000	187.000	240.833	502.370	0.000	0.000	0.511	1.869	6.160	3.942	3.872	subject612e34bd1e60d	1V
124028.000	124230.000	226.000	166.502	450.072	0.000	0.000	0.511	2.091	1.741	6.024	1.582	subject612e34bd1e60d	1V
125789.000	125966.000	201.000	281.715	814.568	0.000	0.000	0.511	1.056	1.352	2.259	0.897	subject612e34bd1e60d	1V
126018.000	126161.000	167.000	214.074	837.943	0.000	0.000	0.511	0.281	0.254	0.376	0.685	subject612e34bd1e60d	1V
126218.000	126518.000	325.000	228.940	786.834	0.000	0.000	0.511	0.725	1.969	1.240	1.889	subject612e34bd1e60d	1V
126569.000	126880.000	336.000	292.122	820.114	0.000	0.000	0.511	0.948	4.492	2.347	2.408	subject612e34bd1e60d	1V
128449.000	129552.000	1130.000	1129.834	829.623	0.000	0.000	0.511	1.908	9.982	7.020	4.603	subject612e34bd1e60d	1V
131111.000	131387.000	301.000	483.153	530.103	0.000	0.000	0.511	1.608	3.506	4.584	1.110	subject612e34bd1e60d	1V
131439.000	132190.000	777.000	506.196	474.636	0.000	0.000	0.511	2.695	14.889	9.080	3.423	subject612e34bd1e60d	1V
133739.000	134808.000	1094.000	-66.155	132.328	0.000	0.000	0.511	3.700	11.950	13.464	2.998	subject612e34bd1e60d	1V
136364.000	137497.000	1157.000	1056.990	95.878	0.000	0.000	0.511	2.600	11.834	8.570	3.730	subject612e34bd1e60d	1V
361209.000	362110.000	928.000	127.106	483.352	0.000	0.000	0.509	4.287	20.141	7.729	5.052	subject612e34bd1e60d	2V
362161.000	362283.000	147.000	118.930	431.848	0.000	0.000	0.509	0.309	0.000	0.089	0.685	subject612e34bd1e60d	2V
363850.000	364493.000	667.000	237.860	16.244	0.000	0.000	0.509	1.989	8.682	10.829	2.337	subject612e34bd1e60d	2V
364542.000	364939.000	422.000	203.668	15.848	0.000	0.000	0.509	1.958	3.199	5.492	1.889	subject612e34bd1e60d	2V
366496.000	366681.000	211.000	1126.861	61.806	0.000	0.000	0.509	0.929	1.810	2.790	1.086	subject612e34bd1e60d	2V
366733.000	366783.000	72.000	1106.792	45.958	0.000	0.000	0.509	0.000	NaN	0.000	0.000	subject612e34bd1e60d	2V
366841.000	367049.000	232.000	1100.102	83.992	0.000	0.000	0.509	0.555	1.584	1.262	1.487	subject612e34bd1e60d	2V
367099.000	367591.000	516.000	1035.434	63.787	0.000	0.000	0.509	1.049	4.115	3.145	1.983	subject612e34bd1e60d	2V
369155.000	369576.000	444.000	513.257	427.093	0.000	0.000	0.509	1.640	7.434	6.887	1.464	subject612e34bd1e60d	2V
369622.000	369876.000	279.000	399.902	414.415	0.000	0.000	0.509	0.909	4.388	2.215	1.582	subject612e34bd1e60d	2V
369928.000	370047.000	143.000	534.813	438.979	0.000	0.000	0.509	1.126	2.071	2.104	1.251	subject612e34bd1e60d	2V
370110.000	370241.000	155.000	613.976	440.564	0.000	0.000	0.509	1.759	10.315	3.255	2.408	subject612e34bd1e60d	2V
371782.000	372011.000	254.000	224.480	767.421	0.000	0.000	0.509	2.335	8.582	7.529	1.889	subject612e34bd1e60d	2V
372060.000	372084.000	52.000	113.727	769.402	0.000	0.000	0.509	0.000	NaN	0.000	0.000	subject612e34bd1e60d	2V
372135.000	372862.000	753.000	169.104	763.855	0.000	0.000	0.509	1.964	8.801	5.979	3.140	subject612e34bd1e60d	2V
374424.000	374872.000	472.000	1036.920	383.512	0.000	0.000	0.509	2.159	6.551	4.385	2.998	subject612e34bd1e60d	2V
374922.000	375197.000	300.000	970.022	377.966	0.000	0.000	0.509	1.348	3.982	3.610	1.228	subject612e34bd1e60d	2V
375247.000	375516.000	293.000	1058.476	380.343	0.000	0.000	0.509	1.381	1.237	3.809	0.661	subject612e34bd1e60d	2V
377069.000	378148.000	1104.000	1067.396	770.194	0.000	0.000	0.509	1.770	7.362	5.802	3.588	subject612e34bd1e60d	2V
1.000	177.000	201.000	1009.770	738.677	0.000	0.000	0.548	2.462	7.235	5.892	2.959	subject612e34bd1e60d	6I
227.000	533.000	330.000	493.884	364.099	0.000	0.000	0.548	0.908	3.907	2.272	2.059	subject612e34bd1e60d	6I
582.000	819.000	262.000	188.086	81.279	0.000	0.000	0.548	3.982	46.369	9.371	5.112	subject612e34bd1e60d	6I
867.000	1008.000	164.000	1018.110	150.395	0.000	0.000	0.548	2.913	19.477	4.827	4.497	subject612e34bd1e60d	6I
1055.000	1132.000	103.000	1245.274	198.062	0.000	0.000	0.548	1.497	3.720	2.414	0.923	subject612e34bd1e60d	6I
1183.000	1780.000	620.000	1139.635	559.929	0.000	0.000	0.548	1.859	28.262	3.621	10.485	subject612e34bd1e60d	6I
1831.000	1904.000	96.000	1188.483	628.250	0.000	0.000	0.548	1.206	0.000	1.917	0.828	subject612e34bd1e60d	6I
1952.000	2045.000	117.000	1115.012	632.620	0.000	0.000	0.548	0.486	0.000	0.923	0.308	subject612e34bd1e60d	6I
2093.000	2308.000	239.000	1144.003	635.797	0.000	0.000	0.548	1.025	2.900	3.715	0.757	subject612e34bd1e60d	6I
2356.000	2596.000	264.000	1171.406	684.258	0.000	0.000	0.548	0.853	1.349	1.727	1.349	subject612e34bd1e60d	6I
2643.000	2938.000	316.000	1160.286	638.181	0.000	0.000	0.548	2.258	5.268	6.792	1.325	subject612e34bd1e60d	6I
2980.000	3005.000	50.000	654.726	814.943	0.000	0.000	0.548	1.506	0.000	1.491	0.213	subject612e34bd1e60d	6I
3054.000	3203.000	174.000	302.462	151.984	0.000	0.000	0.548	4.837	77.347	10.104	9.207	subject612e34bd1e60d	6I
3249.000	3907.000	681.000	147.975	59.035	0.000	0.000	0.548	2.583	8.384	8.472	3.385	subject612e34bd1e60d	6I
3954.000	4785.000	856.000	329.468	106.304	0.000	0.000	0.548	3.523	91.687	8.164	26.840	subject612e34bd1e60d	6I
4834.000	5047.000	251.000	196.823	136.493	0.000	0.000	0.548	1.589	4.811	3.431	2.178	subject612e34bd1e60d	6I
5109.000	5338.000	255.000	110.643	105.907	0.000	0.000	0.548	1.434	9.115	3.005	3.124	subject612e34bd1e60d	6I
5388.000	5534.000	170.000	320.731	119.412	0.000	0.000	0.548	1.630	2.775	2.650	0.899	subject612e34bd1e60d	6I
5581.000	5871.000	315.000	206.354	93.990	0.000	0.000	0.548	1.861	14.344	5.088	4.095	subject612e34bd1e60d	6I
5919.000	5966.000	71.000	398.570	609.581	0.000	0.000	0.548	1.076	0.000	1.467	0.402	subject612e34bd1e60d	6I
6014.000	6511.000	521.000	223.034	181.776	0.000	0.000	0.548	3.580	28.416	13.559	5.396	subject612e34bd1e60d	6I
6558.000	6606.000	70.000	181.732	168.667	0.000	0.000	0.548	2.181	2.357	2.201	1.325	subject612e34bd1e60d	6I
6648.000	6789.000	164.000	335.028	140.862	0.000	0.000	0.548	1.592	7.624	2.579	2.225	subject612e34bd1e60d	6I
6836.000	7395.000	582.000	230.183	140.068	0.000	0.000	0.548	2.313	9.415	5.916	3.787	subject612e34bd1e60d	6I
7442.000	7996.000	579.000	494.678	180.584	0.000	0.000	0.548	1.942	15.888	8.732	3.811	subject612e34bd1e60d	6I
8045.000	8487.000	465.000	678.952	195.678	0.000	0.000	0.548	1.367	8.926	6.437	2.178	subject612e34bd1e60d	6I
8534.000	9716.000	1206.000	425.576	221.895	0.000	0.000	0.548	2.125	21.323	8.874	4.757	subject612e34bd1e60d	6I
9764.000	10072.000	329.000	606.672	219.511	0.000	0.000	0.548	1.368	8.590	4.401	2.343	subject612e34bd1e60d	6I
10117.000	10489.000	397.000	806.037	229.045	0.000	0.000	0.548	2.119	9.987	8.022	2.462	subject612e34bd1e60d	6I
10537.000	10774.000	260.000	301.668	298.955	0.000	0.000	0.548	1.884	7.628	3.857	2.320	subject612e34bd1e60d	6I
10818.000	11175.000	382.000	397.776	279.889	0.000	0.000	0.548	1.126	5.613	3.431	1.988	subject612e34bd1e60d	6I
11223.000	11502.000	304.000	576.489	423.682	0.000	0.000	0.548	1.436	11.348	3.076	5.112	subject612e34bd1e60d	6I
11552.000	11767.000	239.000	376.330	464.993	0.000	0.000	0.548	3.020	9.175	8.637	1.207	subject612e34bd1e60d	6I
11815.000	12055.000	263.000	346.148	468.171	0.000	0.000	0.548	1.114	2.641	1.917	1.751	subject612e34bd1e60d	6I
12103.000	12250.000	172.000	316.759	426.066	0.000	0.000	0.548	0.197	0.048	0.308	0.379	subject612e34bd1e60d	6I
12346.000	12613.000	293.000	267.514	445.927	0.000	0.000	0.548	0.822	2.199	1.704	1.254	subject612e34bd1e60d	6I
12664.000	12734.000	96.000	327.085	461.021	0.000	0.000	0.548	1.180	0.000	1.917	0.710	subject612e34bd1e60d	6I
12783.000	12880.000	122.000	199.206	520.604	0.000	0.000	0.548	0.818	1.479	1.160	1.160	subject612e34bd1e60d	6I
12930.000	13098.000	188.000	487.530	313.255	0.000	0.000	0.548	0.775	0.412	1.633	1.302	subject612e34bd1e60d	6I
13144.000	13294.000	174.000	622.558	294.189	0.000	0.000	0.548	1.945	9.020	3.005	2.746	subject612e34bd1e60d	6I
13342.000	13438.000	119.000	326.291	396.671	0.000	0.000	0.548	0.789	0.000	0.639	1.444	subject612e34bd1e60d	6I
13485.000	13583.000	123.000	418.427	490.415	0.000	0.000	0.548	0.288	0.000	0.189	0.544	subject612e34bd1e60d	6I
13632.000	13783.000	179.000	357.268	474.526	0.000	0.000	0.548	0.910	0.324	0.473	2.485	subject612e34bd1e60d	6I
13833.000	13985.000	175.000	384.273	236.989	0.000	0.000	0.548	0.414	0.746	0.899	0.757	subject612e34bd1e60d	6I
14031.000	14129.000	123.000	501.827	272.739	0.000	0.000	0.548	1.654	3.509	2.153	1.444	subject612e34bd1e60d	6I
14177.000	14446.000	295.000	844.956	256.056	0.000	0.000	0.548	1.145	3.727	1.917	2.320	subject612e34bd1e60d	6I
14497.000	14663.000	189.000	566.164	323.583	0.000	0.000	0.548	2.343	8.844	3.999	1.870	subject612e34bd1e60d	6I
14713.000	15016.000	326.000	384.273	451.488	0.000	0.000	0.548	1.572	8.682	4.567	2.320	subject612e34bd1e60d	6I
15075.000	15570.000	518.000	338.205	459.432	0.000	0.000	0.548	1.433	4.296	3.431	3.030	subject612e34bd1e60d	6I
15616.000	15902.000	313.000	385.862	450.693	0.000	0.000	0.548	1.247	7.216	4.756	2.320	subject612e34bd1e60d	6I
15953.000	16216.000	288.000	322.319	472.143	0.000	0.000	0.548	0.526	1.897	2.153	1.112	subject612e34bd1e60d	6I
16266.000	16387.000	145.000	293.725	499.154	0.000	0.000	0.548	1.169	3.184	1.869	1.633	subject612e34bd1e60d	6I
16433.000	16553.000	143.000	256.394	562.709	0.000	0.000	0.548	0.716	0.000	1.325	0.899	subject612e34bd1e60d	6I
16600.000	17151.000	574.000	321.128	486.840	0.000	0.000	0.548	1.604	3.760	4.141	1.988	subject612e34bd1e60d	6I
17199.000	17481.000	305.000	223.034	500.743	0.000	0.000	0.548	1.785	19.760	6.934	4.450	subject612e34bd1e60d	6I
17531.000	17626.000	119.000	605.878	958.340	0.000	0.000	0.548	7.496	55.065	10.459	6.982	subject612e34bd1e60d	6I
17674.000	18020.000	374.000	358.062	640.564	0.000	0.000	0.548	2.573	28.898	8.188	6.556	subject612e34bd1e60d	6I
18071.000	18239.000	192.000	313.582	538.876	0.000	0.000	0.548	2.270	14.246	6.650	4.213	subject612e34bd1e60d	6I
18286.000	18384.000	121.000	441.461	325.966	0.000	0.000	0.548	1.134	0.000	1.349	1.822	subject612e34bd1e60d	6I
18428.000	18581.000	177.000	300.874	287.039	0.000	0.000	0.548	1.254	0.984	1.112	3.834	subject612e34bd1e60d	6I
18628.000	18654.000	50.000	454.170	448.310	0.000	0.000	0.548	0.000	NaN	0.000	0.000	subject612e34bd1e60d	6I
18702.000	19069.000	390.000	391.422	455.460	0.000	0.000	0.548	1.287	8.426	2.792	3.148	subject612e34bd1e60d	6I
19125.000	19200.000	99.000	188.880	540.068	0.000	0.000	0.548	0.396	NaN	0.000	0.686	subject612e34bd1e60d	6I
19248.000	19487.000	263.000	328.674	577.009	0.000	0.000	0.548	1.227	3.271	3.005	1.254	subject612e34bd1e60d	6I
19536.000	20232.000	719.000	414.456	598.459	0.000	0.000	0.548	1.709	12.634	10.862	2.651	subject612e34bd1e60d	6I
20278.000	21178.000	923.000	497.061	626.264	0.000	0.000	0.548	1.925	8.862	6.934	3.243	subject612e34bd1e60d	6I
21233.000	21259.000	51.000	389.833	613.553	0.000	0.000	0.548	0.000	NaN	0.000	0.000	subject612e34bd1e60d	6I
21308.000	22008.000	723.000	308.817	611.170	0.000	0.000	0.548	1.822	16.997	11.572	2.556	subject612e34bd1e60d	6I
22055.000	22152.000	120.000	179.349	554.765	0.000	0.000	0.548	0.461	0.000	0.615	0.686	subject612e34bd1e60d	6I
22200.000	22273.000	101.000	301.668	585.748	0.000	0.000	0.548	0.070	0.000	0.024	0.118	subject612e34bd1e60d	6I
22325.000	22421.000	120.000	258.777	594.487	0.000	0.000	0.548	0.488	0.000	0.899	0.379	subject612e34bd1e60d	6I
22468.000	22562.000	118.000	331.056	631.031	0.000	0.000	0.548	1.254	0.000	1.325	2.130	subject612e34bd1e60d	6I
22612.000	22707.000	119.000	426.370	1018.717	0.000	0.000	0.548	0.663	0.000	0.047	1.325	subject612e34bd1e60d	6I
22754.000	22835.000	104.000	404.527	744.238	0.000	0.000	0.548	2.232	0.000	0.260	3.858	subject612e34bd1e60d	6I
22882.000	22980.000	121.000	542.335	673.930	0.000	0.000	0.548	0.597	0.000	0.757	0.923	subject612e34bd1e60d	6I
23027.000	23234.000	232.000	606.275	607.992	0.000	0.000	0.548	1.832	10.043	4.685	2.556	subject612e34bd1e60d	6I
23283.000	23457.000	199.000	400.159	564.298	0.000	0.000	0.548	0.641	0.055	1.136	1.609	subject612e34bd1e60d	6I
23506.000	23601.000	116.000	424.782	511.071	0.000	0.000	0.548	0.338	0.030	0.379	0.402	subject612e34bd1e60d	6I
23646.000	24004.000	382.000	379.508	507.893	0.000	0.000	0.548	2.103	7.691	5.277	2.130	subject612e34bd1e60d	6I
24052.000	24146.000	118.000	446.227	533.315	0.000	0.000	0.548	0.488	0.000	0.237	0.947	subject612e34bd1e60d	6I
24194.000	25176.000	1007.000	427.959	526.959	0.000	0.000	0.548	1.778	17.218	11.619	3.645	subject612e34bd1e60d	6I
25228.000	25373.000	172.000	492.295	635.003	0.000	0.000	0.548	2.176	1.468	1.160	5.160	subject612e34bd1e60d	6I
25421.000	25520.000	121.000	613.820	589.720	0.000	0.000	0.548	0.305	0.018	0.592	0.095	subject612e34bd1e60d	6I
25563.000	25658.000	119.000	574.106	619.114	0.000	0.000	0.548	0.311	0.000	0.473	0.402	subject612e34bd1e60d	6I
25702.000	25843.000	165.000	538.364	609.581	0.000	0.000	0.548	0.688	0.212	2.295	0.568	subject612e34bd1e60d	6I
25893.000	26131.000	261.000	563.781	609.581	0.000	0.000	0.548	0.798	0.891	3.976	1.136	subject612e34bd1e60d	6I
26178.000	26201.000	46.000	678.952	582.570	0.000	0.000	0.548	0.000	NaN	0.000	0.000	subject612e34bd1e60d	6I
26247.000	26337.000	115.000	609.055	550.792	0.000	0.000	0.548	0.435	0.000	0.639	0.592	subject612e34bd1e60d	6I
26387.000	26459.000	99.000	644.003	615.936	0.000	0.000	0.548	0.575	0.000	0.426	0.899	subject612e34bd1e60d	6I
26510.000	26631.000	142.000	577.681	565.490	0.000	0.000	0.548	0.270	0.000	0.544	0.260	subject612e34bd1e60d	6I
26675.000	26746.000	97.000	371.168	580.187	0.000	0.000	0.548	0.985	0.000	0.071	1.704	subject612e34bd1e60d	6I
26795.000	26959.000	187.000	329.468	550.792	0.000	0.000	0.548	0.390	0.134	0.142	0.876	subject612e34bd1e60d	6I
27006.000	27976.000	994.000	369.182	515.043	0.000	0.000	0.548	3.742	42.066	9.891	7.740	subject612e34bd1e60d	6I
28024.000	28267.000	265.000	265.131	596.075	0.000	0.000	0.548	0.675	1.979	1.609	0.994	subject612e34bd1e60d	6I
28312.000	28458.000	171.000	228.594	541.259	0.000	0.000	0.548	0.911	2.793	2.390	0.757	subject612e34bd1e60d	6I
28506.000	28671.000	188.000	409.690	592.103	0.000	0.000	0.548	0.505	0.899	1.585	0.544	subject612e34bd1e60d	6I
28718.000	28814.000	120.000	398.570	607.198	0.000	0.000	0.548	0.290	0.000	0.118	0.568	subject612e34bd1e60d	6I
28863.000	29134.000	294.000	98.332	558.737	0.000	0.000	0.548	0.922	3.147	2.082	1.538	subject612e34bd1e60d	6I
29190.000	29286.000	121.000	151.549	582.570	0.000	0.000	0.548	0.626	0.000	1.160	0.473	subject612e34bd1e60d	6I
29336.000	29505.000	193.000	202.383	541.259	0.000	0.000	0.548	0.217	0.045	0.592	0.426	subject612e34bd1e60d	6I
29553.000	29897.000	368.000	318.348	555.559	0.000	0.000	0.548	0.997	7.002	4.662	1.751	subject612e34bd1e60d	6I
29956.000	30099.000	168.000	318.348	603.225	0.000	0.000	0.548	0.687	1.723	0.994	1.278	subject612e34bd1e60d	6I
30148.000	30313.000	188.000	200.000	911.468	0.000	0.000	0.548	2.971	27.446	2.461	10.130	subject612e34bd1e60d	6I
30361.000	31502.000	1164.000	190.469	71.746	0.000	0.000	0.548	1.937	35.124	7.005	11.763	subject612e34bd1e60d	6I
31547.000	31754.000	232.000	483.161	88.032	0.000	0.000	0.548	3.650	20.310	8.211	2.840	subject612e34bd1e60d	6I
31803.000	31969.000	190.000	995.075	568.270	0.000	0.000	0.548	5.764	49.188	11.548	4.970	subject612e34bd1e60d	6I
32013.000	32106.000	117.000	1059.412	549.204	0.000	0.000	0.548	0.914	1.109	1.609	1.207	subject612e34bd1e60d	6I
32152.000	32324.000	195.000	1064.178	619.909	0.000	0.000	0.548	1.883	10.224	3.455	2.509	subject612e34bd1e60d	6I
32370.000	33074.000	728.000	354.091	497.962	0.000	0.000	0.548	3.310	41.707	12.092	12.639	subject612e34bd1e60d	6I
33122.000	33194.000	95.000	415.250	494.785	0.000	0.000	0.548	0.523	0.000	0.852	0.308	subject612e34bd1e60d	6I
33241.000	33334.000	117.000	254.011	466.582	0.000	0.000	0.548	2.105	1.768	1.822	2.627	subject612e34bd1e60d	6I
33383.000	33933.000	577.000	255.203	103.523	0.000	0.000	0.548	2.397	16.443	10.530	3.811	subject612e34bd1e60d	6I
33983.000	34077.000	118.000	493.884	96.373	0.000	0.000	0.548	1.015	0.000	1.727	1.065	subject612e34bd1e60d	6I
34125.000	34713.000	613.000	164.257	96.373	0.000	0.000	0.548	1.977	12.916	6.318	3.834	subject612e34bd1e60d	6I
34762.000	35331.000	593.000	-29.547	108.290	0.000	0.000	0.548	2.360	13.930	8.306	2.462	subject612e34bd1e60d	6I
35378.000	35527.000	174.000	336.616	321.200	0.000	0.000	0.548	1.556	8.369	2.485	4.071	subject612e34bd1e60d	6I
35576.000	35738.000	185.000	341.779	475.321	0.000	0.000	0.548	1.696	2.649	4.330	1.089	subject612e34bd1e60d	6I
35784.000	36620.000	861.000	519.301	550.792	0.000	0.000	0.548	1.844	27.262	13.062	3.290	subject612e34bd1e60d	6I
36669.000	36910.000	264.000	511.358	687.436	0.000	0.000	0.548	1.177	1.707	1.917	4.521	subject612e34bd1e60d	6I
36958.000	37441.000	507.000	327.879	592.103	0.000	0.000	0.548	1.463	7.321	5.159	2.627	subject612e34bd1e60d	6I
37488.000	38607.000	1144.000	248.451	567.476	0.000	0.000	0.548	2.685	26.067	13.891	4.592	subject612e34bd1e60d	6I
38655.000	38780.000	149.000	262.748	484.854	0.000	0.000	0.548	0.445	0.000	0.047	0.994	subject612e34bd1e60d	6I
38828.000	39194.000	390.000	368.785	536.890	0.000	0.000	0.548	3.184	23.589	7.312	3.787	subject612e34bd1e60d	6I
39248.000	39395.000	171.000	234.948	514.248	0.000	0.000	0.548	2.761	8.043	4.733	3.101	subject612e34bd1e60d	6I
39440.000	39918.000	502.000	329.468	521.398	0.000	0.000	0.548	1.447	5.331	4.685	2.130	subject612e34bd1e60d	6I
39966.000	40204.000	259.000	572.518	294.189	0.000	0.000	0.548	2.429	8.940	4.614	2.130	subject612e34bd1e60d	6I
40250.000	40398.000	172.000	698.014	263.206	0.000	0.000	0.548	2.225	15.000	4.827	2.722	subject612e34bd1e60d	6I
40447.000	40679.000	255.000	941.064	298.161	0.000	0.000	0.548	0.886	2.879	1.396	2.343	subject612e34bd1e60d	6I
40725.000	41443.000	741.000	462.113	546.026	0.000	0.000	0.548	2.258	14.669	6.721	3.550	subject612e34bd1e60d	6I
41491.000	41704.000	236.000	323.114	468.965	0.000	0.000	0.548	3.987	27.688	9.158	4.331	subject612e34bd1e60d	6I
41750.000	41922.000	197.000	768.705	370.455	0.000	0.000	0.548	1.128	6.206	2.035	2.675	subject612e34bd1e60d	6I
41973.000	42089.000	139.000	664.257	321.200	0.000	0.000	0.548	0.623	0.674	0.592	1.278	subject612e34bd1e60d	6I
42135.000	42253.000	142.000	551.867	321.597	0.000	0.000	0.548	1.795	2.454	3.692	0.757	subject612e34bd1e60d	6I
42301.000	42448.000	173.000	947.419	294.983	0.000	0.000	0.548	1.301	4.659	3.881	1.988	subject612e34bd1e60d	6I
42497.000	42662.000	188.000	869.976	275.917	0.000	0.000	0.548	1.294	4.645	2.461	2.651	subject612e34bd1e60d	6I
42711.000	42805.000	119.000	408.102	405.410	0.000	0.000	0.548	1.135	1.706	1.585	0.686	subject612e34bd1e60d	6I
42854.000	43028.000	200.000	279.428	402.630	0.000	0.000	0.548	1.114	5.430	2.011	2.201	subject612e34bd1e60d	6I
43080.000	43501.000	442.000	311.199	497.565	0.000	0.000	0.548	3.323	11.612	6.247	4.639	subject612e34bd1e60d	6I
43547.000	43885.000	363.000	629.706	275.917	0.000	0.000	0.548	2.383	9.092	5.324	3.172	subject612e34bd1e60d	6I
43935.000	44093.000	183.000	881.493	266.383	0.000	0.000	0.548	1.435	6.252	4.330	1.467	subject612e34bd1e60d	6I
44142.000	44585.000	470.000	478.793	468.171	0.000	0.000	0.548	1.852	11.512	5.419	3.882	subject612e34bd1e60d	6I
44636.000	44736.000	124.000	458.936	429.243	0.000	0.000	0.548	0.435	0.000	0.805	0.331	subject612e34bd1e60d	6I
44780.000	44850.000	91.000	342.971	485.648	0.000	0.000	0.548	0.877	0.000	0.923	1.207	subject612e34bd1e60d	6I
44912.000	44986.000	100.000	431.930	424.477	0.000	0.000	0.548	0.220	0.000	0.379	0.047	subject612e34bd1e60d	6I
45038.000	45141.000	126.000	387.450	456.254	0.000	0.000	0.548	0.356	0.000	0.710	0.047	subject612e34bd1e60d	6I
45190.000	45335.000	170.000	458.141	496.771	0.000	0.000	0.548	0.439	0.643	0.308	1.396	subject612e34bd1e60d	6I
45385.000	45552.000	190.000	485.941	459.035	0.000	0.000	0.548	1.611	8.404	5.064	2.012	subject612e34bd1e60d	6I
45598.000	45838.000	263.000	439.873	479.293	0.000	0.000	0.548	0.949	2.037	4.543	1.538	subject612e34bd1e60d	6I
45885.000	46912.000	1053.000	575.695	255.261	0.000	0.000	0.548	1.689	11.992	8.211	3.740	subject612e34bd1e60d	6I
46960.000	47397.000	460.000	871.168	255.261	0.000	0.000	0.548	1.195	2.574	2.958	1.609	subject612e34bd1e60d	6I
47444.000	47883.000	462.000	474.027	463.404	0.000	0.000	0.548	2.243	11.626	4.780	5.089	subject612e34bd1e60d	6I
47929.000	47954.000	48.000	480.381	436.393	0.000	0.000	0.548	0.000	NaN	0.000	0.000	subject612e34bd1e60d	6I
48001.000	48100.000	123.000	449.404	511.865	0.000	0.000	0.548	0.450	0.000	0.899	0.000	subject612e34bd1e60d	6I
48148.000	48418.000	294.000	403.336	509.879	0.000	0.000	0.548	0.562	0.963	1.822	1.396	subject612e34bd1e60d	6I
48464.000	48707.000	268.000	305.639	226.661	0.000	0.000	0.548	1.500	13.505	6.508	3.006	subject612e34bd1e60d	6I
48757.000	48936.000	200.000	438.681	220.703	0.000	0.000	0.548	2.048	13.141	3.005	3.858	subject612e34bd1e60d	6I
48984.000	49322.000	363.000	636.855	262.411	0.000	0.000	0.548	1.571	6.149	4.756	2.012	subject612e34bd1e60d	6I
49371.000	49538.000	191.000	940.667	341.458	0.000	0.000	0.548	2.548	9.089	6.768	1.775	subject612e34bd1e60d	6I
49586.000	51105.000	1542.000	485.147	435.599	0.000	0.000	0.548	2.226	17.606	9.750	4.592	subject612e34bd1e60d	6I
51151.000	52335.000	1210.000	390.627	521.398	0.000	0.000	0.548	2.274	20.980	9.182	8.686	subject612e34bd1e60d	6I
52384.000	52824.000	464.000	310.405	511.865	0.000	0.000	0.548	1.861	6.786	4.756	2.509	subject612e34bd1e60d	6I
52869.000	52894.000	48.000	650.357	391.905	0.000	0.000	0.548	0.000	NaN	0.000	0.000	subject612e34bd1e60d	6I
52940.000	53232.000	315.000	875.933	293.394	0.000	0.000	0.548	0.513	1.176	1.396	1.491	subject612e34bd1e60d	6I
53278.000	53372.000	115.000	620.969	262.411	0.000	0.000	0.548	0.285	0.000	0.047	0.568	subject612e34bd1e60d	6I
53416.000	53587.000	192.000	642.415	234.606	0.000	0.000	0.548	0.310	0.360	0.473	0.497	subject612e34bd1e60d	6I
53633.000	53780.000	173.000	553.455	213.950	0.000	0.000	0.548	1.517	6.767	1.680	2.959	subject612e34bd1e60d	6I
53829.000	54395.000	590.000	423.193	404.616	0.000	0.000	0.548	1.049	3.204	1.798	2.391	subject612e34bd1e60d	6I
54442.000	55423.000	1007.000	523.272	326.761	0.000	0.000	0.548	2.257	33.077	10.507	7.479	subject612e34bd1e60d	6I
55475.000	55985.000	537.000	504.210	434.010	0.000	0.000	0.548	1.425	10.038	6.555	2.746	subject612e34bd1e60d	6I
56036.000	56239.000	227.000	1033.598	656.453	0.000	0.000	0.548	1.488	3.967	1.964	3.030	subject612e34bd1e60d	6I
56289.000	56528.000	261.000	1013.344	684.258	0.000	0.000	0.548	1.800	11.335	5.490	2.509	subject612e34bd1e60d	6I
56574.000	57566.000	1019.000	1261.954	710.872	0.000	0.000	0.548	4.417	29.137	12.116	6.177	subject612e34bd1e60d	6I
1.000	273.000	296.000	1204.766	538.081	0.000	0.000	0.544	2.092	7.901	5.679	2.556	subject612e34bd1e60d	9S
321.000	539.000	248.000	489.118	191.706	0.000	0.000	0.544	5.693	100.397	14.080	9.751	subject612e34bd1e60d	9S
593.000	743.000	176.000	-0.953	0.246	0.000	0.000	0.544	2.306	10.586	5.064	2.320	subject612e34bd1e60d	9S
793.000	866.000	97.000	649.166	488.032	0.000	0.000	0.544	2.415	8.245	3.479	1.846	subject612e34bd1e60d	9S
914.000	2069.000	1179.000	-81.176	205.212	0.000	0.000	0.544	4.609	67.750	16.778	8.876	subject612e34bd1e60d	9S
2116.000	2202.000	111.000	15.727	83.265	0.000	0.000	0.544	2.522	8.919	4.047	2.556	subject612e34bd1e60d	9S
2262.000	2404.000	166.000	84.829	221.100	0.000	0.000	0.544	2.654	15.595	8.779	2.722	subject612e34bd1e60d	9S
2453.000	2618.000	186.000	667.037	129.740	0.000	0.000	0.544	1.881	17.163	5.348	4.639	subject612e34bd1e60d	9S
2662.000	3698.000	1062.000	477.204	144.437	0.000	0.000	0.544	4.579	66.881	17.393	9.515	subject612e34bd1e60d	9S
3755.000	4114.000	383.000	-161.398	115.440	0.000	0.000	0.544	5.615	56.534	15.050	6.438	subject612e34bd1e60d	9S
4163.000	4405.000	265.000	110.246	17.724	0.000	0.000	0.544	4.669	33.751	13.346	4.308	subject612e34bd1e60d	9S
4453.000	4601.000	169.000	61.001	127.357	0.000	0.000	0.544	2.387	13.826	9.844	2.982	subject612e34bd1e60d	9S
4645.000	5445.000	824.000	57.029	91.210	0.000	0.000	0.544	3.147	37.148	16.115	5.373	subject612e34bd1e60d	9S
5493.000	5567.000	98.000	-71.644	231.031	0.000	0.000	0.544	3.682	23.814	3.337	4.544	subject612e34bd1e60d	9S
5615.000	6054.000	463.000	333.439	176.612	0.000	0.000	0.544	2.636	29.178	13.843	4.237	subject612e34bd1e60d	9S
6101.000	6712.000	637.000	620.969	219.114	0.000	0.000	0.544	2.581	30.890	7.146	12.047	subject612e34bd1e60d	9S
6762.000	6858.000	122.000	525.655	301.339	0.000	0.000	0.544	1.490	0.000	1.491	2.580	subject612e34bd1e60d	9S
6909.000	7127.000	243.000	591.978	283.464	0.000	0.000	0.544	1.972	15.952	3.455	5.609	subject612e34bd1e60d	9S
7176.000	7820.000	668.000	661.477	253.672	0.000	0.000	0.544	3.379	25.490	10.885	5.704	subject612e34bd1e60d	9S
7868.000	8087.000	243.000	881.493	180.584	0.000	0.000	0.544	1.480	2.621	2.556	2.107	subject612e34bd1e60d	9S
8134.000	9000.000	889.000	-89.118	226.661	0.000	0.000	0.544	1.881	9.894	4.804	4.450	subject612e34bd1e60d	9S
9047.000	9146.000	122.000	407.307	488.826	0.000	0.000	0.544	4.950	1.553	7.975	4.189	subject612e34bd1e60d	9S
9191.000	9745.000	578.000	223.431	269.561	0.000	0.000	0.544	2.559	16.136	5.324	4.923	subject612e34bd1e60d	9S
9792.000	10256.000	490.000	369.976	364.099	0.000	0.000	0.544	3.358	18.085	7.383	4.095	subject612e34bd1e60d	9S
10308.000	10917.000	630.000	663.066	189.323	0.000	0.000	0.544	1.238	5.782	2.863	3.621	subject612e34bd1e60d	9S
10963.000	11113.000	175.000	908.499	201.239	0.000	0.000	0.544	0.394	0.086	0.142	1.302	subject612e34bd1e60d	9S
11162.000	11595.000	457.000	970.453	194.089	0.000	0.000	0.544	2.595	11.783	11.903	1.988	subject612e34bd1e60d	9S
11643.000	12134.000	516.000	-112.153	229.839	0.000	0.000	0.544	1.983	18.585	7.596	3.882	subject612e34bd1e60d	9S
12184.000	12234.000	74.000	-197.141	226.661	0.000	0.000	0.544	0.761	0.000	0.757	0.071	subject612e34bd1e60d	9S
12282.000	12496.000	238.000	80.858	213.156	0.000	0.000	0.544	1.320	2.645	2.437	1.704	subject612e34bd1e60d	9S
12545.000	13112.000	589.000	313.185	267.972	0.000	0.000	0.544	3.250	9.039	10.885	3.669	subject612e34bd1e60d	9S
13159.000	13521.000	386.000	524.861	275.917	0.000	0.000	0.544	2.178	21.423	5.987	5.160	subject612e34bd1e60d	9S
13569.000	13930.000	385.000	790.945	291.011	0.000	0.000	0.544	2.511	15.351	10.459	3.858	subject612e34bd1e60d	9S
13977.000	14069.000	115.000	119.778	241.756	0.000	0.000	0.544	2.332	7.067	2.887	2.509	subject612e34bd1e60d	9S
14115.000	14962.000	870.000	9.373	360.922	0.000	0.000	0.544	3.228	27.119	10.246	4.544	subject612e34bd1e60d	9S
15009.000	15228.000	246.000	227.800	314.050	0.000	0.000	0.544	1.192	5.456	3.573	1.870	subject612e34bd1e60d	9S
15279.000	15450.000	196.000	698.411	503.126	0.000	0.000	0.544	3.317	48.239	8.992	7.243	subject612e34bd1e60d	9S
15498.000	15664.000	190.000	449.404	247.317	0.000	0.000	0.544	1.972	10.024	3.952	3.479	subject612e34bd1e60d	9S
15713.000	16071.000	378.000	507.387	279.889	0.000	0.000	0.544	1.603	11.347	4.023	4.923	subject612e34bd1e60d	9S
16117.000	16411.000	318.000	599.523	258.439	0.000	0.000	0.544	2.479	12.552	8.566	2.035	subject612e34bd1e60d	9S
16465.000	16841.000	400.000	382.685	349.402	0.000	0.000	0.544	1.298	7.520	2.698	3.882	subject612e34bd1e60d	9S
16891.000	17159.000	291.000	601.906	293.791	0.000	0.000	0.544	3.500	22.320	9.442	3.598	subject612e34bd1e60d	9S
17223.000	17496.000	300.000	472.041	321.994	0.000	0.000	0.544	4.046	30.775	11.974	4.213	subject612e34bd1e60d	9S
17548.000	17841.000	316.000	795.711	239.372	0.000	0.000	0.544	4.099	144.012	24.019	8.947	subject612e34bd1e60d	9S
17886.000	18054.000	193.000	-46.624	256.850	0.000	0.000	0.544	2.031	7.432	4.898	1.562	subject612e34bd1e60d	9S
18103.000	19276.000	1195.000	10.961	275.122	0.000	0.000	0.544	2.245	11.242	9.868	3.172	subject612e34bd1e60d	9S
19322.000	19967.000	667.000	264.337	327.555	0.000	0.000	0.544	3.203	51.706	14.719	5.444	subject612e34bd1e60d	9S
20015.000	20328.000	336.000	707.546	200.445	0.000	0.000	0.544	2.549	6.927	7.241	5.112	subject612e34bd1e60d	9S
20374.000	20522.000	173.000	836.219	209.184	0.000	0.000	0.544	0.748	0.739	1.538	0.450	subject612e34bd1e60d	9S
20571.000	21339.000	791.000	-112.153	288.628	0.000	0.000	0.544	2.427	32.472	8.779	6.130	subject612e34bd1e60d	9S
21383.000	22160.000	801.000	357.268	326.761	0.000	0.000	0.544	2.055	23.135	10.317	4.686	subject612e34bd1e60d	9S
22208.000	22316.000	131.000	581.255	286.244	0.000	0.000	0.544	0.551	0.000	0.970	0.521	subject612e34bd1e60d	9S
22361.000	22504.000	166.000	728.991	249.700	0.000	0.000	0.544	2.977	10.479	7.099	2.675	subject612e34bd1e60d	9S
22550.000	22786.000	256.000	193.646	329.938	0.000	0.000	0.544	3.587	19.143	8.259	3.101	subject612e34bd1e60d	9S
22836.000	22991.000	176.000	96.346	332.322	0.000	0.000	0.544	0.769	1.216	0.686	1.822	subject612e34bd1e60d	9S
23035.000	23252.000	243.000	227.800	308.489	0.000	0.000	0.544	1.784	1.222	3.715	1.183	subject612e34bd1e60d	9S
23302.000	23469.000	190.000	388.245	291.805	0.000	0.000	0.544	0.716	1.232	2.414	0.757	subject612e34bd1e60d	9S
23513.000	23752.000	262.000	377.125	319.611	0.000	0.000	0.544	0.764	1.063	1.656	1.112	subject612e34bd1e60d	9S
23798.000	24221.000	447.000	650.357	311.666	0.000	0.000	0.544	2.359	19.484	10.838	2.012	subject612e34bd1e60d	9S
24265.000	24570.000	328.000	-73.233	312.064	0.000	0.000	0.544	2.164	8.118	8.779	1.846	subject612e34bd1e60d	9S
24618.000	24858.000	263.000	116.600	321.994	0.000	0.000	0.544	2.419	11.101	4.662	2.982	subject612e34bd1e60d	9S
24905.000	25128.000	246.000	240.111	322.788	0.000	0.000	0.544	0.450	1.206	1.420	0.805	subject612e34bd1e60d	9S
25175.000	25322.000	170.000	350.119	304.516	0.000	0.000	0.544	2.705	10.754	5.514	1.799	subject612e34bd1e60d	9S
25370.000	25662.000	316.000	-35.902	343.444	0.000	0.000	0.544	2.179	7.183	4.851	2.438	subject612e34bd1e60d	9S
25710.000	25879.000	193.000	505.004	421.299	0.000	0.000	0.544	3.903	14.453	3.242	9.041	subject612e34bd1e60d	9S
25927.000	26077.000	174.000	311.199	336.294	0.000	0.000	0.544	2.940	28.726	4.543	6.130	subject612e34bd1e60d	9S
26126.000	26151.000	46.000	651.152	554.367	0.000	0.000	0.544	3.546	0.000	2.887	2.059	subject612e34bd1e60d	9S
26195.000	26341.000	171.000	257.188	405.410	0.000	0.000	0.544	3.129	36.131	8.992	6.769	subject612e34bd1e60d	9S
26390.000	26776.000	409.000	276.251	351.388	0.000	0.000	0.544	1.820	11.109	6.460	3.172	subject612e34bd1e60d	9S
26823.000	26900.000	102.000	-56.553	371.249	0.000	0.000	0.544	1.234	0.000	2.130	0.189	subject612e34bd1e60d	9S
26950.000	27048.000	123.000	31.612	314.050	0.000	0.000	0.544	0.991	0.000	1.656	1.089	subject612e34bd1e60d	9S
27098.000	27237.000	164.000	-89.118	335.500	0.000	0.000	0.544	0.686	1.182	1.278	0.781	subject612e34bd1e60d	9S
27284.000	27381.000	122.000	73.709	326.761	0.000	0.000	0.544	0.216	0.000	0.071	0.426	subject612e34bd1e60d	9S
27430.000	27948.000	538.000	505.798	351.388	0.000	0.000	0.544	3.183	52.337	10.554	6.272	subject612e34bd1e60d	9S
27993.000	28551.000	581.000	223.828	296.175	0.000	0.000	0.544	2.358	8.863	5.798	3.953	subject612e34bd1e60d	9S
28598.000	29432.000	859.000	350.913	358.538	0.000	0.000	0.544	2.986	42.387	13.157	5.870	subject612e34bd1e60d	9S
29481.000	29927.000	471.000	676.569	292.203	0.000	0.000	0.544	2.486	15.342	5.940	4.142	subject612e34bd1e60d	9S
29975.000	30191.000	240.000	867.196	217.923	0.000	0.000	0.544	3.741	11.149	7.407	1.964	subject612e34bd1e60d	9S
30242.000	30459.000	239.000	55.441	328.350	0.000	0.000	0.544	1.501	11.134	5.064	2.651	subject612e34bd1e60d	9S
30505.000	30945.000	463.000	99.126	343.444	0.000	0.000	0.544	2.214	13.058	6.721	3.030	subject612e34bd1e60d	9S
30994.000	31162.000	192.000	261.557	343.444	0.000	0.000	0.544	1.146	1.958	1.633	3.219	subject612e34bd1e60d	9S
31210.000	31365.000	179.000	207.943	410.177	0.000	0.000	0.544	1.627	6.524	3.029	1.467	subject612e34bd1e60d	9S
31414.000	31721.000	330.000	327.879	327.555	0.000	0.000	0.544	1.045	5.935	2.130	3.763	subject612e34bd1e60d	9S
31768.000	31892.000	150.000	413.264	371.249	0.000	0.000	0.544	1.618	4.698	1.751	2.840	subject612e34bd1e60d	9S
31954.000	32100.000	171.000	598.729	322.788	0.000	0.000	0.544	4.936	37.700	8.306	6.651	subject612e34bd1e60d	9S
32148.000	32393.000	268.000	605.083	259.233	0.000	0.000	0.544	1.163	3.682	1.704	2.580	subject612e34bd1e60d	9S
32441.000	32584.000	169.000	613.820	325.172	0.000	0.000	0.544	0.908	0.781	2.508	0.568	subject612e34bd1e60d	9S
32634.000	32730.000	120.000	584.432	364.099	0.000	0.000	0.544	0.092	0.000	0.142	0.118	subject612e34bd1e60d	9S
32777.000	32943.000	189.000	817.951	371.249	0.000	0.000	0.544	1.073	1.657	2.698	0.615	subject612e34bd1e60d	9S
32990.000	33223.000	256.000	958.539	337.088	0.000	0.000	0.544	1.540	5.774	2.390	2.769	subject612e34bd1e60d	9S
33270.000	33562.000	315.000	45.115	349.005	0.000	0.000	0.544	2.032	12.062	10.625	3.408	subject612e34bd1e60d	9S
33608.000	34122.000	538.000	108.658	392.699	0.000	0.000	0.544	1.202	3.659	2.816	2.817	subject612e34bd1e60d	9S
34171.000	34458.000	311.000	852.899	358.538	0.000	0.000	0.544	2.751	9.628	8.495	1.775	subject612e34bd1e60d	9S
34505.000	34650.000	169.000	275.457	325.966	0.000	0.000	0.544	4.695	13.478	7.643	3.361	subject612e34bd1e60d	9S
34699.000	34862.000	187.000	342.971	404.218	0.000	0.000	0.544	2.860	13.290	5.182	3.763	subject612e34bd1e60d	9S
34910.000	35084.000	197.000	55.044	356.949	0.000	0.000	0.544	2.673	11.813	5.963	4.852	subject612e34bd1e60d	9S
35131.000	35346.000	239.000	253.217	350.197	0.000	0.000	0.544	1.038	3.035	2.745	2.130	subject612e34bd1e60d	9S
35395.000	35518.000	151.000	420.810	337.883	0.000	0.000	0.544	0.934	0.000	1.917	0.828	subject612e34bd1e60d	9S
35571.000	36105.000	557.000	470.056	396.671	0.000	0.000	0.544	2.141	30.908	11.808	5.728	subject612e34bd1e60d	9S
36152.000	36294.000	168.000	823.511	313.255	0.000	0.000	0.544	1.230	2.645	1.656	1.917	subject612e34bd1e60d	9S
36344.000	36643.000	323.000	6.195	360.922	0.000	0.000	0.544	3.309	28.807	12.637	3.361	subject612e34bd1e60d	9S
36691.000	37067.000	401.000	181.732	385.152	0.000	0.000	0.544	1.794	7.262	3.905	2.627	subject612e34bd1e60d	9S
37116.000	37458.000	369.000	301.668	328.350	0.000	0.000	0.544	2.198	11.668	6.200	3.645	subject612e34bd1e60d	9S
37509.000	38013.000	529.000	1053.852	572.242	0.000	0.000	0.544	2.195	17.849	5.419	6.414	subject612e34bd1e60d	9S
38061.000	38502.000	464.000	712.311	712.858	0.000	0.000	0.544	3.963	56.393	11.903	13.538	subject612e34bd1e60d	9S
38546.000	38907.000	385.000	638.443	87.635	0.000	0.000	0.544	3.724	21.437	9.229	5.112	subject612e34bd1e60d	9S
38956.000	39466.000	533.000	551.867	94.785	0.000	0.000	0.544	2.361	13.471	7.975	2.817	subject612e34bd1e60d	9S
39512.000	39734.000	245.000	597.141	89.223	0.000	0.000	0.544	2.523	12.134	6.129	3.692	subject612e34bd1e60d	9S
39782.000	39930.000	171.000	1026.052	480.087	0.000	0.000	0.544	1.714	7.617	3.289	2.249	subject612e34bd1e60d	9S
39978.000	40021.000	67.000	1118.189	398.260	0.000	0.000	0.544	0.000	NaN	0.000	0.000	subject612e34bd1e60d	9S
40071.000	40371.000	325.000	1103.098	537.287	0.000	0.000	0.544	1.584	5.222	5.703	1.562	subject612e34bd1e60d	9S
