FixStart	FixEnd	FixDur	XPos	YPos	FlankedByDataLoss	Fraction Interpolated	WeightCutoff	RMSxy	BCEA	FixRangeX	FixRangeY	Participant	Trial
1.000	337.000	380.000	1174.978	434.380	0.000	0.000	0.641	8.171	79.903	6.212	22.935	subject613a64a724765	10S
431.000	1625.000	1235.000	145.697	551.583	0.000	0.000	0.641	6.933	337.507	20.355	34.680	subject613a64a724765	10S
1704.000	2237.000	569.000	260.160	749.585	0.000	0.000	0.641	5.038	94.928	11.024	18.279	subject613a64a724765	10S
2311.000	3078.000	807.000	559.184	740.706	0.000	0.000	0.641	6.071	116.291	13.138	22.406	subject613a64a724765	10S
3160.000	3279.000	159.000	669.654	783.769	0.000	0.000	0.641	3.986	18.644	3.542	4.206	subject613a64a724765	10S
3359.000	4317.000	997.000	200.266	196.866	0.000	0.000	0.641	6.210	72.999	10.944	14.338	subject613a64a724765	10S
4394.000	5212.000	855.000	727.773	283.880	0.000	0.000	0.641	5.908	147.284	17.183	13.279	subject613a64a724765	10S
5288.000	6106.000	857.000	198.935	278.109	0.000	0.000	0.641	5.528	145.042	12.636	17.512	subject613a64a724765	10S
6182.000	6754.000	611.000	853.771	269.230	0.000	0.000	0.641	5.639	151.453	18.373	14.972	subject613a64a724765	10S
6830.000	7479.000	687.000	203.815	261.239	0.000	0.000	0.641	5.597	122.250	14.619	16.374	subject613a64a724765	10S
7555.000	8699.000	1182.000	243.301	295.867	0.000	0.000	0.641	5.906	100.852	13.694	17.168	subject613a64a724765	10S
8775.000	10260.000	1523.000	581.366	167.121	0.000	0.000	0.641	7.179	280.139	38.331	18.067	subject613a64a724765	10S
10336.000	11408.000	1114.000	732.209	304.746	0.000	0.000	0.641	5.541	198.821	22.444	18.570	subject613a64a724765	10S
11489.000	12247.000	796.000	86.247	341.150	0.000	0.000	0.641	4.215	66.240	12.557	12.645	subject613a64a724765	10S
12323.000	12398.000	114.000	-0.710	491.205	0.000	0.000	0.641	2.529	2.312	3.172	0.741	subject613a64a724765	10S
12480.000	12630.000	190.000	76.486	156.466	0.000	0.000	0.641	8.201	44.677	7.693	10.528	subject613a64a724765	10S
12707.000	13506.000	836.000	746.406	358.908	0.000	0.000	0.641	7.439	214.537	20.937	19.496	subject613a64a724765	10S
13579.000	13809.000	272.000	302.751	120.062	0.000	0.000	0.641	3.216	27.198	5.102	7.301	subject613a64a724765	10S
13889.000	13963.000	113.000	629.281	157.354	0.000	0.000	0.641	3.284	4.853	0.952	3.677	subject613a64a724765	10S
14040.000	14492.000	490.000	772.138	299.418	0.000	0.000	0.641	5.997	73.044	10.204	11.295	subject613a64a724765	10S
14568.000	14947.000	418.000	-363.620	241.705	0.000	0.000	0.641	5.958	99.488	9.279	11.798	subject613a64a724765	10S
15025.000	15103.000	116.000	-425.732	514.291	0.000	0.000	0.641	3.878	23.982	5.472	4.338	subject613a64a724765	10S
15177.000	15329.000	190.000	-140.018	322.504	0.000	0.000	0.641	6.299	33.763	10.098	10.740	subject613a64a724765	10S
15404.000	15947.000	584.000	587.578	342.926	0.000	0.000	0.641	5.748	117.882	12.927	15.025	subject613a64a724765	10S
16027.000	16901.000	909.000	297.427	236.377	0.000	0.000	0.641	4.992	109.019	16.549	12.433	subject613a64a724765	10S
16975.000	17205.000	267.000	159.006	23.281	0.000	0.000	0.641	3.473	31.985	5.419	6.216	subject613a64a724765	10S
17277.000	17843.000	604.000	69.388	574.668	0.000	0.000	0.641	6.004	103.985	10.786	17.089	subject613a64a724765	10S
17920.000	18148.000	269.000	340.018	586.211	0.000	0.000	0.641	3.864	28.528	5.261	10.237	subject613a64a724765	10S
18225.000	18378.000	193.000	515.705	282.548	0.000	0.000	0.641	4.009	45.058	4.970	7.909	subject613a64a724765	10S
18456.000	19059.000	646.000	112.866	119.174	0.000	0.000	0.641	4.960	96.842	15.095	10.714	subject613a64a724765	10S
19138.000	19327.000	231.000	598.669	375.778	0.000	0.000	0.641	7.777	24.373	3.225	14.126	subject613a64a724765	10S
19405.000	20492.000	1125.000	336.469	253.248	0.000	0.000	0.641	6.283	315.171	37.512	16.216	subject613a64a724765	10S
20570.000	20760.000	227.000	294.765	347.809	0.000	0.000	0.641	4.323	83.737	10.178	11.295	subject613a64a724765	10S
20835.000	21028.000	230.000	588.909	257.243	0.000	0.000	0.641	2.123	5.758	1.903	6.957	subject613a64a724765	10S
21104.000	21982.000	917.000	183.851	287.432	0.000	0.000	0.641	5.097	95.425	16.654	11.745	subject613a64a724765	10S
22056.000	22549.000	529.000	725.111	501.416	0.000	0.000	0.641	5.883	90.611	9.860	15.819	subject613a64a724765	10S
22621.000	23068.000	483.000	-96.539	301.194	0.000	0.000	0.641	4.672	65.468	7.534	13.650	subject613a64a724765	10S
23146.000	24243.000	1136.000	332.032	365.567	0.000	0.000	0.641	7.251	239.208	21.016	23.490	subject613a64a724765	10S
24322.000	25327.000	1044.000	138.598	524.058	0.000	0.000	0.641	6.561	430.732	42.931	22.009	subject613a64a724765	10S
25402.000	25587.000	221.000	908.341	376.666	0.000	0.000	0.641	5.625	12.325	3.067	11.401	subject613a64a724765	10S
25662.000	26007.000	382.000	88.021	649.252	0.000	0.000	0.641	7.709	179.099	15.967	16.586	subject613a64a724765	10S
26082.000	27321.000	1279.000	318.279	562.238	0.000	0.000	0.641	6.988	282.945	30.982	21.850	subject613a64a724765	10S
27399.000	27963.000	601.000	790.328	421.949	0.000	0.000	0.641	7.658	193.218	19.166	21.083	subject613a64a724765	10S
28037.000	28417.000	418.000	-8.696	410.406	0.000	0.000	0.641	5.281	32.997	4.970	14.390	subject613a64a724765	10S
28492.000	29149.000	694.000	357.764	416.622	0.000	0.000	0.641	4.999	97.803	14.487	11.983	subject613a64a724765	10S
29222.000	29298.000	114.000	818.279	442.371	0.000	0.000	0.641	2.681	13.282	2.908	3.307	subject613a64a724765	10S
29372.000	31418.000	2082.000	248.625	571.117	0.000	0.000	0.641	7.394	241.164	23.713	29.178	subject613a64a724765	10S
31493.000	31720.000	265.000	588.465	1209.518	0.000	0.000	0.641	9.038	110.215	10.495	13.227	subject613a64a724765	10S
31796.000	32027.000	267.000	339.130	1064.790	0.000	0.000	0.641	5.841	70.964	9.147	14.867	subject613a64a724765	10S
32106.000	33485.000	1418.000	1262.378	795.312	0.000	0.000	0.641	6.953	135.682	20.223	19.179	subject613a64a724765	10S
1.000	1.000	60.000	1218.456	735.378	0.000	0.000	0.627	NaN	NaN	0.000	0.000	subject613a64a724765	12S
110.000	1209.000	1136.000	388.820	168.897	0.000	0.000	0.627	5.485	293.180	36.930	19.813	subject613a64a724765	12S
1288.000	2064.000	813.000	223.336	623.059	0.000	0.000	0.627	5.153	72.983	11.975	13.332	subject613a64a724765	12S
2140.000	2295.000	192.000	472.227	577.332	0.000	0.000	0.627	4.569	41.172	6.741	6.031	subject613a64a724765	12S
2371.000	2776.000	450.000	198.935	146.699	0.000	0.000	0.627	6.917	198.446	21.122	19.760	subject613a64a724765	12S
2865.000	4324.000	1496.000	330.701	162.681	0.000	0.000	0.627	5.046	142.723	22.312	14.840	subject613a64a724765	12S
4400.000	5226.000	862.000	646.584	160.906	0.000	0.000	0.627	3.284	44.933	13.376	6.216	subject613a64a724765	12S
5300.000	5950.000	695.000	-31.766	172.004	0.000	0.000	0.627	4.542	69.152	13.376	13.306	subject613a64a724765	12S
6044.000	7021.000	1016.000	332.476	207.521	0.000	0.000	0.627	3.349	41.343	15.993	4.550	subject613a64a724765	12S
7100.000	7524.000	462.000	729.547	79.219	0.000	0.000	0.627	3.604	37.623	10.706	7.328	subject613a64a724765	12S
7603.000	9387.000	1829.000	186.513	165.345	0.000	0.000	0.627	4.041	130.209	23.448	12.777	subject613a64a724765	12S
9473.000	10375.000	940.000	753.505	190.206	0.000	0.000	0.627	3.549	42.879	10.442	7.804	subject613a64a724765	12S
10451.000	11185.000	772.000	56.078	153.802	0.000	0.000	0.627	4.424	58.570	13.746	12.459	subject613a64a724765	12S
11261.000	11302.000	80.000	504.614	408.186	0.000	0.000	0.627	6.158	0.000	2.088	5.793	subject613a64a724765	12S
11380.000	11495.000	161.000	388.820	137.376	0.000	0.000	0.627	2.541	10.787	3.648	2.645	subject613a64a724765	12S
11589.000	12236.000	690.000	304.525	109.407	0.000	0.000	0.627	2.640	30.169	11.182	6.349	subject613a64a724765	12S
12345.000	14508.000	2201.000	421.207	285.212	0.000	0.000	0.627	4.189	182.776	20.567	18.041	subject613a64a724765	12S
14585.000	15255.000	707.000	43.212	258.575	0.000	0.000	0.627	3.800	66.848	12.874	7.857	subject613a64a724765	12S
15332.000	15685.000	398.000	197.604	286.100	0.000	0.000	0.627	3.813	30.210	8.195	5.291	subject613a64a724765	12S
15779.000	16555.000	818.000	487.311	219.507	0.000	0.000	0.627	5.732	229.838	28.947	9.973	subject613a64a724765	12S
16637.000	17222.000	624.000	382.609	174.224	0.000	0.000	0.627	4.508	33.818	8.221	7.116	subject613a64a724765	12S
17299.000	17464.000	203.000	430.524	227.498	0.000	0.000	0.627	2.023	10.822	3.040	3.545	subject613a64a724765	12S
17538.000	19058.000	1559.000	112.866	270.562	0.000	0.000	0.627	4.367	154.651	29.951	12.830	subject613a64a724765	12S
19133.000	19941.000	842.000	532.564	302.082	0.000	0.000	0.627	3.785	73.662	18.373	6.640	subject613a64a724765	12S
20014.000	20207.000	231.000	288.997	386.877	0.000	0.000	0.627	3.137	20.295	3.992	4.814	subject613a64a724765	12S
20283.000	20522.000	284.000	34.783	459.241	0.000	0.000	0.627	2.205	28.096	7.376	5.529	subject613a64a724765	12S
20631.000	22722.000	2129.000	455.368	416.622	0.000	0.000	0.627	3.852	51.180	14.037	11.851	subject613a64a724765	12S
22800.000	23320.000	556.000	361.313	381.105	0.000	0.000	0.627	4.240	37.541	7.323	8.306	subject613a64a724765	12S
23395.000	24308.000	951.000	492.635	159.574	0.000	0.000	0.627	5.355	74.841	12.768	10.819	subject613a64a724765	12S
24386.000	24507.000	160.000	389.707	252.804	0.000	0.000	0.627	2.204	11.713	3.965	2.222	subject613a64a724765	12S
24583.000	24659.000	116.000	262.822	-96.586	0.000	0.000	0.627	3.302	5.021	2.009	4.153	subject613a64a724765	12S
24738.000	24895.000	194.000	489.973	60.573	0.000	0.000	0.627	4.105	25.962	3.807	6.322	subject613a64a724765	12S
24971.000	26062.000	1135.000	252.174	597.754	0.000	0.000	0.627	4.448	39.330	9.464	12.327	subject613a64a724765	12S
26144.000	27254.000	1163.000	1237.090	656.355	0.000	0.000	0.627	4.233	36.367	10.336	8.835	subject613a64a724765	12S
27374.000	28429.000	1092.000	1264.596	661.683	0.000	0.000	0.627	3.312	32.725	7.032	9.708	subject613a64a724765	12S
28509.000	29212.000	751.000	1192.724	676.777	0.000	0.000	0.627	4.433	37.617	6.794	12.354	subject613a64a724765	12S
1.000	71.000	125.000	907.453	797.532	0.000	0.000	0.635	1.095	0.000	1.031	0.370	subject613a64a724765	14S
166.000	447.000	320.000	563.620	245.256	0.000	0.000	0.635	4.048	28.305	5.419	7.566	subject613a64a724765	14S
523.000	2220.000	1735.000	306.300	80.107	0.000	0.000	0.635	3.393	80.721	20.514	11.534	subject613a64a724765	14S
2299.000	2502.000	247.000	884.383	74.335	0.000	0.000	0.635	2.692	17.045	4.917	3.994	subject613a64a724765	14S
2591.000	3013.000	462.000	11.713	124.502	0.000	0.000	0.635	2.963	23.838	7.428	6.269	subject613a64a724765	14S
3091.000	3536.000	484.000	324.046	121.838	0.000	0.000	0.635	4.103	35.993	8.644	6.746	subject613a64a724765	14S
3626.000	3705.000	120.000	469.565	69.452	0.000	0.000	0.635	1.975	4.204	1.348	3.386	subject613a64a724765	14S
3785.000	4364.000	617.000	715.794	98.309	0.000	0.000	0.635	4.355	49.790	12.953	5.899	subject613a64a724765	14S
4448.000	7155.000	2746.000	355.989	123.614	0.000	0.000	0.635	3.630	140.025	34.181	9.073	subject613a64a724765	14S
7234.000	7483.000	287.000	73.824	207.964	0.000	0.000	0.635	6.770	80.684	8.565	11.772	subject613a64a724765	14S
7564.000	7803.000	300.000	373.736	206.189	0.000	0.000	0.635	4.381	40.156	7.085	6.243	subject613a64a724765	14S
7903.000	11672.000	3809.000	335.581	175.112	0.000	0.000	0.635	4.605	139.443	26.594	14.734	subject613a64a724765	14S
11753.000	11945.000	228.000	927.862	249.252	0.000	0.000	0.635	3.670	11.535	2.829	5.661	subject613a64a724765	14S
12018.000	13630.000	1650.000	111.091	224.391	0.000	0.000	0.635	3.644	66.365	15.200	9.576	subject613a64a724765	14S
13705.000	14803.000	1136.000	643.478	190.206	0.000	0.000	0.635	4.203	70.675	15.491	6.772	subject613a64a724765	14S
14880.000	15418.000	575.000	96.007	252.360	0.000	0.000	0.635	3.834	101.472	13.059	11.825	subject613a64a724765	14S
15494.000	17102.000	1646.000	417.214	326.943	0.000	0.000	0.635	4.896	83.471	14.936	14.946	subject613a64a724765	14S
17178.000	17762.000	627.000	53.860	285.212	0.000	0.000	0.635	3.947	37.816	11.711	6.428	subject613a64a724765	14S
17847.000	17955.000	147.000	356.877	319.840	0.000	0.000	0.635	4.865	37.858	5.446	5.925	subject613a64a724765	14S
18038.000	18773.000	772.000	539.663	312.293	0.000	0.000	0.635	3.170	18.772	7.481	5.423	subject613a64a724765	14S
18852.000	19236.000	423.000	650.577	259.463	0.000	0.000	0.635	2.719	8.553	4.150	4.232	subject613a64a724765	14S
19313.000	19427.000	156.000	838.687	236.821	0.000	0.000	0.635	2.025	5.203	2.696	1.428	subject613a64a724765	14S
19507.000	21414.000	1946.000	249.068	318.508	0.000	0.000	0.635	3.412	73.304	20.038	7.460	subject613a64a724765	14S
21492.000	21963.000	510.000	728.660	396.200	0.000	0.000	0.635	3.482	24.138	5.076	7.301	subject613a64a724765	14S
22043.000	22402.000	397.000	-16.238	344.701	0.000	0.000	0.635	3.395	24.051	4.785	6.481	subject613a64a724765	14S
22477.000	23201.000	759.000	177.640	275.445	0.000	0.000	0.635	4.589	54.283	9.940	8.809	subject613a64a724765	14S
23276.000	24805.000	1567.000	638.154	289.208	0.000	0.000	0.635	4.136	94.305	17.818	11.401	subject613a64a724765	14S
24881.000	25151.000	306.000	39.663	333.603	0.000	0.000	0.635	4.736	50.123	6.503	6.481	subject613a64a724765	14S
25223.000	26696.000	1513.000	385.271	469.452	0.000	0.000	0.635	3.795	76.523	17.553	13.306	subject613a64a724765	14S
26777.000	26888.000	149.000	749.956	312.293	0.000	0.000	0.635	3.619	17.204	3.331	3.889	subject613a64a724765	14S
26968.000	27082.000	155.000	129.725	391.316	0.000	0.000	0.635	2.082	5.491	1.824	2.249	subject613a64a724765	14S
27165.000	27438.000	311.000	134.161	329.163	0.000	0.000	0.635	3.988	37.102	6.688	6.507	subject613a64a724765	14S
27515.000	28503.000	1025.000	500.621	463.236	0.000	0.000	0.635	3.186	73.283	14.540	7.142	subject613a64a724765	14S
28576.000	29541.000	1003.000	597.782	449.030	0.000	0.000	0.635	3.784	32.881	10.336	9.417	subject613a64a724765	14S
29614.000	30001.000	429.000	727.773	372.226	0.000	0.000	0.635	3.281	32.642	7.693	6.931	subject613a64a724765	14S
30088.000	30419.000	368.000	124.401	545.367	0.000	0.000	0.635	4.347	48.896	9.860	6.693	subject613a64a724765	14S
30493.000	32471.000	2015.000	605.324	461.905	0.000	0.000	0.635	4.552	169.190	30.269	13.861	subject613a64a724765	14S
32546.000	33104.000	605.000	82.697	447.698	0.000	0.000	0.635	4.059	43.501	7.138	10.502	subject613a64a724765	14S
33190.000	33270.000	117.000	181.189	441.483	0.000	0.000	0.635	3.017	13.649	3.331	2.275	subject613a64a724765	14S
33345.000	33420.000	117.000	263.709	271.006	0.000	0.000	0.635	4.636	11.260	4.309	3.492	subject613a64a724765	14S
33500.000	35345.000	1884.000	670.541	482.326	0.000	0.000	0.635	3.754	81.966	22.179	11.057	subject613a64a724765	14S
35421.000	36598.000	1214.000	96.451	542.260	0.000	0.000	0.635	3.795	67.842	22.127	7.909	subject613a64a724765	14S
36672.000	36887.000	249.000	588.465	453.913	0.000	0.000	0.635	3.917	32.702	4.626	7.222	subject613a64a724765	14S
36962.000	37083.000	158.000	345.342	512.959	0.000	0.000	0.635	4.143	30.809	5.446	4.127	subject613a64a724765	14S
37158.000	37431.000	315.000	-130.701	504.524	0.000	0.000	0.635	4.045	21.684	2.987	7.380	subject613a64a724765	14S
37520.000	37637.000	155.000	144.809	514.735	0.000	0.000	0.635	2.463	16.768	3.225	3.651	subject613a64a724765	14S
37716.000	37982.000	307.000	77.374	467.676	0.000	0.000	0.635	2.792	23.348	2.961	7.671	subject613a64a724765	14S
38063.000	38255.000	230.000	344.011	524.946	0.000	0.000	0.635	3.266	20.318	5.551	3.889	subject613a64a724765	14S
38331.000	38695.000	402.000	1064.951	358.020	0.000	0.000	0.635	4.561	32.047	7.058	7.777	subject613a64a724765	14S
38771.000	38889.000	159.000	461.136	189.319	0.000	0.000	0.635	6.626	45.726	5.128	9.126	subject613a64a724765	14S
38978.000	40184.000	1247.000	539.219	85.878	0.000	0.000	0.635	5.344	63.984	14.460	9.602	subject613a64a724765	14S
40264.000	40348.000	129.000	637.267	362.459	0.000	0.000	0.635	2.401	10.227	3.067	1.614	subject613a64a724765	14S
40434.000	40508.000	113.000	788.110	241.705	0.000	0.000	0.635	3.480	1.825	4.256	2.460	subject613a64a724765	14S
40584.000	40779.000	232.000	899.024	245.700	0.000	0.000	0.635	3.620	28.473	3.040	9.867	subject613a64a724765	14S
40854.000	41058.000	243.000	511.713	1130.051	0.000	0.000	0.635	6.028	82.148	8.248	9.946	subject613a64a724765	14S
41146.000	42680.000	1582.000	1212.689	608.852	0.000	0.000	0.635	3.790	54.587	9.200	12.883	subject613a64a724765	14S
42765.000	43631.000	906.000	1156.788	692.759	0.000	0.000	0.635	3.794	33.737	7.243	9.655	subject613a64a724765	14S
1.000	89.000	132.000	60.515	820.617	0.000	0.000	0.602	2.195	9.831	1.560	3.254	subject613a64a724765	15I
173.000	2500.000	2365.000	202.484	445.922	0.000	0.000	0.602	6.243	150.951	17.051	27.908	subject613a64a724765	15I
2577.000	4351.000	1811.000	342.680	619.951	0.000	0.000	0.602	7.258	426.151	40.737	22.803	subject613a64a724765	15I
4426.000	4926.000	539.000	389.264	610.184	0.000	0.000	0.602	6.986	110.804	9.385	17.168	subject613a64a724765	15I
5003.000	6582.000	1615.000	450.932	604.857	0.000	0.000	0.602	8.579	203.181	20.117	40.367	subject613a64a724765	15I
6660.000	10878.000	4256.000	358.651	357.132	0.000	0.000	0.602	10.225	564.807	53.532	48.541	subject613a64a724765	15I
10954.000	13688.000	2774.000	348.004	704.302	0.000	0.000	0.602	9.170	388.778	40.684	26.956	subject613a64a724765	15I
13765.000	14031.000	306.000	654.126	784.213	0.000	0.000	0.602	9.649	98.968	5.366	26.612	subject613a64a724765	15I
14108.000	14492.000	424.000	292.990	564.013	0.000	0.000	0.602	6.884	109.081	9.517	15.211	subject613a64a724765	15I
14571.000	17016.000	2485.000	100.444	299.418	0.000	0.000	0.602	8.345	291.269	28.445	37.881	subject613a64a724765	15I
17093.000	18793.000	1736.000	234.428	614.624	0.000	0.000	0.602	6.320	151.537	18.875	22.644	subject613a64a724765	15I
18867.000	21256.000	2425.000	316.060	583.547	0.000	0.000	0.602	7.064	223.155	16.205	32.193	subject613a64a724765	15I
21333.000	21636.000	339.000	182.076	263.014	0.000	0.000	0.602	7.200	64.242	6.212	14.232	subject613a64a724765	15I
21707.000	22132.000	464.000	30.790	-47.307	0.000	0.000	0.602	5.171	52.492	8.089	9.259	subject613a64a724765	15I
22207.000	22741.000	570.000	255.723	80.994	0.000	0.000	0.602	4.774	46.352	8.592	9.682	subject613a64a724765	15I
22815.000	29283.000	6507.000	172.316	472.559	0.000	0.000	0.602	6.325	242.339	20.910	31.082	subject613a64a724765	15I
29357.000	30504.000	1185.000	174.978	302.082	0.000	0.000	0.602	7.643	135.304	21.941	18.120	subject613a64a724765	15I
30579.000	32476.000	1939.000	274.357	665.234	0.000	0.000	0.602	8.181	264.988	20.170	36.505	subject613a64a724765	15I
32556.000	32858.000	340.000	367.524	201.749	0.000	0.000	0.602	12.769	392.166	28.630	17.644	subject613a64a724765	15I
32937.000	34113.000	1213.000	208.696	666.122	0.000	0.000	0.602	5.727	123.461	19.324	14.311	subject613a64a724765	15I
34189.000	34264.000	116.000	113.753	406.855	0.000	0.000	0.602	3.741	28.258	5.604	3.069	subject613a64a724765	15I
34344.000	34650.000	344.000	56.078	660.795	0.000	0.000	0.602	4.455	101.306	10.416	14.549	subject613a64a724765	15I
34729.000	35260.000	569.000	287.666	731.827	0.000	0.000	0.602	8.782	107.009	13.138	13.279	subject613a64a724765	15I
35337.000	36129.000	827.000	548.980	900.084	0.000	0.000	0.602	6.457	107.482	13.614	14.681	subject613a64a724765	15I
36209.000	36286.000	117.000	252.174	397.976	0.000	0.000	0.602	4.857	17.204	1.692	5.635	subject613a64a724765	15I
36363.000	36521.000	197.000	342.680	548.031	0.000	0.000	0.602	3.828	16.264	5.789	4.920	subject613a64a724765	15I
36599.000	36947.000	386.000	456.699	1122.948	0.000	0.000	0.602	6.135	67.474	7.640	14.946	subject613a64a724765	15I
37023.000	37224.000	239.000	387.933	691.427	0.000	0.000	0.602	3.119	14.263	2.723	9.655	subject613a64a724765	15I
37305.000	38736.000	1470.000	1288.554	605.745	0.000	0.000	0.602	5.831	89.619	12.451	16.560	subject613a64a724765	15I
38813.000	39434.000	659.000	446.495	531.605	0.000	0.000	0.602	5.726	79.551	11.737	12.433	subject613a64a724765	15I
144710.000	145916.000	1246.000	939.206	726.560	0.000	0.000	0.625	3.404	28.968	6.940	9.107	subject613a64a724765	1V
127448.000	128768.000	1356.000	630.085	489.099	0.000	0.000	0.625	3.638	35.889	8.069	9.926	subject613a64a724765	1V
130340.000	130711.000	410.000	283.854	608.716	0.000	0.000	0.625	3.538	24.240	6.493	5.676	subject613a64a724765	1V
130793.000	131417.000	669.000	284.249	740.294	0.000	0.000	0.625	3.120	13.369	6.681	6.098	subject613a64a724765	1V
131509.000	134542.000	3075.000	219.503	174.552	0.000	0.000	0.625	5.698	120.490	10.939	18.558	subject613a64a724765	1V
136121.000	140249.000	4168.000	1000.399	357.964	0.000	0.000	0.625	3.856	85.140	8.586	25.474	subject613a64a724765	1V
141820.000	143174.000	1395.000	267.668	365.938	0.000	0.000	0.625	4.292	50.634	14.208	10.533	subject613a64a724765	1V
354179.000	354246.000	107.000	818.795	548.021	0.000	0.000	0.648	13.408	0.000	0.800	13.384	subject613a64a724765	2V
354335.000	355462.000	1167.000	233.716	52.277	0.000	0.000	0.648	5.045	50.656	9.998	12.407	subject613a64a724765	2V
357034.000	358130.000	1138.000	915.124	-5.316	0.000	0.000	0.648	3.868	23.502	5.363	8.711	subject613a64a724765	2V
358211.000	358288.000	118.000	836.166	-96.579	0.000	0.000	0.648	3.969	4.697	2.611	4.356	subject613a64a724765	2V
359863.000	360077.000	258.000	900.122	474.036	0.000	0.000	0.648	3.723	17.912	5.787	3.854	subject613a64a724765	2V
360159.000	361062.000	961.000	875.645	395.178	0.000	0.000	0.648	2.815	18.419	3.976	6.731	subject613a64a724765	2V
362651.000	363932.000	1332.000	941.575	673.840	0.000	0.000	0.648	3.054	19.906	5.152	9.318	subject613a64a724765	2V
365514.000	366062.000	600.000	174.103	432.392	0.000	0.000	0.648	3.379	16.084	5.316	5.148	subject613a64a724765	2V
366172.000	366659.000	531.000	309.516	485.998	0.000	0.000	0.648	2.551	18.461	5.058	5.544	subject613a64a724765	2V
366757.000	368808.000	2092.000	471.380	562.641	0.000	0.000	0.648	6.973	127.768	15.620	11.905	subject613a64a724765	2V
368895.000	372069.000	3216.000	456.378	548.464	0.000	0.000	0.648	3.936	92.968	15.032	13.173	subject613a64a724765	2V
372153.000	372476.000	363.000	506.121	520.111	0.000	0.000	0.648	3.048	20.013	5.763	4.857	subject613a64a724765	2V
1.000	1.000	54.000	1068.500	636.821	0.000	0.000	0.624	NaN	NaN	0.000	0.000	subject613a64a724765	3I
99.000	408.000	357.000	1155.901	542.260	0.000	0.000	0.624	3.302	18.763	4.996	6.534	subject613a64a724765	3I
500.000	683.000	232.000	421.650	106.744	0.000	0.000	0.624	7.079	34.323	12.213	5.502	subject613a64a724765	3I
771.000	1608.000	874.000	274.800	118.286	0.000	0.000	0.624	6.248	112.738	14.540	13.279	subject613a64a724765	3I
1683.000	1942.000	300.000	1352.440	52.138	0.000	0.000	0.624	6.821	71.784	14.592	5.714	subject613a64a724765	3I
2021.000	2416.000	435.000	1337.356	810.850	0.000	0.000	0.624	8.244	257.583	15.571	26.083	subject613a64a724765	3I
2493.000	3173.000	722.000	447.382	803.747	0.000	0.000	0.624	5.770	82.078	13.006	12.830	subject613a64a724765	3I
3254.000	4560.000	1347.000	597.338	393.092	0.000	0.000	0.624	4.744	96.497	20.514	15.078	subject613a64a724765	3I
4641.000	5803.000	1208.000	860.870	325.612	0.000	0.000	0.624	4.311	72.216	15.227	7.751	subject613a64a724765	3I
5913.000	5952.000	76.000	728.217	480.107	0.000	0.000	0.624	2.355	0.000	0.978	2.143	subject613a64a724765	3I
6029.000	8772.000	2781.000	912.334	285.212	0.000	0.000	0.624	5.092	85.584	19.906	13.094	subject613a64a724765	3I
8848.000	9378.000	568.000	760.603	22.837	0.000	0.000	0.624	5.142	66.099	10.072	10.396	subject613a64a724765	3I
9458.000	9690.000	274.000	859.095	-2.468	0.000	0.000	0.624	3.148	9.249	5.049	1.852	subject613a64a724765	3I
9770.000	10844.000	1126.000	1157.232	-118.784	0.000	0.000	0.624	5.110	88.150	17.712	11.851	subject613a64a724765	3I
10934.000	11760.000	866.000	568.057	-1.580	0.000	0.000	0.624	6.280	250.927	32.436	14.390	subject613a64a724765	3I
11838.000	12452.000	653.000	494.410	168.009	0.000	0.000	0.624	5.910	179.389	15.861	23.728	subject613a64a724765	3I
12530.000	13781.000	1289.000	824.933	-6.464	0.000	0.000	0.624	4.561	49.696	14.910	11.481	subject613a64a724765	3I
13859.000	14010.000	193.000	701.154	31.272	0.000	0.000	0.624	1.692	6.686	2.432	2.196	subject613a64a724765	3I
14088.000	14475.000	429.000	540.550	164.457	0.000	0.000	0.624	2.985	40.396	8.327	7.804	subject613a64a724765	3I
14572.000	14647.000	111.000	788.110	99.640	0.000	0.000	0.624	2.734	5.558	1.295	3.121	subject613a64a724765	3I
14720.000	17142.000	2464.000	813.842	-14.011	0.000	0.000	0.624	4.581	59.456	18.505	10.899	subject613a64a724765	3I
17224.000	18078.000	894.000	674.534	44.590	0.000	0.000	0.624	3.631	28.509	8.935	6.825	subject613a64a724765	3I
18157.000	19606.000	1487.000	771.695	113.403	0.000	0.000	0.624	4.587	81.225	14.751	14.047	subject613a64a724765	3I
19683.000	20343.000	696.000	828.039	-0.249	0.000	0.000	0.624	3.935	26.472	6.530	7.460	subject613a64a724765	3I
20420.000	21493.000	1111.000	781.899	-22.002	0.000	0.000	0.624	4.978	73.427	14.222	10.555	subject613a64a724765	3I
21568.000	21763.000	232.000	977.551	-3.356	0.000	0.000	0.624	3.748	38.716	6.820	6.560	subject613a64a724765	3I
21839.000	23800.000	2002.000	1069.831	72.115	0.000	0.000	0.624	4.925	87.591	13.826	13.491	subject613a64a724765	3I
23885.000	24196.000	351.000	839.574	302.970	0.000	0.000	0.624	5.833	89.843	13.271	19.258	subject613a64a724765	3I
24279.000	25502.000	1261.000	619.965	187.099	0.000	0.000	0.624	6.522	114.575	16.496	20.845	subject613a64a724765	3I
25577.000	25727.000	190.000	846.673	354.468	0.000	0.000	0.624	2.031	5.464	1.269	3.598	subject613a64a724765	3I
25806.000	28277.000	2509.000	846.229	232.382	0.000	0.000	0.624	5.002	143.014	13.614	25.818	subject613a64a724765	3I
28356.000	28703.000	385.000	455.368	168.009	0.000	0.000	0.624	4.527	37.665	6.715	8.253	subject613a64a724765	3I
28781.000	29635.000	893.000	537.001	587.099	0.000	0.000	0.624	6.935	196.896	20.990	26.929	subject613a64a724765	3I
29714.000	29981.000	304.000	628.838	639.041	0.000	0.000	0.624	4.670	92.140	15.306	8.306	subject613a64a724765	3I
30057.000	30367.000	356.000	934.516	330.495	0.000	0.000	0.624	3.761	33.476	9.834	6.322	subject613a64a724765	3I
30452.000	30847.000	434.000	524.579	350.917	0.000	0.000	0.624	3.574	23.124	7.005	5.502	subject613a64a724765	3I
30924.000	31143.000	259.000	823.159	221.283	0.000	0.000	0.624	2.502	9.575	4.441	2.539	subject613a64a724765	3I
31222.000	31415.000	236.000	530.790	236.377	0.000	0.000	0.624	5.168	44.763	7.005	7.248	subject613a64a724765	3I
31508.000	31741.000	270.000	942.502	107.632	0.000	0.000	0.624	2.625	15.759	2.881	7.063	subject613a64a724765	3I
31821.000	32474.000	690.000	634.605	185.767	0.000	0.000	0.624	5.669	70.474	12.240	13.147	subject613a64a724765	3I
32548.000	33636.000	1128.000	670.098	124.946	0.000	0.000	0.624	4.275	49.802	13.799	8.968	subject613a64a724765	3I
33733.000	35127.000	1431.000	512.156	354.912	0.000	0.000	0.624	6.083	183.385	20.382	36.108	subject613a64a724765	3I
35205.000	36034.000	867.000	639.485	318.508	0.000	0.000	0.624	3.643	60.685	14.460	11.957	subject613a64a724765	3I
36109.000	36458.000	387.000	718.012	452.138	0.000	0.000	0.624	5.664	190.285	23.210	16.427	subject613a64a724765	3I
36535.000	37144.000	649.000	589.352	587.099	0.000	0.000	0.624	5.396	367.878	33.494	17.512	subject613a64a724765	3I
37225.000	37338.000	150.000	631.500	437.487	0.000	0.000	0.624	2.178	10.544	4.943	2.883	subject613a64a724765	3I
37412.000	37917.000	547.000	332.476	294.535	0.000	0.000	0.624	3.149	23.308	7.270	5.344	subject613a64a724765	3I
37997.000	40645.000	2687.000	651.464	310.073	0.000	0.000	0.624	4.690	98.466	22.338	14.496	subject613a64a724765	3I
40721.000	40794.000	112.000	590.240	257.687	0.000	0.000	0.624	1.508	4.485	1.533	1.667	subject613a64a724765	3I
40872.000	41017.000	194.000	1127.950	543.148	0.000	0.000	0.624	5.909	52.717	4.547	9.100	subject613a64a724765	3I
41115.000	41753.000	674.000	1314.286	654.579	0.000	0.000	0.624	4.492	38.205	11.262	5.740	subject613a64a724765	3I
41832.000	41954.000	157.000	733.540	523.614	0.000	0.000	0.624	6.347	84.252	7.323	7.116	subject613a64a724765	3I
42036.000	42156.000	160.000	534.339	229.274	0.000	0.000	0.624	3.223	3.506	2.961	3.333	subject613a64a724765	3I
556271.000	556376.000	148.000	445.323	417.329	0.000	0.000	0.618	2.618	3.506	0.565	3.273	subject613a64a724765	3V
556474.000	556637.000	202.000	568.498	397.836	0.000	0.000	0.618	3.888	37.455	4.940	5.676	subject613a64a724765	3V
556716.000	557511.000	836.000	540.863	409.355	0.000	0.000	0.618	3.984	31.002	7.363	11.536	subject613a64a724765	3V
559088.000	560378.000	1331.000	944.733	371.698	0.000	0.000	0.618	4.313	31.868	7.645	10.348	subject613a64a724765	3V
561955.000	563247.000	1337.000	191.078	478.466	0.000	0.000	0.618	3.546	25.782	7.010	11.008	subject613a64a724765	3V
564826.000	566048.000	1261.000	979.475	57.593	0.000	0.000	0.618	3.582	32.421	10.750	7.840	subject613a64a724765	3V
567615.000	568885.000	1309.000	848.799	714.155	0.000	0.000	0.618	3.134	19.410	9.433	6.441	subject613a64a724765	3V
570458.000	570627.000	214.000	383.736	777.508	0.000	0.000	0.618	4.956	4.507	4.305	7.893	subject613a64a724765	3V
570713.000	571003.000	330.000	264.509	723.016	0.000	0.000	0.618	3.469	32.867	7.222	5.517	subject613a64a724765	3V
571087.000	571801.000	2250.000	289.381	672.068	0.000	0.000	0.618	4.413	37.183	6.681	9.714	subject613a64a724765	3V
573403.000	574135.000	770.000	250.297	116.958	0.000	0.000	0.618	3.862	45.241	9.245	8.896	subject613a64a724765	3V
574219.000	574451.000	272.000	173.708	54.049	0.000	0.000	0.618	2.328	6.770	3.576	1.742	subject613a64a724765	3V
574533.000	574620.000	130.000	299.251	19.493	0.000	0.000	0.618	0.840	0.058	0.212	1.162	subject613a64a724765	3V
59.000	270.000	260.000	1051.198	483.658	0.000	0.000	0.616	4.215	38.858	2.829	13.544	subject613a64a724765	4I
367.000	1007.000	679.000	276.131	404.635	0.000	0.000	0.616	7.296	155.612	14.381	20.528	subject613a64a724765	4I
1085.000	1321.000	274.000	386.158	442.371	0.000	0.000	0.616	5.334	65.690	7.190	8.333	subject613a64a724765	4I
1398.000	3512.000	2152.000	428.749	694.979	0.000	0.000	0.616	10.210	339.597	27.070	38.040	subject613a64a724765	4I
3586.000	3747.000	195.000	278.793	976.000	0.000	0.000	0.616	6.255	59.580	4.098	12.486	subject613a64a724765	4I
3818.000	4270.000	489.000	334.694	519.618	0.000	0.000	0.616	4.370	57.063	9.094	10.872	subject613a64a724765	4I
4347.000	4888.000	580.000	336.469	604.857	0.000	0.000	0.616	5.235	90.185	10.072	17.538	subject613a64a724765	4I
4969.000	5388.000	457.000	709.139	991.538	0.000	0.000	0.616	10.516	194.120	14.698	22.882	subject613a64a724765	4I
5461.000	5724.000	302.000	286.779	475.223	0.000	0.000	0.616	4.296	52.565	5.446	10.740	subject613a64a724765	4I
5805.000	5919.000	149.000	490.417	461.905	0.000	0.000	0.616	2.514	2.970	2.115	4.206	subject613a64a724765	4I
5997.000	9623.000	3665.000	343.123	625.723	0.000	0.000	0.616	7.079	161.886	17.051	33.331	subject613a64a724765	4I
9700.000	9780.000	118.000	174.091	202.637	0.000	0.000	0.616	3.630	23.969	4.891	3.201	subject613a64a724765	4I
9856.000	10240.000	422.000	358.651	235.489	0.000	0.000	0.616	5.287	80.822	7.243	16.718	subject613a64a724765	4I
10315.000	10391.000	114.000	398.580	79.219	0.000	0.000	0.616	3.836	7.397	2.485	4.047	subject613a64a724765	4I
10465.000	10998.000	575.000	347.116	154.690	0.000	0.000	0.616	5.896	62.495	8.406	13.782	subject613a64a724765	4I
11077.000	12486.000	1448.000	549.867	378.442	0.000	0.000	0.616	8.456	167.958	13.323	31.797	subject613a64a724765	4I
12562.000	12827.000	302.000	355.546	595.534	0.000	0.000	0.616	5.203	41.281	6.424	8.439	subject613a64a724765	4I
12904.000	13247.000	382.000	312.067	497.421	0.000	0.000	0.616	6.261	108.821	6.530	24.866	subject613a64a724765	4I
13327.000	14315.000	1026.000	579.592	582.659	0.000	0.000	0.616	8.831	123.004	14.592	29.098	subject613a64a724765	4I
14391.000	15955.000	1601.000	450.488	523.170	0.000	0.000	0.616	5.371	75.817	10.363	20.845	subject613a64a724765	4I
16030.000	16856.000	864.000	383.496	588.431	0.000	0.000	0.616	5.724	64.335	11.182	18.120	subject613a64a724765	4I
16930.000	17649.000	762.000	519.698	661.239	0.000	0.000	0.616	9.426	145.902	15.438	25.554	subject613a64a724765	4I
17730.000	18597.000	905.000	462.910	344.701	0.000	0.000	0.616	6.852	137.087	10.521	22.009	subject613a64a724765	4I
18677.000	18761.000	122.000	392.369	368.675	0.000	0.000	0.616	3.862	2.289	4.441	0.265	subject613a64a724765	4I
18836.000	20567.000	1770.000	406.566	694.535	0.000	0.000	0.616	5.828	118.557	11.103	28.014	subject613a64a724765	4I
20643.000	20986.000	381.000	455.368	652.804	0.000	0.000	0.616	4.523	96.247	6.054	16.480	subject613a64a724765	4I
21062.000	24639.000	3617.000	486.424	635.046	0.000	0.000	0.616	8.073	245.562	19.351	39.415	subject613a64a724765	4I
24718.000	24795.000	113.000	657.675	1293.869	0.000	0.000	0.616	11.406	94.032	5.578	13.147	subject613a64a724765	4I
24869.000	26606.000	1773.000	345.342	681.216	0.000	0.000	0.616	6.823	92.874	11.394	20.924	subject613a64a724765	4I
26681.000	28084.000	1440.000	362.644	393.980	0.000	0.000	0.616	5.604	113.742	12.002	19.231	subject613a64a724765	4I
28161.000	28349.000	227.000	245.519	820.173	0.000	0.000	0.616	4.077	38.081	7.561	5.449	subject613a64a724765	4I
28425.000	28655.000	267.000	469.565	1303.636	0.000	0.000	0.616	5.676	56.671	8.962	8.200	subject613a64a724765	4I
28730.000	29890.000	1196.000	292.990	513.403	0.000	0.000	0.616	5.745	102.719	16.919	14.364	subject613a64a724765	4I
29962.000	30948.000	1023.000	313.398	609.296	0.000	0.000	0.616	6.233	102.741	14.460	25.078	subject613a64a724765	4I
31021.000	32167.000	1182.000	484.650	323.392	0.000	0.000	0.616	5.134	70.119	12.187	14.126	subject613a64a724765	4I
32239.000	32355.000	152.000	288.554	318.508	0.000	0.000	0.616	3.148	20.864	3.912	4.788	subject613a64a724765	4I
32428.000	32771.000	381.000	292.103	413.070	0.000	0.000	0.616	4.085	18.785	3.780	8.227	subject613a64a724765	4I
32847.000	33217.000	406.000	318.722	1103.858	0.000	0.000	0.616	7.567	116.166	10.733	14.734	subject613a64a724765	4I
33293.000	34243.000	989.000	260.160	604.413	0.000	0.000	0.616	9.122	110.974	10.812	24.072	subject613a64a724765	4I
34318.000	34809.000	529.000	350.665	723.392	0.000	0.000	0.616	6.692	99.177	13.561	23.887	subject613a64a724765	4I
34884.000	36323.000	1477.000	402.130	695.423	0.000	0.000	0.616	6.347	120.141	10.389	24.628	subject613a64a724765	4I
36399.000	36737.000	377.000	434.960	754.912	0.000	0.000	0.616	5.069	35.506	9.781	7.936	subject613a64a724765	4I
36814.000	36854.000	80.000	288.110	104.524	0.000	0.000	0.616	2.304	0.000	2.300	0.132	subject613a64a724765	4I
36931.000	38108.000	1217.000	554.303	265.678	0.000	0.000	0.616	5.619	137.020	15.835	29.680	subject613a64a724765	4I
38186.000	38298.000	148.000	228.660	145.811	0.000	0.000	0.616	4.680	8.496	0.846	6.534	subject613a64a724765	4I
38375.000	41019.000	2693.000	308.962	392.648	0.000	0.000	0.616	8.132	228.135	25.933	45.341	subject613a64a724765	4I
41106.000	42819.000	1751.000	351.996	356.688	0.000	0.000	0.616	7.399	92.387	13.403	25.342	subject613a64a724765	4I
42895.000	43500.000	643.000	410.115	541.816	0.000	0.000	0.616	4.914	120.052	17.685	12.354	subject613a64a724765	4I
43578.000	43955.000	417.000	386.158	323.392	0.000	0.000	0.616	5.922	51.105	9.358	9.946	subject613a64a724765	4I
44031.000	45630.000	1637.000	536.114	333.159	0.000	0.000	0.616	7.074	230.856	19.007	30.950	subject613a64a724765	4I
45705.000	46330.000	666.000	799.645	237.265	0.000	0.000	0.616	4.389	55.331	9.517	10.740	subject613a64a724765	4I
46416.000	46713.000	334.000	558.296	303.858	0.000	0.000	0.616	3.344	20.091	5.208	7.380	subject613a64a724765	4I
46789.000	47495.000	741.000	514.818	461.017	0.000	0.000	0.616	8.381	180.699	13.826	31.506	subject613a64a724765	4I
47566.000	49680.000	2152.000	599.556	290.983	0.000	0.000	0.616	5.738	118.752	17.210	24.152	subject613a64a724765	4I
49757.000	49985.000	267.000	820.941	299.418	0.000	0.000	0.616	4.530	74.179	12.610	8.280	subject613a64a724765	4I
50060.000	50214.000	190.000	910.559	-8.684	0.000	0.000	0.616	3.708	24.249	4.335	7.010	subject613a64a724765	4I
50288.000	50592.000	339.000	659.450	502.748	0.000	0.000	0.616	7.393	109.353	6.292	26.506	subject613a64a724765	4I
50663.000	51716.000	1092.000	632.831	276.333	0.000	0.000	0.616	5.206	98.942	14.328	16.057	subject613a64a724765	4I
51793.000	54359.000	2603.000	566.282	344.701	0.000	0.000	0.616	6.944	222.735	21.704	25.898	subject613a64a724765	4I
54432.000	55074.000	678.000	346.229	638.597	0.000	0.000	0.616	9.656	203.626	24.056	24.416	subject613a64a724765	4I
55149.000	56225.000	1114.000	515.705	715.845	0.000	0.000	0.616	8.432	162.749	16.549	24.125	subject613a64a724765	4I
56301.000	56641.000	378.000	862.201	769.119	0.000	0.000	0.616	6.644	58.956	12.478	9.311	subject613a64a724765	4I
56719.000	57141.000	459.000	485.537	682.104	0.000	0.000	0.616	4.134	35.553	8.592	6.190	subject613a64a724765	4I
57215.000	59481.000	2303.000	589.352	676.777	0.000	0.000	0.616	7.040	130.968	17.870	24.178	subject613a64a724765	4I
59554.000	63050.000	3535.000	554.747	456.577	0.000	0.000	0.616	6.961	165.614	22.682	32.775	subject613a64a724765	4I
63133.000	63852.000	756.000	476.220	511.627	0.000	0.000	0.616	6.250	142.649	14.989	16.904	subject613a64a724765	4I
63927.000	64435.000	546.000	707.365	386.433	0.000	0.000	0.616	7.947	85.505	10.098	15.184	subject613a64a724765	4I
64512.000	66298.000	1824.000	758.385	413.070	0.000	0.000	0.616	6.641	192.556	22.814	31.770	subject613a64a724765	4I
66374.000	67986.000	1649.000	750.843	609.296	0.000	0.000	0.616	5.768	75.556	13.958	18.226	subject613a64a724765	4I
68065.000	68254.000	229.000	524.579	415.734	0.000	0.000	0.616	3.456	20.038	5.578	4.973	subject613a64a724765	4I
68332.000	68369.000	74.000	390.594	212.404	0.000	0.000	0.616	4.205	0.000	2.696	3.227	subject613a64a724765	4I
68442.000	69984.000	1578.000	339.574	450.806	0.000	0.000	0.616	6.227	117.568	17.659	22.247	subject613a64a724765	4I
70058.000	70589.000	569.000	765.040	439.707	0.000	0.000	0.616	6.299	58.702	10.178	11.481	subject613a64a724765	4I
70664.000	71790.000	1165.000	621.295	587.099	0.000	0.000	0.616	6.381	116.423	16.549	17.486	subject613a64a724765	4I
71864.000	72498.000	670.000	640.816	479.219	0.000	0.000	0.616	5.334	51.386	10.019	12.830	subject613a64a724765	4I
72571.000	73701.000	1169.000	590.240	542.704	0.000	0.000	0.616	7.220	133.081	14.936	18.464	subject613a64a724765	4I
73778.000	73889.000	149.000	709.583	715.845	0.000	0.000	0.616	4.311	11.454	3.992	3.756	subject613a64a724765	4I
73963.000	74948.000	1025.000	660.337	493.869	0.000	0.000	0.616	7.006	95.964	12.980	18.861	subject613a64a724765	4I
75026.000	75668.000	681.000	326.264	539.152	0.000	0.000	0.616	6.315	102.784	11.182	15.581	subject613a64a724765	4I
75745.000	79320.000	3616.000	404.791	920.062	0.000	0.000	0.616	7.795	251.690	19.879	46.610	subject613a64a724765	4I
79398.000	80360.000	1001.000	346.229	777.554	0.000	0.000	0.616	8.792	151.430	14.540	23.676	subject613a64a724765	4I
80438.000	81046.000	646.000	399.468	1051.472	0.000	0.000	0.616	10.829	264.573	20.831	24.284	subject613a64a724765	4I
81124.000	82407.000	1319.000	411.003	559.574	0.000	0.000	0.616	6.343	156.606	19.589	21.057	subject613a64a724765	4I
82483.000	83541.000	1095.000	386.158	615.512	0.000	0.000	0.616	8.911	170.387	17.659	20.819	subject613a64a724765	4I
83616.000	84891.000	1310.000	477.995	656.355	0.000	0.000	0.616	6.857	97.667	10.574	29.469	subject613a64a724765	4I
84966.000	85800.000	872.000	535.226	677.665	0.000	0.000	0.616	7.599	160.985	20.329	23.226	subject613a64a724765	4I
85875.000	86599.000	764.000	578.261	607.964	0.000	0.000	0.616	7.906	295.509	28.048	22.274	subject613a64a724765	4I
86675.000	89630.000	2993.000	253.061	719.396	0.000	0.000	0.616	7.602	261.784	23.105	38.965	subject613a64a724765	4I
89706.000	90315.000	648.000	355.102	765.567	0.000	0.000	0.616	5.513	71.696	14.117	10.528	subject613a64a724765	4I
90391.000	90847.000	494.000	549.423	1166.011	0.000	0.000	0.616	8.782	78.337	7.349	19.708	subject613a64a724765	4I
90924.000	92667.000	1781.000	516.593	707.853	0.000	0.000	0.616	7.668	106.450	12.874	26.823	subject613a64a724765	4I
92742.000	92779.000	75.000	309.849	339.818	0.000	0.000	0.616	4.550	0.000	4.494	0.714	subject613a64a724765	4I
92853.000	93119.000	302.000	386.158	616.400	0.000	0.000	0.616	8.601	94.757	8.327	16.560	subject613a64a724765	4I
93191.000	93341.000	188.000	641.704	-402.024	0.000	0.000	0.616	8.610	108.448	6.767	20.131	subject613a64a724765	4I
93420.000	94136.000	752.000	347.560	650.140	0.000	0.000	0.616	7.012	115.528	15.597	16.639	subject613a64a724765	4I
94210.000	95797.000	1628.000	502.396	599.529	0.000	0.000	0.616	8.927	146.656	15.095	27.247	subject613a64a724765	4I
95876.000	96720.000	881.000	620.408	597.754	0.000	0.000	0.616	11.916	212.921	17.976	24.839	subject613a64a724765	4I
96794.000	97548.000	790.000	570.719	378.442	0.000	0.000	0.616	7.812	147.193	11.050	26.241	subject613a64a724765	4I
97620.000	97694.000	112.000	719.787	587.099	0.000	0.000	0.616	2.487	0.754	0.925	3.254	subject613a64a724765	4I
97768.000	97920.000	190.000	767.702	428.164	0.000	0.000	0.616	5.578	72.132	5.340	12.486	subject613a64a724765	4I
97995.000	98146.000	188.000	489.973	104.968	0.000	0.000	0.616	4.654	29.913	6.054	4.867	subject613a64a724765	4I
98220.000	99162.000	980.000	438.066	417.509	0.000	0.000	0.616	6.994	164.768	23.739	16.533	subject613a64a724765	4I
99238.000	99507.000	306.000	1369.299	140.928	0.000	0.000	0.616	9.095	276.359	11.103	29.760	subject613a64a724765	4I
99582.000	100033.000	486.000	1358.651	319.840	0.000	0.000	0.616	9.141	136.988	8.142	29.707	subject613a64a724765	4I
100109.000	102016.000	1942.000	534.339	776.222	0.000	0.000	0.616	8.635	355.811	35.476	33.675	subject613a64a724765	4I
102092.000	102499.000	442.000	635.492	1125.168	0.000	0.000	0.616	9.905	179.491	11.764	26.162	subject613a64a724765	4I
102570.000	102801.000	268.000	497.959	595.090	0.000	0.000	0.616	5.107	45.980	7.613	11.243	subject613a64a724765	4I
102875.000	105070.000	2237.000	542.768	936.044	0.000	0.000	0.616	7.813	138.378	15.148	37.854	subject613a64a724765	4I
105148.000	105569.000	459.000	603.993	891.205	0.000	0.000	0.616	4.869	44.972	8.406	9.417	subject613a64a724765	4I
105644.000	105797.000	189.000	1281.455	824.169	0.000	0.000	0.616	6.761	112.451	6.820	15.158	subject613a64a724765	4I
105870.000	106425.000	592.000	1302.751	676.777	0.000	0.000	0.616	4.689	71.514	8.856	13.835	subject613a64a724765	4I
106498.000	107386.000	930.000	1300.089	840.151	0.000	0.000	0.616	8.329	102.327	10.891	31.559	subject613a64a724765	4I
84531.000	88127.000	3635.000	247.533	472.264	0.000	0.000	0.605	8.277	119.738	10.986	29.513	subject613a64a724765	4V
88214.000	88564.000	389.000	284.644	986.173	0.000	0.000	0.605	7.157	43.822	6.916	16.947	subject613a64a724765	4V
90136.000	90548.000	454.000	922.230	434.164	0.000	0.000	0.605	6.785	140.827	12.091	27.507	subject613a64a724765	4V
90631.000	91389.000	795.000	842.482	280.435	0.000	0.000	0.605	7.741	111.555	8.798	28.272	subject613a64a724765	4V
92957.000	94211.000	1293.000	184.367	209.108	0.000	0.000	0.605	5.564	66.503	9.739	17.370	subject613a64a724765	4V
95781.000	97050.000	1308.000	821.953	591.881	0.000	0.000	0.605	6.393	62.761	8.257	20.828	subject613a64a724765	4V
1.000	103.000	144.000	1305.413	889.873	0.000	0.000	0.615	2.243	3.174	0.925	4.285	subject613a64a724765	5S
200.000	673.000	523.000	533.452	658.575	0.000	0.000	0.615	10.322	376.880	24.268	26.162	subject613a64a724765	5S
761.000	1266.000	546.000	78.705	486.322	0.000	0.000	0.615	5.304	54.554	7.561	12.221	subject613a64a724765	5S
1345.000	3268.000	1960.000	296.539	580.440	0.000	0.000	0.615	7.548	212.358	21.333	31.638	subject613a64a724765	5S
3341.000	4528.000	1224.000	644.809	436.599	0.000	0.000	0.615	6.199	250.181	30.586	17.168	subject613a64a724765	5S
4603.000	4910.000	347.000	209.583	385.545	0.000	0.000	0.615	7.758	106.740	12.663	12.063	subject613a64a724765	5S
4988.000	5293.000	345.000	349.778	345.589	0.000	0.000	0.615	3.788	67.216	9.490	14.999	subject613a64a724765	5S
5372.000	5485.000	151.000	193.611	319.840	0.000	0.000	0.615	5.337	36.478	4.626	7.063	subject613a64a724765	5S
5569.000	6603.000	1071.000	299.645	405.079	0.000	0.000	0.615	6.229	162.251	21.413	16.480	subject613a64a724765	5S
6676.000	7475.000	836.000	842.680	513.847	0.000	0.000	0.615	5.512	152.617	16.734	16.454	subject613a64a724765	5S
7551.000	10261.000	2748.000	441.171	340.706	0.000	0.000	0.615	6.819	465.810	41.187	35.923	subject613a64a724765	5S
10335.000	12072.000	1779.000	190.062	418.397	0.000	0.000	0.615	5.656	95.568	12.901	24.125	subject613a64a724765	5S
12151.000	12188.000	75.000	215.794	182.215	0.000	0.000	0.615	1.174	0.000	1.163	0.159	subject613a64a724765	5S
12265.000	12533.000	303.000	343.567	255.467	0.000	0.000	0.615	5.361	49.059	7.111	8.174	subject613a64a724765	5S
12604.000	13562.000	996.000	141.704	375.778	0.000	0.000	0.615	4.692	96.887	16.707	10.423	subject613a64a724765	5S
13637.000	13898.000	299.000	509.051	598.198	0.000	0.000	0.615	6.865	53.116	6.212	9.735	subject613a64a724765	5S
13975.000	14237.000	298.000	834.694	280.329	0.000	0.000	0.615	5.729	66.738	4.943	17.380	subject613a64a724765	5S
14310.000	16431.000	2157.000	348.004	441.483	0.000	0.000	0.615	5.593	140.122	14.725	22.697	subject613a64a724765	5S
16508.000	16851.000	380.000	257.498	481.438	0.000	0.000	0.615	4.265	37.451	7.957	8.121	subject613a64a724765	5S
16927.000	17993.000	1108.000	286.779	354.468	0.000	0.000	0.615	9.176	256.753	27.652	25.527	subject613a64a724765	5S
18075.000	19064.000	1025.000	991.304	397.976	0.000	0.000	0.615	8.184	250.863	24.664	21.877	subject613a64a724765	5S
19137.000	21466.000	2368.000	481.988	398.420	0.000	0.000	0.615	5.384	232.436	24.664	21.083	subject613a64a724765	5S
21544.000	24806.000	3300.000	467.791	490.317	0.000	0.000	0.615	6.974	240.235	31.167	23.649	subject613a64a724765	5S
24886.000	25181.000	334.000	881.278	473.447	0.000	0.000	0.615	6.242	79.727	6.662	14.047	subject613a64a724765	5S
25257.000	27142.000	1925.000	378.172	484.102	0.000	0.000	0.615	6.867	193.967	17.765	31.797	subject613a64a724765	5S
27221.000	31952.000	4775.000	427.862	449.474	0.000	0.000	0.615	7.321	245.312	36.217	31.241	subject613a64a724765	5S
32041.000	32468.000	471.000	1205.146	417.509	0.000	0.000	0.615	6.651	65.970	5.789	20.051	subject613a64a724765	5S
32550.000	33263.000	762.000	1135.936	243.481	0.000	0.000	0.615	11.320	140.914	10.786	28.543	subject613a64a724765	5S
33350.000	34010.000	702.000	1214.463	95.201	0.000	0.000	0.615	5.053	61.286	9.252	9.444	subject613a64a724765	5S
34092.000	34290.000	243.000	294.321	667.010	0.000	0.000	0.615	5.905	140.043	11.896	19.020	subject613a64a724765	5S
345081.000	345146.000	106.000	510.464	621.563	0.000	0.000	0.638	3.412	0.000	3.411	0.079	subject613a64a724765	5V
345226.000	346184.000	998.000	618.636	618.462	0.000	0.000	0.638	4.969	38.072	9.315	14.360	subject613a64a724765	5V
346265.000	346389.000	164.000	736.679	61.137	0.000	0.000	0.638	7.263	89.974	6.351	12.354	subject613a64a724765	5V
347961.000	348489.000	567.000	1009.873	719.472	0.000	0.000	0.638	4.420	79.521	9.692	12.354	subject613a64a724765	5V
348564.000	349212.000	684.000	1135.417	600.741	0.000	0.000	0.638	5.069	51.305	10.021	9.081	subject613a64a724765	5V
350782.000	351629.000	887.000	230.558	629.981	0.000	0.000	0.638	6.158	60.106	8.139	18.426	subject613a64a724765	5V
351708.000	351981.000	313.000	251.087	515.681	0.000	0.000	0.638	4.546	26.694	3.670	11.166	subject613a64a724765	5V
353558.000	354863.000	1344.000	165.022	216.196	0.000	0.000	0.638	5.226	47.143	6.916	19.587	subject613a64a724765	5V
356435.000	356577.000	184.000	977.895	121.389	0.000	0.000	0.638	1.461	1.782	1.411	3.854	subject613a64a724765	5V
356659.000	356937.000	319.000	981.843	130.249	0.000	0.000	0.638	1.752	7.513	1.647	6.863	subject613a64a724765	5V
357016.000	360103.000	3128.000	989.739	205.120	0.000	0.000	0.638	4.461	83.452	8.751	21.409	subject613a64a724765	5V
360184.000	360561.000	418.000	909.202	712.383	0.000	0.000	0.638	4.087	40.170	4.728	10.823	subject613a64a724765	5V
362139.000	362448.000	354.000	191.473	869.214	0.000	0.000	0.638	4.486	58.896	6.657	12.829	subject613a64a724765	5V
362533.000	363373.000	882.000	229.768	736.307	0.000	0.000	0.638	3.713	41.993	11.197	6.890	subject613a64a724765	5V
1.000	147.000	186.000	533.452	272.781	0.000	0.000	0.632	3.387	9.605	4.388	1.905	subject613a64a724765	6S
231.000	368.000	185.000	549.423	69.008	0.000	0.000	0.632	4.035	27.245	3.040	6.560	subject613a64a724765	6S
465.000	3374.000	2955.000	611.535	133.381	0.000	0.000	0.632	5.391	205.459	23.633	28.887	subject613a64a724765	6S
3458.000	3771.000	353.000	790.772	109.407	0.000	0.000	0.632	3.835	36.515	7.508	6.428	subject613a64a724765	6S
3849.000	4095.000	283.000	953.150	33.936	0.000	0.000	0.632	3.245	28.818	3.912	9.576	subject613a64a724765	6S
4168.000	6749.000	2619.000	725.998	209.740	0.000	0.000	0.632	5.611	201.899	28.127	27.220	subject613a64a724765	6S
6826.000	7058.000	279.000	1198.935	50.806	0.000	0.000	0.632	5.621	46.330	6.767	7.645	subject613a64a724765	6S
7150.000	7504.000	392.000	231.322	7.299	0.000	0.000	0.632	4.660	38.026	7.455	7.645	subject613a64a724765	6S
7583.000	9265.000	1720.000	468.234	104.524	0.000	0.000	0.632	4.108	99.148	20.540	9.735	subject613a64a724765	6S
9345.000	10426.000	1120.000	1031.677	158.242	0.000	0.000	0.632	3.959	42.783	11.473	7.513	subject613a64a724765	6S
10507.000	11628.000	1158.000	265.484	148.475	0.000	0.000	0.632	5.249	65.055	15.148	14.417	subject613a64a724765	6S
11703.000	12514.000	852.000	615.972	303.858	0.000	0.000	0.632	5.090	150.210	24.849	11.639	subject613a64a724765	6S
12592.000	13359.000	804.000	190.949	298.531	0.000	0.000	0.632	4.013	67.693	14.566	10.502	subject613a64a724765	6S
13443.000	13723.000	316.000	694.055	188.431	0.000	0.000	0.632	4.435	33.309	6.900	6.984	subject613a64a724765	6S
13797.000	14630.000	872.000	955.812	235.489	0.000	0.000	0.632	5.029	107.566	21.043	17.591	subject613a64a724765	6S
14707.000	15540.000	872.000	1005.501	166.233	0.000	0.000	0.632	3.894	37.863	9.596	7.751	subject613a64a724765	6S
15615.000	16307.000	727.000	328.483	138.708	0.000	0.000	0.632	4.117	36.713	7.904	8.862	subject613a64a724765	6S
16383.000	18483.000	2152.000	819.610	215.956	0.000	0.000	0.632	3.784	89.421	19.906	10.899	subject613a64a724765	6S
18577.000	18851.000	315.000	241.526	85.878	0.000	0.000	0.632	3.396	19.607	4.917	4.814	subject613a64a724765	6S
18932.000	20382.000	1486.000	529.015	180.440	0.000	0.000	0.632	3.034	69.137	13.720	12.671	subject613a64a724765	6S
20455.000	20970.000	551.000	815.173	66.344	0.000	0.000	0.632	4.629	32.900	8.750	6.190	subject613a64a724765	6S
21044.000	21430.000	426.000	1113.753	140.484	0.000	0.000	0.632	5.103	45.201	8.354	11.851	subject613a64a724765	6S
21507.000	22090.000	620.000	1228.660	159.130	0.000	0.000	0.632	3.498	34.714	7.746	8.306	subject613a64a724765	6S
22167.000	22439.000	316.000	245.963	119.618	0.000	0.000	0.632	2.875	17.636	4.970	5.344	subject613a64a724765	6S
22546.000	23942.000	1433.000	434.073	137.820	0.000	0.000	0.632	3.702	42.162	7.984	13.041	subject613a64a724765	6S
24018.000	24148.000	177.000	259.272	-85.487	0.000	0.000	0.632	1.156	1.544	0.899	1.190	subject613a64a724765	6S
24234.000	24657.000	461.000	311.624	76.111	0.000	0.000	0.632	3.335	29.467	11.473	5.423	subject613a64a724765	6S
24735.000	25089.000	390.000	626.176	190.206	0.000	0.000	0.632	4.792	36.600	7.111	9.735	subject613a64a724765	6S
25169.000	25327.000	200.000	817.391	86.322	0.000	0.000	0.632	2.628	17.650	2.802	6.190	subject613a64a724765	6S
25406.000	25912.000	544.000	1033.895	128.053	0.000	0.000	0.632	5.180	28.287	8.909	8.412	subject613a64a724765	6S
25987.000	26187.000	242.000	1161.224	408.186	0.000	0.000	0.632	5.554	42.117	5.578	9.021	subject613a64a724765	6S
26271.000	26540.000	307.000	221.562	298.087	0.000	0.000	0.632	5.815	79.714	8.935	11.057	subject613a64a724765	6S
26616.000	26927.000	349.000	303.638	238.153	0.000	0.000	0.632	4.368	51.555	9.913	7.513	subject613a64a724765	6S
27004.000	28964.000	1996.000	739.308	282.548	0.000	0.000	0.632	3.854	149.672	24.374	10.634	subject613a64a724765	6S
29038.000	30327.000	1327.000	389.264	276.777	0.000	0.000	0.632	4.952	80.264	14.936	14.020	subject613a64a724765	6S
30403.000	30537.000	176.000	199.823	296.755	0.000	0.000	0.632	3.376	24.631	3.754	4.603	subject613a64a724765	6S
30617.000	30806.000	228.000	252.174	162.681	0.000	0.000	0.632	1.689	6.037	3.331	2.460	subject613a64a724765	6S
30882.000	31198.000	352.000	389.707	238.153	0.000	0.000	0.632	3.450	11.830	5.287	4.100	subject613a64a724765	6S
31271.000	32170.000	942.000	290.328	385.545	0.000	0.000	0.632	4.239	86.756	15.121	14.761	subject613a64a724765	6S
32258.000	33308.000	1089.000	792.547	212.404	0.000	0.000	0.632	3.561	85.357	26.488	6.825	subject613a64a724765	6S
33383.000	35138.000	1794.000	538.776	304.746	0.000	0.000	0.632	4.724	107.954	22.629	10.793	subject613a64a724765	6S
35220.000	35536.000	355.000	1116.415	297.643	0.000	0.000	0.632	3.896	36.407	5.340	11.772	subject613a64a724765	6S
35614.000	35689.000	116.000	129.725	424.613	0.000	0.000	0.632	1.594	2.291	1.269	2.830	subject613a64a724765	6S
35767.000	36432.000	706.000	239.752	267.898	0.000	0.000	0.632	3.659	32.087	7.666	6.904	subject613a64a724765	6S
36511.000	36900.000	428.000	504.170	342.038	0.000	0.000	0.632	6.833	88.617	10.627	17.168	subject613a64a724765	6S
36978.000	38395.000	1455.000	725.998	278.109	0.000	0.000	0.632	5.428	112.339	19.483	17.380	subject613a64a724765	6S
38470.000	38840.000	408.000	1142.591	203.969	0.000	0.000	0.632	5.417	40.802	5.446	12.724	subject613a64a724765	6S
38915.000	39109.000	232.000	276.131	135.600	0.000	0.000	0.632	6.480	143.625	11.182	15.184	subject613a64a724765	6S
39188.000	39226.000	78.000	2.396	221.283	0.000	0.000	0.632	1.504	0.000	0.608	1.376	subject613a64a724765	6S
39305.000	39766.000	499.000	263.709	252.360	0.000	0.000	0.632	3.881	53.070	8.829	9.021	subject613a64a724765	6S
39842.000	41407.000	1607.000	873.292	253.248	0.000	0.000	0.632	4.005	105.937	20.725	11.137	subject613a64a724765	6S
41495.000	41689.000	231.000	1255.723	280.329	0.000	0.000	0.632	3.744	21.924	4.045	6.164	subject613a64a724765	6S
41764.000	43548.000	1825.000	498.846	268.342	0.000	0.000	0.632	4.326	120.444	23.633	12.433	subject613a64a724765	6S
43625.000	43778.000	192.000	399.468	306.522	0.000	0.000	0.632	2.338	11.884	4.838	2.301	subject613a64a724765	6S
43854.000	44258.000	443.000	301.863	366.899	0.000	0.000	0.632	2.952	20.951	7.587	7.566	subject613a64a724765	6S
44336.000	44533.000	237.000	479.769	392.648	0.000	0.000	0.632	2.423	17.705	3.146	6.111	subject613a64a724765	6S
44609.000	44955.000	383.000	1262.378	713.625	0.000	0.000	0.632	4.785	37.497	10.601	5.105	subject613a64a724765	6S
45030.000	45363.000	374.000	576.930	903.192	0.000	0.000	0.632	8.092	117.083	20.567	8.782	subject613a64a724765	6S
45441.000	46255.000	852.000	549.867	-41.092	0.000	0.000	0.632	5.968	175.587	19.879	14.073	subject613a64a724765	6S
46330.000	46984.000	699.000	903.461	-80.160	0.000	0.000	0.632	4.853	39.270	14.910	7.089	subject613a64a724765	6S
47074.000	48079.000	1043.000	681.633	134.269	0.000	0.000	0.632	4.424	76.878	14.725	13.941	subject613a64a724765	6S
48155.000	49279.000	1177.000	1285.004	650.140	0.000	0.000	0.632	5.875	79.334	13.905	12.116	subject613a64a724765	6S
49377.000	49703.000	368.000	1188.287	714.069	0.000	0.000	0.632	2.407	15.392	3.595	5.502	subject613a64a724765	6S
1.000	1.000	45.000	1297.427	688.320	0.000	0.000	0.618	NaN	NaN	0.000	0.000	subject613a64a724765	7I
95.000	283.000	227.000	1245.075	482.326	0.000	0.000	0.618	3.842	28.745	5.155	5.423	subject613a64a724765	7I
359.000	475.000	159.000	347.560	287.432	0.000	0.000	0.618	7.791	76.405	8.063	11.957	subject613a64a724765	7I
567.000	1167.000	649.000	140.373	49.030	0.000	0.000	0.618	3.099	33.911	7.138	7.883	subject613a64a724765	7I
1255.000	2710.000	1494.000	351.553	540.040	0.000	0.000	0.618	6.633	600.067	44.015	25.369	subject613a64a724765	7I
2792.000	3479.000	725.000	130.612	545.367	0.000	0.000	0.618	5.172	65.472	12.028	10.132	subject613a64a724765	7I
3554.000	4154.000	638.000	190.062	390.872	0.000	0.000	0.618	6.837	118.268	20.514	12.750	subject613a64a724765	7I
4228.000	6798.000	2605.000	575.155	740.706	0.000	0.000	0.618	6.579	391.773	44.438	32.564	subject613a64a724765	7I
6871.000	9307.000	2472.000	669.210	208.852	0.000	0.000	0.618	6.109	132.752	20.910	15.025	subject613a64a724765	7I
9380.000	10839.000	1496.000	718.012	324.280	0.000	0.000	0.618	6.910	166.570	18.478	22.088	subject613a64a724765	7I
10913.000	11335.000	460.000	614.641	395.756	0.000	0.000	0.618	5.398	69.279	11.737	11.877	subject613a64a724765	7I
11415.000	11540.000	162.000	1636.380	388.653	0.000	0.000	0.618	5.464	42.043	5.499	4.920	subject613a64a724765	7I
11616.000	11691.000	113.000	1744.632	674.113	0.000	0.000	0.618	6.656	5.171	2.353	7.724	subject613a64a724765	7I
11767.000	15011.000	3283.000	589.352	686.544	0.000	0.000	0.618	5.035	68.407	18.663	14.734	subject613a64a724765	7I
15088.000	18240.000	3189.000	643.922	463.236	0.000	0.000	0.618	6.834	317.780	33.864	36.611	subject613a64a724765	7I
18315.000	18781.000	504.000	1417.214	118.286	0.000	0.000	0.618	6.468	52.075	7.984	10.528	subject613a64a724765	7I
18854.000	18934.000	117.000	1405.679	335.822	0.000	0.000	0.618	2.221	6.229	2.485	1.455	subject613a64a724765	7I
19007.000	20555.000	1585.000	1077.374	504.524	0.000	0.000	0.618	9.293	317.700	22.602	33.093	subject613a64a724765	7I
20632.000	20856.000	265.000	757.054	309.185	0.000	0.000	0.618	7.341	102.826	9.147	12.565	subject613a64a724765	7I
20935.000	21730.000	833.000	587.134	143.592	0.000	0.000	0.618	3.617	40.002	7.534	10.132	subject613a64a724765	7I
21804.000	22955.000	1190.000	748.181	120.062	0.000	0.000	0.618	5.150	130.816	18.928	12.697	subject613a64a724765	7I
23032.000	23219.000	223.000	507.276	272.337	0.000	0.000	0.618	4.432	31.572	5.076	6.428	subject613a64a724765	7I
23295.000	24346.000	1088.000	604.880	35.267	0.000	0.000	0.618	5.529	93.410	11.605	16.533	subject613a64a724765	7I
24421.000	25125.000	742.000	575.155	-320.337	0.000	0.000	0.618	7.547	261.140	12.742	41.955	subject613a64a724765	7I
25201.000	25745.000	581.000	555.634	457.465	0.000	0.000	0.618	4.684	48.635	12.742	6.719	subject613a64a724765	7I
25818.000	26859.000	1087.000	445.608	760.684	0.000	0.000	0.618	6.136	117.180	20.091	18.755	subject613a64a724765	7I
26947.000	27464.000	555.000	532.121	646.144	0.000	0.000	0.618	9.210	125.186	13.694	18.226	subject613a64a724765	7I
27542.000	29285.000	1781.000	565.395	707.853	0.000	0.000	0.618	5.298	94.625	14.830	21.692	subject613a64a724765	7I
29359.000	29432.000	116.000	683.407	718.508	0.000	0.000	0.618	2.626	13.379	2.855	2.619	subject613a64a724765	7I
29521.000	32173.000	2692.000	522.360	599.529	0.000	0.000	0.618	4.797	93.808	17.421	17.036	subject613a64a724765	7I
32249.000	32955.000	745.000	524.579	486.766	0.000	0.000	0.618	3.837	56.264	8.406	11.613	subject613a64a724765	7I
33031.000	34233.000	1241.000	781.899	439.263	0.000	0.000	0.618	4.425	57.975	15.015	8.491	subject613a64a724765	7I
34311.000	35445.000	1171.000	562.733	183.103	0.000	0.000	0.618	6.620	119.356	15.623	16.824	subject613a64a724765	7I
35519.000	35896.000	414.000	92.014	307.853	0.000	0.000	0.618	21.208	621.718	41.345	30.130	subject613a64a724765	7I
35971.000	36276.000	342.000	616.859	-67.285	0.000	0.000	0.618	11.069	665.328	49.223	23.146	subject613a64a724765	7I
36349.000	37448.000	1136.000	184.295	438.375	0.000	0.000	0.618	10.346	320.657	28.735	34.045	subject613a64a724765	7I
37524.000	38964.000	1478.000	537.888	413.070	0.000	0.000	0.618	6.557	168.522	17.765	25.739	subject613a64a724765	7I
39040.000	39639.000	641.000	665.217	475.667	0.000	0.000	0.618	6.452	113.026	17.236	11.243	subject613a64a724765	7I
39721.000	39869.000	190.000	358.651	483.214	0.000	0.000	0.618	4.517	35.099	7.005	5.476	subject613a64a724765	7I
39948.000	40025.000	115.000	488.199	643.925	0.000	0.000	0.618	1.521	2.231	0.740	2.645	subject613a64a724765	7I
40102.000	40406.000	356.000	633.718	463.680	0.000	0.000	0.618	3.923	43.335	7.772	6.428	subject613a64a724765	7I
40494.000	41847.000	1392.000	725.111	511.627	0.000	0.000	0.618	4.722	78.662	12.451	19.681	subject613a64a724765	7I
41923.000	42693.000	807.000	771.251	170.673	0.000	0.000	0.618	4.465	61.612	10.231	10.581	subject613a64a724765	7I
42770.000	43654.000	921.000	657.675	102.304	0.000	0.000	0.618	4.492	72.553	13.059	15.502	subject613a64a724765	7I
43729.000	43846.000	155.000	702.484	888.542	0.000	0.000	0.618	6.212	20.213	8.274	10.026	subject613a64a724765	7I
43922.000	44182.000	299.000	621.739	339.374	0.000	0.000	0.618	4.092	55.365	7.587	10.819	subject613a64a724765	7I
44261.000	46687.000	2466.000	586.690	544.479	0.000	0.000	0.618	6.577	284.697	23.924	31.294	subject613a64a724765	7I
46765.000	47075.000	355.000	1804.082	536.932	0.000	0.111	0.618	7.099	104.848	14.169	11.745	subject613a64a724765	7I
47158.000	49352.000	2233.000	552.085	361.572	0.000	0.000	0.618	5.062	82.691	18.320	16.956	subject613a64a724765	7I
49435.000	50268.000	869.000	598.225	83.658	0.000	0.000	0.618	3.913	72.525	9.781	15.158	subject613a64a724765	7I
50341.000	50571.000	267.000	538.776	-132.990	0.000	0.000	0.618	3.544	13.190	3.516	6.825	subject613a64a724765	7I
50645.000	51342.000	737.000	1666.548	499.196	0.000	0.000	0.618	6.371	205.895	29.528	15.475	subject613a64a724765	7I
51423.000	51857.000	475.000	660.337	284.768	0.000	0.000	0.618	3.998	42.155	6.741	7.513	subject613a64a724765	7I
51937.000	52228.000	330.000	584.028	153.358	0.000	0.000	0.618	2.032	12.592	4.547	3.677	subject613a64a724765	7I
52305.000	52464.000	201.000	701.154	65.900	0.000	0.000	0.618	2.798	8.424	5.287	2.143	subject613a64a724765	7I
1.000	1.000	45.000	113.753	-71.725	0.000	0.000	0.625	NaN	NaN	0.000	0.000	subject613a64a724765	7S
95.000	260.000	203.000	113.753	120.950	0.000	0.000	0.625	3.502	8.424	4.943	1.825	subject613a64a724765	7S
339.000	921.000	622.000	266.371	44.590	0.000	0.000	0.625	5.019	183.691	24.823	15.978	subject613a64a724765	7S
1000.000	1880.000	920.000	112.866	469.008	0.000	0.000	0.625	2.674	18.693	8.010	5.132	subject613a64a724765	7S
1956.000	2386.000	471.000	244.188	450.362	0.000	0.000	0.625	3.603	26.374	6.820	7.222	subject613a64a724765	7S
2472.000	3226.000	797.000	193.168	112.071	0.000	0.000	0.625	2.764	36.057	9.252	6.190	subject613a64a724765	7S
3311.000	4751.000	1483.000	334.694	183.103	0.000	0.000	0.625	4.717	139.574	26.673	10.449	subject613a64a724765	7S
4840.000	5619.000	817.000	388.820	201.749	0.000	0.000	0.625	3.583	40.618	10.310	7.592	subject613a64a724765	7S
5695.000	5971.000	312.000	806.744	174.668	0.000	0.000	0.625	3.636	24.438	5.472	5.687	subject613a64a724765	7S
6049.000	7672.000	1660.000	280.568	199.973	0.000	0.000	0.625	4.450	164.943	35.820	12.116	subject613a64a724765	7S
7748.000	8094.000	384.000	84.916	306.522	0.000	0.000	0.625	3.700	75.345	13.535	8.465	subject613a64a724765	7S
8169.000	8824.000	696.000	264.596	251.472	0.000	0.000	0.625	3.661	91.191	19.086	11.957	subject613a64a724765	7S
8908.000	9342.000	471.000	851.109	197.754	0.000	0.000	0.625	3.327	23.471	4.996	7.063	subject613a64a724765	7S
9419.000	9869.000	490.000	37.445	172.892	0.000	0.000	0.625	6.166	59.233	9.887	10.237	subject613a64a724765	7S
9952.000	10811.000	894.000	214.907	314.513	0.000	0.000	0.625	3.362	62.582	12.901	8.333	subject613a64a724765	7S
10885.000	14151.000	3304.000	537.888	220.395	0.000	0.000	0.625	3.984	166.270	29.264	14.999	subject613a64a724765	7S
14241.000	14813.000	620.000	413.665	567.565	0.000	0.000	0.625	4.814	32.508	7.587	7.195	subject613a64a724765	7S
14910.000	15010.000	163.000	1141.260	587.987	0.000	0.000	0.625	3.905	0.302	1.454	6.984	subject613a64a724765	7S
15121.000	15423.000	342.000	1247.737	715.845	0.000	0.000	0.625	4.581	33.396	7.587	6.428	subject613a64a724765	7S
15501.000	15947.000	484.000	1010.825	809.074	0.000	0.000	0.625	4.476	97.661	16.416	15.978	subject613a64a724765	7S
16029.000	16877.000	891.000	1282.786	558.242	0.000	0.000	0.625	4.017	51.142	9.834	10.687	subject613a64a724765	7S
16969.000	17952.000	1028.000	1345.342	515.179	0.000	0.000	0.625	4.140	32.065	10.495	7.989	subject613a64a724765	7S
1.000	777.000	813.000	962.023	334.047	0.000	0.000	0.616	6.953	98.016	9.252	25.712	subject613a64a724765	8S
850.000	2217.000	1404.000	229.991	134.269	0.000	0.000	0.616	6.699	276.012	22.920	30.236	subject613a64a724765	8S
2290.000	2366.000	112.000	408.341	629.718	0.000	0.000	0.616	3.642	16.337	3.437	3.069	subject613a64a724765	8S
2440.000	2479.000	80.000	339.574	774.446	0.000	0.000	0.616	2.259	0.000	1.031	2.010	subject613a64a724765	8S
2557.000	2634.000	113.000	340.018	602.193	0.000	0.000	0.616	2.146	1.122	2.723	3.307	subject613a64a724765	8S
2710.000	4032.000	1359.000	131.943	474.335	0.000	0.000	0.616	3.956	90.252	21.281	10.634	subject613a64a724765	8S
4109.000	4458.000	389.000	395.475	668.342	0.000	0.000	0.616	6.135	70.269	6.265	16.374	subject613a64a724765	8S
4536.000	5857.000	1361.000	371.517	161.350	0.000	0.000	0.616	6.967	381.678	32.463	26.109	subject613a64a724765	8S
5935.000	6354.000	457.000	60.958	187.099	0.000	0.000	0.616	6.823	141.177	14.830	15.925	subject613a64a724765	8S
6430.000	8638.000	2249.000	513.043	255.911	0.000	0.000	0.616	7.125	301.409	29.581	25.448	subject613a64a724765	8S
8717.000	9366.000	687.000	374.623	536.044	0.000	0.000	0.616	8.862	316.211	23.131	20.210	subject613a64a724765	8S
9443.000	9826.000	423.000	584.028	326.055	0.000	0.000	0.616	6.466	71.529	6.794	18.200	subject613a64a724765	8S
9904.000	11321.000	1458.000	722.449	421.949	0.000	0.000	0.616	6.397	169.200	15.465	22.379	subject613a64a724765	8S
11400.000	13492.000	2130.000	385.271	499.196	0.000	0.000	0.616	8.136	434.322	37.671	30.474	subject613a64a724765	8S
13567.000	14173.000	645.000	605.324	314.513	0.000	0.000	0.616	6.867	171.924	13.376	31.215	subject613a64a724765	8S
14248.000	16070.000	1860.000	384.827	450.806	0.000	0.000	0.616	5.778	175.300	16.813	23.702	subject613a64a724765	8S
16146.000	16496.000	389.000	865.750	642.149	0.000	0.000	0.616	7.784	121.288	12.187	12.539	subject613a64a724765	8S
16569.000	16872.000	344.000	-5.146	241.705	0.000	0.000	0.616	6.163	69.197	6.292	12.883	subject613a64a724765	8S
16948.000	19267.000	2359.000	446.495	461.905	0.000	0.000	0.616	7.761	318.459	34.921	22.803	subject613a64a724765	8S
19344.000	20699.000	1394.000	-36.202	517.842	0.000	0.000	0.616	7.466	113.324	16.549	22.855	subject613a64a724765	8S
20774.000	21763.000	1028.000	202.484	413.958	0.000	0.000	0.616	6.697	147.778	18.267	21.030	subject613a64a724765	8S
21841.000	22144.000	341.000	644.366	255.911	0.000	0.000	0.616	3.788	23.626	7.428	5.476	subject613a64a724765	8S
22221.000	22986.000	802.000	817.391	400.639	0.000	0.000	0.616	6.481	91.193	11.975	15.237	subject613a64a724765	8S
23059.000	24495.000	1476.000	132.831	383.325	0.000	0.000	0.616	7.023	263.598	23.078	22.961	subject613a64a724765	8S
24572.000	24609.000	74.000	820.053	695.423	0.000	0.000	0.616	7.929	0.000	5.657	5.555	subject613a64a724765	8S
24685.000	24907.000	258.000	950.488	528.497	0.000	0.000	0.616	4.464	32.113	5.419	6.719	subject613a64a724765	8S
24981.000	25855.000	915.000	186.513	362.903	0.000	0.000	0.616	6.683	189.845	24.162	19.946	subject613a64a724765	8S
25934.000	26046.000	152.000	591.571	514.735	0.000	0.000	0.616	3.168	7.103	1.216	5.767	subject613a64a724765	8S
26127.000	27438.000	1347.000	244.188	361.572	0.000	0.000	0.616	6.872	216.216	19.113	28.728	subject613a64a724765	8S
27512.000	27552.000	78.000	644.366	882.770	0.000	0.000	0.616	4.184	0.000	0.687	4.127	subject613a64a724765	8S
27628.000	28541.000	951.000	789.885	543.592	0.000	0.000	0.616	5.638	90.549	12.345	15.978	subject613a64a724765	8S
28617.000	28973.000	395.000	24.579	383.325	0.000	0.000	0.616	7.581	154.600	13.112	20.342	subject613a64a724765	8S
29051.000	31868.000	2854.000	457.143	374.002	0.000	0.000	0.616	7.428	294.703	33.705	25.025	subject613a64a724765	8S
31941.000	32476.000	573.000	367.524	811.738	0.000	0.000	0.616	6.007	72.346	10.442	13.465	subject613a64a724765	8S
32555.000	33166.000	648.000	581.366	912.959	0.000	0.000	0.616	7.730	103.566	8.592	26.321	subject613a64a724765	8S
33241.000	34657.000	1456.000	929.193	545.811	0.000	0.000	0.616	7.756	225.328	24.982	29.098	subject613a64a724765	8S
34734.000	36190.000	1496.000	458.030	585.323	0.000	0.000	0.616	7.628	222.465	18.135	31.294	subject613a64a724765	8S
36269.000	36458.000	229.000	918.545	458.797	0.000	0.000	0.616	7.815	25.836	6.239	12.936	subject613a64a724765	8S
36535.000	38694.000	2195.000	409.672	659.463	0.000	0.000	0.616	7.594	195.798	21.333	23.464	subject613a64a724765	8S
38770.000	39151.000	419.000	985.093	623.503	0.000	0.000	0.616	5.125	59.596	9.094	10.634	subject613a64a724765	8S
39227.000	39339.000	150.000	1194.942	449.474	0.000	0.000	0.616	1.837	8.262	2.459	3.703	subject613a64a724765	8S
39414.000	40938.000	1562.000	338.243	635.933	0.000	0.000	0.616	9.920	435.108	36.930	29.945	subject613a64a724765	8S
41017.000	41610.000	642.000	572.937	598.198	0.000	0.000	0.616	5.426	78.941	10.706	9.735	subject613a64a724765	8S
41711.000	43038.000	1367.000	1013.043	453.469	0.000	0.000	0.616	7.584	87.482	12.398	21.083	subject613a64a724765	8S
43117.000	43841.000	765.000	1014.374	548.919	0.000	0.000	0.616	4.841	47.712	8.539	12.168	subject613a64a724765	8S
43927.000	46239.000	2354.000	993.523	512.959	0.000	0.000	0.616	7.910	94.388	10.204	23.861	subject613a64a724765	8S
1.000	339.000	374.000	435.847	483.214	0.000	0.000	0.621	4.251	19.894	5.525	5.317	subject613a64a724765	9I
414.000	3032.000	2664.000	205.146	202.193	0.000	0.000	0.621	5.113	112.398	18.690	23.437	subject613a64a724765	9I
3113.000	3747.000	674.000	261.934	250.584	0.000	0.000	0.621	3.249	53.155	6.027	15.872	subject613a64a724765	9I
3822.000	3900.000	117.000	517.480	180.440	0.000	0.000	0.621	2.271	5.813	2.538	1.455	subject613a64a724765	9I
3978.000	5685.000	1745.000	285.892	247.032	0.000	0.000	0.621	4.410	46.985	10.574	10.555	subject613a64a724765	9I
5760.000	7586.000	1864.000	489.086	230.162	0.000	0.000	0.621	5.391	87.570	17.897	17.274	subject613a64a724765	9I
7662.000	7752.000	139.000	713.576	625.279	0.000	0.000	0.621	4.370	14.390	5.551	3.492	subject613a64a724765	9I
7850.000	9616.000	1804.000	455.812	278.997	0.000	0.000	0.621	4.087	43.442	10.125	14.073	subject613a64a724765	9I
9695.000	10736.000	1103.000	717.125	209.740	0.000	0.000	0.621	4.747	42.230	10.495	12.407	subject613a64a724765	9I
10847.000	10966.000	160.000	1242.413	667.010	0.000	0.000	0.621	3.938	19.397	2.644	4.841	subject613a64a724765	9I
11046.000	11587.000	584.000	1244.188	520.506	0.000	0.000	0.621	4.098	38.935	8.354	6.640	subject613a64a724765	9I
11669.000	11880.000	249.000	601.775	257.687	0.000	0.000	0.621	5.798	62.038	7.798	10.687	subject613a64a724765	9I
11958.000	12761.000	840.000	447.382	219.507	0.000	0.000	0.621	3.730	57.131	12.821	10.132	subject613a64a724765	9I
12835.000	12952.000	155.000	484.206	290.539	0.000	0.000	0.621	2.112	6.784	2.459	2.196	subject613a64a724765	9I
13031.000	13106.000	113.000	365.750	319.840	0.000	0.000	0.621	3.379	10.381	1.692	3.360	subject613a64a724765	9I
13189.000	13905.000	755.000	430.524	273.669	0.000	0.000	0.621	3.994	40.271	10.363	6.878	subject613a64a724765	9I
13982.000	14098.000	154.000	761.047	651.472	0.000	0.000	0.621	6.297	64.012	12.002	8.571	subject613a64a724765	9I
14175.000	14750.000	614.000	507.720	302.970	0.000	0.000	0.621	5.108	72.667	16.654	10.475	subject613a64a724765	9I
14827.000	16942.000	2156.000	383.496	350.917	0.000	0.000	0.621	5.047	100.224	23.316	9.867	subject613a64a724765	9I
17024.000	17703.000	718.000	386.158	295.867	0.000	0.000	0.621	3.866	71.856	11.790	11.004	subject613a64a724765	9I
17780.000	17896.000	155.000	501.508	156.466	0.000	0.000	0.621	2.536	10.082	3.648	1.852	subject613a64a724765	9I
17974.000	18824.000	902.000	440.728	314.513	0.000	0.000	0.621	3.419	52.365	10.733	8.703	subject613a64a724765	9I
18913.000	19541.000	665.000	381.721	276.333	0.000	0.000	0.621	3.931	31.563	7.878	6.957	subject613a64a724765	9I
19617.000	20498.000	921.000	217.125	159.574	0.000	0.000	0.621	3.649	51.005	10.521	10.026	subject613a64a724765	9I
20576.000	21894.000	1356.000	411.890	308.741	0.000	0.000	0.621	3.430	32.357	8.169	7.724	subject613a64a724765	9I
21971.000	23182.000	1247.000	417.657	255.911	0.000	0.000	0.621	3.488	26.133	8.380	9.920	subject613a64a724765	9I
23256.000	24946.000	1727.000	400.355	215.956	0.000	0.000	0.621	4.875	90.842	25.352	12.221	subject613a64a724765	9I
25022.000	25488.000	505.000	498.846	299.418	0.000	0.000	0.621	3.345	20.746	6.159	5.132	subject613a64a724765	9I
25569.000	28437.000	2905.000	339.574	302.526	0.000	0.000	0.621	3.992	42.416	10.733	12.459	subject613a64a724765	9I
28516.000	28640.000	164.000	304.969	428.608	0.000	0.000	0.621	2.314	3.462	2.696	1.958	subject613a64a724765	9I
28719.000	29938.000	1256.000	375.954	208.408	0.000	0.000	0.621	3.710	65.395	13.191	11.745	subject613a64a724765	9I
30013.000	30518.000	541.000	435.847	206.633	0.000	0.000	0.621	3.170	20.753	8.380	3.677	subject613a64a724765	9I
30591.000	30739.000	185.000	396.806	146.699	0.000	0.000	0.621	2.226	15.858	6.212	3.201	subject613a64a724765	9I
30814.000	31382.000	606.000	459.805	252.360	0.000	0.000	0.621	2.657	21.343	6.318	6.243	subject613a64a724765	9I
31456.000	32602.000	1183.000	474.002	206.633	0.000	0.000	0.621	6.149	106.325	13.376	25.580	subject613a64a724765	9I
32681.000	32832.000	188.000	1043.656	504.524	0.000	0.000	0.621	2.881	20.470	3.807	5.370	subject613a64a724765	9I
32905.000	34693.000	1837.000	1243.744	677.221	0.000	0.000	0.621	4.719	77.692	13.165	16.427	subject613a64a724765	9I
