time	x	y
1	348.34054834054837	697.3117117117117
62	525.8297258297257	458.0324324324324
97	621.067821067821	569.0234234234234
127	407.5036075036075	501.27567567567564
161	306.49350649350646	551.7261261261261
193	306.49350649350646	459.4738738738738
225	522.943722943723	648.3027027027026
268	345.45454545454544	364.3387387387387
307	358.44155844155847	603.618018018018
342	253.1024531024531	390.2846846846847
373	267.5324675324676	403.25765765765766
405	400.28860028860026	413.3477477477477
438	225.68542568542568	233.16756756756754
484	178.06637806637806	417.67207207207207
515	358.44155844155847	390.2846846846847
548	211.25541125541125	388.84324324324325
587	250.21645021645023	282.17657657657657
630	215.5844155844156	279.2936936936937
662	243.001443001443	241.81621621621622
693	108.80230880230881	244.6990990990991
725	378.6435786435786	243.25765765765763
757	243.001443001443	264.8792792792793
790	212.6984126984127	161.0954954954955
832	677.3448773448773	567.5819819819819
865	831.7460317460317	522.8972972972973
897	879.3650793650794	286.5009009009009
930	737.9509379509379	628.1225225225226
961	613.8528138528138	293.7081081081081
993	746.6089466089467	479.6540540540541
1026	980.3751803751803	430.64504504504504
1057	652.8138528138527	570.4648648648648
1097	735.064935064935	414.78918918918913
1132	782.6839826839827	430.64504504504504
1165	804.3290043290043	671.3657657657658
1196	1299.278499278499	705.9603603603604
1228	1079.94227994228	628.1225225225226
1261	1022.2222222222222	538.7531531531532
1311	1006.3492063492063	623.7981981981982
1357	1010.6782106782106	531.545945945946
1399	1059.7402597402597	463.7981981981982
1436	1335.3535353535353	372.98738738738734
1469	1189.6103896103896	357.1315315315315
1502	1527.2727272727273	378.7531531531531
1533	1052.5252525252524	658.3927927927928
1564	1146.3203463203463	136.590990990991
1596	1124.6753246753246	84.6990990990991
1632	1129.004329004329	94.78918918918919
1680	1335.3535353535353	163.97837837837838
1730	876.4790764790764	-46.47207207207207
1761	1241.5584415584415	139.47387387387388
1792	1092.9292929292928	58.75315315315315
1823	997.6911976911977	-111.33693693693694
1857	625.3968253968254	-20.526126126126126
1889	453.67965367965365	80.37477477477478
1921	266.0894660894661	1.0954954954954952
1952	540.2597402597402	-34.940540540540546
1996	393.07359307359303	24.158558558558553
2042	694.6608946608947	35.69009009009009
2074	339.6825396825397	3.9783783783783786
2115	9.235209235209243	81.8162162162162
2151	-142.27994227994228	136.590990990991
2189	185.2813852813853	142.35675675675677
2222	104.47330447330448	176.95135135135135
2253	6.349206349206357	-50.7963963963964
2290	202.5974025974026	145.23963963963965
2325	114.57431457431458	9.744144144144144
2358	-16.73881673881673	257.67207207207207
2389	263.20346320346323	54.42882882882883
2423	169.40836940836942	55.870270270270275
2461	204.04040404040404	217.3117117117117
2498	98.70129870129871	87.58198198198198
2534	160.75036075036076	91.9063063063063
2567	271.86147186147184	41.45585585585586
2607	352.6695526695527	220.19459459459458
2656	182.39538239538243	136.590990990991
2689	293.5064935064935	166.86126126126126
2720	81.38528138528139	94.78918918918919
2758	-51.37085137085136	18.392792792792793
2799	2.0202020202020283	202.89729729729729
2829	-35.49783549783549	107.76216216216217
2864	-67.24386724386723	37.13153153153153
2895	-78.78787878787878	15.509909909909911
2926	123.23232323232324	106.32072072072071
2963	9.235209235209243	41.45585585585586
3005	130.44733044733044	191.36576576576576
3107	55.41125541125542	158.21261261261262
3151	134.77633477633478	-131.51711711711712
3183	273.30447330447333	110.64504504504504
3214	-207.2150072150072	181.27567567567567
3255	-207.2150072150072	181.27567567567567
3290	159.30735930735932	63.07747747747747
3320	71.2842712842713	41.45585585585586
3352	271.86147186147184	328.3027027027027
3386	64.06926406926408	-82.50810810810812
3416	-101.87590187590187	12.627027027027026
3448	84.27128427128427	52.987387387387386
3478	221.35642135642135	140.91531531531533
3518	277.63347763347764	94.78918918918919
3563	248.7734487734488	192.8072072072072
3603	144.87734487734488	249.02342342342342
3639	191.05339105339107	259.1135135135135
3676	447.90764790764786	67.4018018018018
3706	274.7474747474747	133.70810810810812
3745	268.97546897546897	113.52792792792795
3777	332.46753246753246	181.27567567567567
3807	-0.8658008658008576	184.15855855855855
3842	446.4646464646465	207.2216216216216
3877	232.90043290043292	91.9063063063063
3910	296.39249639249635	44.33873873873873
3953	189.61038961038963	286.5009009009009
3985	163.63636363636363	12.627027027027026
4017	449.35064935064935	65.96036036036035
4049	449.35064935064935	65.96036036036035
4087	253.1024531024531	38.57297297297297
4126	583.5497835497835	335.5099099099099
4157	674.4588744588744	443.618018018018
4192	584.992784992785	325.4198198198198
4224	352.6695526695527	279.2936936936937
4262	531.6017316017316	65.96036036036035
4302	579.2207792207791	-140.16576576576577
4342	759.5959595959596	158.21261261261262
4385	367.0995670995671	256.2306306306306
4422	219.91341991341992	130.82522522522524
4454	378.6435786435786	212.98738738738737
4492	186.72438672438673	129.3837837837838
4530	284.8484848484849	178.39279279279282
4569	587.8787878787879	93.34774774774776
4607	567.6767676767677	97.67207207207208
4653	752.3809523809524	168.3027027027027
4704	647.041847041847	169.74414414414417
4743	369.98556998556995	104.87927927927929
4780	696.1038961038961	249.02342342342342
4821	470.995670995671	9.744144144144144
4858	384.41558441558436	1.0954954954954952
4894	739.3939393939394	188.48288288288288
4932	645.5988455988456	298.0324324324324
4962	521.5007215007215	106.32072072072071
4995	606.6378066378066	279.2936936936937
5030	657.1428571428571	-1.7873873873873878
5061	748.051948051948	106.32072072072071
5091	957.2871572871572	-135.84144144144145
5124	548.9177489177489	256.2306306306306
5154	872.1500721500721	133.70810810810812
5185	710.5339105339104	52.987387387387386
5215	680.2308802308802	296.590990990991
5257	752.3809523809524	169.74414414414417
5304	830.3030303030304	-65.21081081081081
5346	433.47763347763345	86.14054054054053
5405	818.7590187590187	-72.41801801801802
5435	755.2669552669552	9.744144144144144
5467	694.6608946608947	90.46486486486486
5499	639.8268398268398	18.392792792792793
5532	541.7027417027417	-105.57117117117116
5563	814.4300144300144	-0.34594594594594624
5598	840.4040404040404	166.86126126126126
5630	665.8008658008657	16.951351351351352
5661	719.1919191919192	84.6990990990991
5694	623.9538239538239	113.52792792792795
5724	765.3679653679653	83.25765765765766
5761	696.1038961038961	220.19459459459458
5803	1036.6522366522365	126.50090090090092
5842	951.5151515151515	-144.4900900900901
5888	658.5858585858587	109.20360360360361
5921	866.3780663780664	208.66306306306305
5952	1007.7922077922077	194.24864864864864
5984	1036.6522366522365	91.9063063063063
6014	854.8340548340549	94.78918918918919
6047	1007.7922077922077	9.744144144144144
6078	774.0259740259739	106.32072072072071
6109	925.5411255411256	138.03243243243244
6141	827.4170274170274	184.15855855855855
6186	772.5829725829726	393.1675675675676
6218	1056.8542568542566	94.78918918918919
6251	841.8470418470419	83.25765765765766
6283	707.6479076479077	-11.877477477477477
6315	1139.1053391053392	-153.13873873873874
6350	1098.7012987012988	162.53693693693694
6383	1114.5743145743145	236.05045045045046
6414	1120.3463203463205	153.8882882882883
6446	1205.4834054834055	155.32972972972973
6478	951.5151515151515	113.52792792792795
6522	1134.7763347763346	-33.4990990990991
6578	968.8311688311688	107.76216216216217
6639	1185.2813852813852	45.78018018018018
6680	649.9278499278499	-32.057657657657664
6718	759.5959595959596	78.93333333333334
6750	1006.3492063492063	210.10450450450452
6781	1103.030303030303	-50.7963963963964
6812	875.0360750360751	19.834234234234234
6853	875.0360750360751	-14.76036036036036
6895	-137.95093795093794	348.48288288288285
6927	-73.01587301587301	276.4108108108108
6959	-231.74603174603172	475.3297297297297
6995	-101.87590187590187	282.17657657657657
7030	255.988455988456	269.2036036036036
7072	297.83549783549785	263.43783783783783
7112	162.1933621933622	250.46486486486486
7177	69.84126984126985	251.90630630630628
7234	-36.94083694083693	257.67207207207207
7274	208.36940836940838	398.93333333333334
7307	313.7085137085137	220.19459459459458
7338	49.63924963924965	383.07747747747743
7369	64.06926406926408	328.3027027027027
7406	224.24242424242425	321.09549549549547
7444	537.3737373737374	276.4108108108108
7479	673.015873015873	220.19459459459458
7509	990.4761904761904	511.36576576576573
7539	1048.1962481962482	184.15855855855855
7573	901.0101010101009	205.7801801801802
7604	850.5050505050505	64.51891891891891
7635	1017.8932178932179	-42.14774774774775
7669	1038.095238095238	-1.7873873873873878
7703	785.5699855699855	187.04144144144144
7734	116.01731601731602	97.67207207207208
7767	150.64935064935065	48.66306306306306
7805	58.2972582972583	126.50090090090092
7843	113.13131313131314	54.42882882882883
7879	-25.39682539682539	125.05945945945946
7915	-22.510822510822504	1.0954954954954952
7956	78.49927849927852	19.834234234234234
8003	13.564213564213572	54.42882882882883
8035	79.94227994227995	182.71711711711714
8069	66.95526695526696	76.05045045045044
8102	-57.14285714285713	47.221621621621615
8133	-103.31890331890331	220.19459459459458
8163	110.24531024531026	12.627027027027026
8199	58.2972582972583	201.45585585585587
8231	-80.23088023088022	89.02342342342342
8261	394.51659451659447	463.7981981981982
8294	71.2842712842713	153.8882882882883
8326	25.108225108225117	61.63603603603603
8357	-32.611832611832604	117.85225225225227
8390	150.64935064935065	104.87927927927929
8420	38.09523809523811	113.52792792792795
8451	-49.92784992784992	253.34774774774775
8480	-132.17893217893217	315.3297297297297
8513	235.7864357864358	172.62702702702703
8546	253.1024531024531	282.17657657657657
8577	424.8196248196248	188.48288288288288
8611	218.47041847041848	136.590990990991
8650	87.15728715728717	221.63603603603602
8687	323.80952380952385	76.05045045045044
8721	247.33044733044736	138.03243243243244
8752	244.44444444444446	125.05945945945946
8784	139.1053391053391	52.987387387387386
8817	46.75324675324676	2.536936936936937
8850	139.1053391053391	116.41081081081082
8880	375.75757575757575	179.83423423423423
8911	267.5324675324676	138.03243243243244
8942	303.6075036075036	-19.084684684684685
8972	281.96248196248195	5.4198198198198195
9008	404.61760461760457	155.32972972972973
9050	137.66233766233768	114.96936936936936
9093	150.64935064935065	123.61801801801802
9130	322.36652236652236	208.66306306306305
9164	299.2784992784993	-32.057657657657664
9197	241.55844155844156	34.24864864864865
9228	395.9595959595959	-4.6702702702702705
9261	455.1226551226551	87.58198198198198
9291	520.05772005772	318.2126126126126
9321	299.2784992784993	74.60900900900901
9376	583.5497835497835	195.69009009009008
9431	458.00865800865796	246.14054054054054
9471	453.67965367965365	64.51891891891891
9511	722.077922077922	171.18558558558559
9544	661.4718614718614	120.73513513513514
9577	597.9797979797979	117.85225225225227
9613	732.1789321789322	74.60900900900901
9648	688.8888888888889	217.3117117117117
9684	609.5238095238095	73.16756756756756
9721	651.3708513708514	-50.7963963963964
9766	717.7489177489177	276.4108108108108
9799	825.974025974026	97.67207207207208
9830	667.2438672438672	50.1045045045045
9863	563.3477633477632	70.28468468468468
9894	745.1659451659451	15.509909909909911
9926	546.031746031746	106.32072072072071
9979	778.3549783549784	168.3027027027027
10015	755.2669552669552	-45.03063063063063
10052	1002.0202020202021	189.92432432432432
10092	683.1168831168832	16.951351351351352
10140	797.1139971139971	-52.237837837837844
10187	931.3131313131313	228.84324324324322
10231	1046.7532467532467	123.61801801801802
10271	787.012987012987	-134.39999999999998
10302	862.0490620490621	120.73513513513514
10335	926.9841269841269	-24.850450450450452
10369	1118.903318903319	123.61801801801802
10400	965.9451659451659	50.1045045045045
10430	903.8961038961039	204.3387387387387
10464	1017.8932178932179	135.14954954954956
10496	1004.906204906205	215.87027027027025
10528	994.8051948051948	94.78918918918919
10561	877.9220779220778	215.87027027027025
10592	1023.6652236652237	161.0954954954955
10625	954.4011544011544	45.78018018018018
10669	776.9119769119769	78.93333333333334
10712	1010.6782106782106	195.69009009009008
10744	753.8239538239538	51.545945945945945
10782	899.5670995670996	45.78018018018018
10887	153.53535353535355	156.77117117117118
10932	-78.78787878787878	138.03243243243244
10969	211.25541125541125	201.45585585585587
11005	198.2683982683983	-36.38198198198199
11048	147.76334776334775	138.03243243243244
11085	-148.05194805194805	273.5279279279279
11117	-62.91486291486291	65.96036036036035
11149	-135.06493506493504	52.987387387387386
11182	-150.93795093795092	202.89729729729729
11216	261.76046176046174	-7.553153153153154
11255	234.34343434343435	84.6990990990991
11295	186.72438672438673	37.13153153153153
11328	65.51226551226551	143.7981981981982
11358	238.6724386724387	126.50090090090092
11396	335.35353535353534	181.27567567567567
11438	143.43434343434345	274.96936936936936
11468	437.80663780663775	14.068468468468467
11498	33.766233766233775	279.2936936936937
11537	255.988455988456	185.6
11574	209.8124098124098	171.18558558558559
11604	101.5873015873016	210.10450450450452
11638	231.45743145743148	253.34774774774775
11675	234.34343434343435	161.0954954954955
11717	240.11544011544012	119.2936936936937
11751	309.3795093795094	302.35675675675674
11782	426.2626262626262	224.5189189189189
11814	183.83838383838386	246.14054054054054
11846	257.43145743145743	228.84324324324322
11877	116.01731601731602	198.57297297297296
11918	232.90043290043292	321.09549549549547
11955	404.61760461760457	151.0054054054054
11989	447.90764790764786	80.37477477477478
12020	572.005772005772	244.6990990990991
12056	535.930735930736	211.54594594594593
12093	443.57864357864355	179.83423423423423
12125	335.35353535353534	208.66306306306305
12155	470.995670995671	48.66306306306306
12195	245.8874458874459	123.61801801801802
12241	332.46753246753246	129.3837837837838
12288	391.6305916305916	264.8792792792793
12333	371.4285714285714	119.2936936936937
12375	201.15440115440117	176.95135135135135
12410	228.57142857142858	96.23063063063064
12449	309.3795093795094	205.7801801801802
12489	381.5295815295815	37.13153153153153
12518	381.5295815295815	37.13153153153153
12552	325.25252525252523	237.4918918918919
12587	476.76767676767673	-4.6702702702702705
12617	244.44444444444446	64.51891891891891
12647	296.39249639249635	185.6
12678	114.57431457431458	256.2306306306306
12721	401.7316017316017	-32.057657657657664
12774	486.86868686868684	97.67207207207208
12808	290.6204906204906	247.58198198198195
12840	188.16738816738817	156.77117117117118
12874	167.965367965368	63.07747747747747
12905	232.90043290043292	163.97837837837838
12945	273.30447330447333	100.55495495495497
12983	270.41847041847046	215.87027027027025
13012	40.98124098124099	149.56396396396397
13044	143.43434343434345	251.90630630630628
13076	319.4805194805195	256.2306306306306
13117	277.63347763347764	315.3297297297297
13157	349.7835497835498	176.95135135135135
13187	219.91341991341992	52.987387387387386
13219	167.965367965368	306.68108108108106
13250	79.94227994227995	225.96036036036034
13291	320.9235209235209	195.69009009009008
13330	227.12842712842712	191.36576576576576
13370	584.992784992785	296.590990990991
13413	495.5266955266955	220.19459459459458
13452	322.36652236652236	197.13153153153152
13494	625.3968253968254	129.3837837837838
13527	424.8196248196248	133.70810810810812
13567	495.5266955266955	279.2936936936937
13609	421.9336219336219	181.27567567567567
13641	540.2597402597402	341.27567567567564
13671	623.9538239538239	96.23063063063064
13706	286.2914862914863	138.03243243243244
13739	566.2337662337662	117.85225225225227
13771	560.4617604617605	233.16756756756754
13807	419.047619047619	58.75315315315315
13850	335.35353535353534	201.45585585585587
13885	543.1457431457432	15.509909909909911
13916	426.2626262626262	189.92432432432432
13948	753.8239538239538	182.71711711711714
13980	626.8398268398267	225.96036036036034
14012	452.2366522366522	152.44684684684685
14045	520.05772005772	289.38378378378377
14078	723.5209235209235	192.8072072072072
14111	701.8759018759018	166.86126126126126
14144	739.3939393939394	217.3117117117117
14177	743.7229437229437	250.46486486486486
14210	691.7748917748917	145.23963963963965
14243	850.5050505050505	195.69009009009008
14283	671.5728715728715	365.78018018018014
14324	605.1948051948052	201.45585585585587
14367	825.974025974026	212.98738738738737
14400	580.6637806637807	125.05945945945946
14431	649.9278499278499	41.45585585585586
14462	983.2611832611833	280.7351351351351
14496	784.1269841269841	181.27567567567567
14538	636.9408369408369	143.7981981981982
14578	608.080808080808	9.744144144144144
14612	909.6681096681097	236.05045045045046
14641	925.5411255411256	-39.26486486486487
14673	1085.7142857142856	241.81621621621622
14708	1087.157287157287	16.951351351351352
14744	701.8759018759018	27.04144144144144
14787	960.1731601731601	-98.36396396396395
14819	1042.4242424242425	162.53693693693694
14857	1062.6262626262626	249.02342342342342
14887	967.3881673881674	140.91531531531533
14917	1056.8542568542566	175.5099099099099
14951	1152.092352092352	202.89729729729729
14981	916.8831168831168	153.8882882882883
15011	753.8239538239538	155.32972972972973
15044	965.9451659451659	132.26666666666665
15077	1004.906204906205	313.88828828828827
15109	1255.988455988456	14.068468468468467
15148	841.8470418470419	138.03243243243244
15186	934.1991341991342	211.54594594594593
15217	1074.170274170274	114.96936936936936
15247	1074.170274170274	114.96936936936936
15279	616.7388167388167	318.2126126126126
15320	27.994227994228	305.2396396396397
15358	46.75324675324676	86.14054054054053
15406	-109.09090909090908	114.96936936936936
15446	178.06637806637806	233.16756756756754
15488	48.1962481962482	231.72612612612613
15527	4.9062049062049145	341.27567567567564
15564	349.7835497835498	328.3027027027027
15605	127.56132756132757	309.563963963964
15646	25.108225108225117	287.94234234234233
15686	163.63636363636363	273.5279279279279
15717	139.1053391053391	148.12252252252253
15763	9.235209235209243	331.18558558558556
15801	204.04040404040404	345.6
15832	176.62337662337663	347.0414414414414
15865	105.91630591630592	381.63603603603605
15896	332.46753246753246	325.4198198198198
15930	248.7734487734488	194.24864864864864
15962	283.40548340548344	207.2216216216216
15994	231.45743145743148	342.7171171171171
16025	294.949494949495	360.0144144144144
16056	294.949494949495	360.0144144144144
16090	261.76046176046174	476.7711711711711
16119	335.35353535353534	311.0054054054054
16149	176.62337662337663	289.38378378378377
16180	153.53535353535355	331.18558558558556
16213	328.13852813852816	266.3207207207207
16245	345.45454545454544	466.68108108108106
16277	113.13131313131314	390.2846846846847
16310	364.2135642135642	269.2036036036036
16345	344.01154401154406	349.92432432432435
16382	289.1774891774892	227.4018018018018
16414	188.16738816738817	285.05945945945945
16445	188.16738816738817	285.05945945945945
16479	163.63636363636363	290.8252252252252
16509	129.004329004329	479.6540540540541
16541	87.15728715728717	279.2936936936937
16572	469.5526695526695	240.37477477477478
16603	391.6305916305916	152.44684684684685
16635	196.8253968253968	430.64504504504504
16666	403.17460317460313	332.627027027027
16702	235.7864357864358	189.92432432432432
16745	172.2943722943723	371.54594594594596
16784	237.22943722943722	163.97837837837838
16818	482.5396825396825	287.94234234234233
16849	530.1587301587301	305.2396396396397
16882	540.2597402597402	207.2216216216216
16926	541.7027417027417	354.24864864864867
16957	208.36940836940838	156.77117117117118
16991	468.10966810966806	227.4018018018018
17029	502.74170274170274	238.9333333333333
17069	403.17460317460313	231.72612612612613
17101	361.32756132756134	372.98738738738734
17134	495.5266955266955	251.90630630630628
17165	491.1976911976912	347.0414414414414
17198	645.5988455988456	334.06846846846844
17228	400.28860028860026	345.6
17259	778.3549783549784	188.48288288288288
17292	508.5137085137085	246.14054054054054
17331	432.034632034632	419.1135135135135
17366	413.27561327561324	178.39279279279282
17400	499.8556998556998	270.64504504504504
17433	247.33044733044736	290.8252252252252
17467	512.8427128427128	277.85225225225224
17505	286.2914862914863	230.28468468468466
17539	416.1616161616161	421.9963963963964
17569	582.1067821067821	240.37477477477478
17601	550.3607503607502	99.11351351351352
17638	134.77633477633478	308.1225225225225
17675	2.0202020202020283	168.3027027027027
17707	224.24242424242425	148.12252252252253
17740	-61.47186147186146	323.97837837837835
17773	204.04040404040404	272.0864864864865
17814	-97.54689754689754	367.22162162162164
17856	42.424242424242436	142.35675675675677
17889	12.12121212121213	465.2396396396396
17922	52.52525252525253	385.96036036036037
17964	232.90043290043292	114.96936936936936
17999	170.85137085137086	263.43783783783783
18039	270.41847041847046	81.8162162162162
18092	204.04040404040404	277.85225225225224
18147	22.22222222222223	276.4108108108108
18191	88.60028860028861	261.9963963963964
18236	3.4632034632034716	298.0324324324324
18270	114.57431457431458	81.8162162162162
18303	-86.002886002886	409.0234234234234
18337	-38.38383838383837	110.64504504504504
18376	69.84126984126985	348.48288288288285
18414	231.45743145743148	365.78018018018014
18444	169.40836940836942	417.67207207207207
18476	58.2972582972583	241.81621621621622
18580	113.13131313131314	259.1135135135135
18629	159.30735930735932	286.5009009009009
18663	447.90764790764786	371.54594594594596
18696	149.20634920634922	403.25765765765766
18736	335.35353535353534	179.83423423423423
18767	318.03751803751805	362.8972972972973
18801	320.9235209235209	236.05045045045046
18833	355.55555555555554	413.3477477477477
18863	421.9336219336219	165.41981981981985
18903	447.90764790764786	315.3297297297297
18949	55.41125541125542	280.7351351351351
18983	437.80663780663775	339.8342342342342
19014	91.48629148629149	371.54594594594596
19045	84.27128427128427	396.0504504504504
19075	251.6594516594517	260.55495495495495
19107	296.39249639249635	463.7981981981982
19138	81.38528138528139	581.9963963963964
19169	126.11832611832612	553.1675675675675
19200	206.92640692640694	628.1225225225226
19236	251.6594516594517	367.22162162162164
19269	443.57864357864355	556.0504504504505
19303	408.9466089466089	326.86126126126123
19346	283.40548340548344	249.02342342342342
19381	306.49350649350646	358.572972972973
19413	586.4357864357864	447.94234234234233
19444	432.034632034632	384.5189189189189
19477	367.0995670995671	316.77117117117115
19519	551.8037518037518	280.7351351351351
19553	290.6204906204906	73.16756756756756
19604	407.5036075036075	378.7531531531531
19645	491.1976911976912	370.10450450450446
19677	540.2597402597402	276.4108108108108
19708	622.5108225108224	326.86126126126123
19738	563.3477633477632	426.3207207207207
19771	470.995670995671	377.3117117117117
19808	530.1587301587301	368.663063063063
19843	541.7027417027417	331.18558558558556
19875	908.2251082251081	354.24864864864867
19909	606.6378066378066	263.43783783783783
19939	590.7647907647907	331.18558558558556
19975	644.1558441558442	212.98738738738737
20017	286.2914862914863	259.1135135135135
20058	561.9047619047619	492.627027027027
20092	522.943722943723	430.64504504504504
20150	518.6147186147185	249.02342342342342
20190	489.7546897546897	207.2216216216216
20223	264.6464646464646	224.5189189189189
20254	482.5396825396825	246.14054054054054
20287	328.13852813852816	260.55495495495495
20319	364.2135642135642	279.2936936936937
20350	445.021645021645	316.77117117117115
20381	449.35064935064935	244.6990990990991
20416	522.943722943723	201.45585585585587
20449	394.51659451659447	202.89729729729729
20483	661.4718614718614	269.2036036036036
20524	597.9797979797979	321.09549549549547
20555	468.10966810966806	287.94234234234233
20584	602.3088023088022	279.2936936936937
20619	511.3997113997114	305.2396396396397
20671	736.5079365079364	228.84324324324322
20711	687.4458874458874	325.4198198198198
20763	479.6536796536796	440.73513513513507
20817	670.1298701298701	244.6990990990991
20857	808.6580086580086	277.85225225225224
20895	853.3910533910533	300.9153153153153
20936	654.2568542568542	234.609009009009
20976	533.044733044733	204.3387387387387
21008	771.1399711399712	181.27567567567567
21039	429.14862914862914	162.53693693693694
21077	524.3867243867244	236.05045045045046
21117	612.4098124098124	126.50090090090092
21155	828.8600288600288	169.74414414414417
21189	762.4819624819625	138.03243243243244
21237	729.2929292929292	285.05945945945945
21282	805.7720057720057	321.09549549549547
21318	825.974025974026	357.1315315315315
21351	745.1659451659451	378.7531531531531
21385	1075.6132756132756	315.3297297297297
21420	873.5930735930735	12.627027027027026
21453	673.015873015873	234.609009009009
21486	95.81529581529583	459.4738738738738
21519	-35.49783549783549	296.590990990991
21551	-113.41991341991341	331.18558558558556
21583	-9.523809523809517	261.9963963963964
21614	27.994227994228	270.64504504504504
21643	107.35930735930737	342.7171171171171
21676	-150.93795093795092	309.563963963964
21709	129.004329004329	299.47387387387386
21753	137.66233766233768	398.93333333333334
21784	26.55122655122656	198.57297297297296
21819	209.8124098124098	240.37477477477478
21850	198.2683982683983	421.9963963963964
21881	212.6984126984127	459.4738738738738
21910	66.95526695526696	233.16756756756754
21946	180.95238095238093	201.45585585585587
21984	186.72438672438673	423.4378378378378
22020	185.2813852813853	367.22162162162164
22056	185.2813852813853	367.22162162162164
22086	141.991341991342	331.18558558558556
22120	120.34632034632035	331.18558558558556
22149	160.75036075036076	261.9963963963964
22188	315.1515151515152	393.1675675675676
22230	266.0894660894661	409.0234234234234
22265	472.43867243867237	499.8342342342342
22303	349.7835497835498	393.1675675675676
22345	309.3795093795094	205.7801801801802
22388	238.6724386724387	433.527927927928
22432	355.55555555555554	100.55495495495497
22477	349.7835497835498	321.09549549549547
22510	66.95526695526696	263.43783783783783
22543	522.943722943723	341.27567567567564
22576	442.1356421356421	293.7081081081081
22607	619.6248196248197	372.98738738738734
22638	349.7835497835498	286.5009009009009
22669	358.44155844155847	214.42882882882884
22700	345.45454545454544	355.69009009009005
22731	582.1067821067821	360.0144144144144
22771	417.6046176046176	323.97837837837835
22808	498.4126984126984	354.24864864864867
22841	553.2467532467532	384.5189189189189
22874	512.8427128427128	282.17657657657657
22908	380.08658008658006	241.81621621621622
22940	437.80663780663775	60.1945945945946
22977	126.11832611832612	231.72612612612613
23008	131.89033189033188	362.8972972972973
23039	305.0505050505051	290.8252252252252
23071	495.5266955266955	247.58198198198195
23106	421.9336219336219	192.8072072072072
23150	537.3737373737374	305.2396396396397
23183	345.45454545454544	277.85225225225224
23216	176.62337662337663	298.0324324324324
23250	176.62337662337663	298.0324324324324
23287	319.4805194805195	264.8792792792793
23328	219.91341991341992	404.69909909909904
23362	198.2683982683983	354.24864864864867
23394	-12.409812409812401	249.02342342342342
23434	-86.002886002886	189.92432432432432
23481	206.92640692640694	103.43783783783785
23511	12.12121212121213	372.98738738738734
23544	-62.91486291486291	273.5279279279279
23575	134.77633477633478	329.7441441441441
23606	97.25829725829726	263.43783783783783
23638	19.336219336219347	299.47387387387386
23669	108.80230880230881	335.5099099099099
23701	-70.12987012987013	303.7981981981982
23743	199.71139971139974	347.0414414414414
23788	-155.26695526695525	214.42882882882884
23827	72.72727272727273	240.37477477477478
23869	215.5844155844156	306.68108108108106
23913	224.24242424242425	303.7981981981982
23950	160.75036075036076	414.78918918918913
23990	130.44733044733044	396.0504504504504
24021	88.60028860028861	357.1315315315315
24052	27.994227994228	446.5009009009009
24082	51.08225108225109	292.26666666666665
24116	131.89033189033188	445.05945945945945
24150	124.67532467532469	331.18558558558556
24185	68.3982683982684	351.36576576576573
24217	199.71139971139974	502.7171171171171
24253	289.1774891774892	335.5099099099099
24287	496.96969696969694	393.1675675675676
24333	458.00865800865796	237.4918918918919
24373	186.72438672438673	273.5279279279279
24418	374.31457431457426	189.92432432432432
24453	374.31457431457426	189.92432432432432
24484	385.85858585858585	302.35675675675674
24523	479.6536796536796	336.9513513513513
24572	668.6868686868687	178.39279279279282
24604	553.2467532467532	217.3117117117117
24635	367.0995670995671	155.32972972972973
24669	612.4098124098124	217.3117117117117
24702	488.3116883116883	264.8792792792793
24739	453.67965367965365	396.0504504504504
24768	599.4227994227994	270.64504504504504
24802	543.1457431457432	243.25765765765763
24834	258.87445887445887	61.63603603603603
24867	655.6998556998557	355.69009009009005
24899	230.01443001443002	432.0864864864864
24936	507.070707070707	260.55495495495495
24977	534.4877344877344	227.4018018018018
25009	397.4025974025974	188.48288288288288
25039	382.972582972583	135.14954954954956
25078	515.7287157287157	341.27567567567564
25116	238.6724386724387	103.43783783783785
25147	647.041847041847	381.63603603603605
25180	670.1298701298701	381.63603603603605
25214	582.1067821067821	372.98738738738734
25244	720.6349206349206	388.84324324324325
25274	460.89466089466083	375.8702702702703
25306	322.36652236652236	315.3297297297297
25358	525.8297258297257	434.96936936936936
25393	268.97546897546897	355.69009009009005
25426	419.047619047619	289.38378378378377
25468	566.2337662337662	249.02342342342342
25510	404.61760461760457	285.05945945945945
25568	610.966810966811	246.14054054054054
25624	530.1587301587301	338.39279279279276
25655	681.6738816738816	344.1585585585585
25684	694.6608946608947	391.7261261261261
25715	546.031746031746	202.89729729729729
25748	507.070707070707	335.5099099099099
25780	765.3679653679653	433.527927927928
25823	755.2669552669552	264.8792792792793
25858	505.62770562770567	269.2036036036036
25888	714.8629148629149	148.12252252252253
25924	801.4430014430014	202.89729729729729
25956	732.1789321789322	224.5189189189189
25989	784.1269841269841	385.96036036036037
26029	749.4949494949494	236.05045045045046
26071	639.8268398268398	114.96936936936936
26198	902.4531024531024	143.7981981981982
26254	876.4790764790764	276.4108108108108
26295	863.4920634920634	299.47387387387386
26334	1049.6392496392498	127.94234234234234
26371	1022.2222222222222	238.9333333333333
26402	922.6551226551226	423.4378378378378
26435	307.93650793650795	370.10450450450446
26465	68.3982683982684	394.609009009009
26501	208.36940836940838	387.40180180180175
26540	-178.35497835497836	172.62702702702703
26581	12.12121212121213	256.2306306306306
26624	-44.15584415584415	426.3207207207207
26655	-5.194805194805187	212.98738738738737
26693	65.51226551226551	254.7891891891892
26727	118.90331890331892	250.46486486486486
26760	188.16738816738817	243.25765765765763
26792	120.34632034632035	269.2036036036036
26827	141.991341991342	465.2396396396396
26860	98.70129870129871	400.3747747747748
26893	110.24531024531026	176.95135135135135
26925	-19.62481962481962	250.46486486486486
26956	111.6883116883117	455.14954954954953
26990	-2.3088023088023006	468.12252252252244
27021	107.35930735930737	481.09549549549547
27051	110.24531024531026	421.9963963963964
27085	139.1053391053391	355.69009009009005
27119	149.20634920634922	452.2666666666667
27151	-61.47186147186146	135.14954954954956
27191	159.30735930735932	370.10450450450446
27231	166.52236652236655	289.38378378378377
27268	266.0894660894661	440.73513513513507
27301	248.7734487734488	316.77117117117115
27341	116.01731601731602	338.39279279279276
27373	305.0505050505051	437.85225225225224
27404	397.4025974025974	378.7531531531531
27437	296.39249639249635	396.0504504504504
27470	416.1616161616161	312.4468468468468
27500	268.97546897546897	443.618018018018
27532	-35.49783549783549	445.05945945945945
27563	139.1053391053391	300.9153153153153
27604	103.03030303030305	305.2396396396397
27650	65.51226551226551	443.618018018018
27701	139.1053391053391	522.8972972972973
27748	512.8427128427128	576.2306306306306
27780	361.32756132756134	189.92432432432432
27812	183.83838383838386	411.9063063063063
27842	462.3376623376623	509.9243243243243
27881	449.35064935064935	295.14954954954953
27920	452.2366522366522	468.12252252252244
27951	281.96248196248195	280.7351351351351
27985	437.80663780663775	481.09549549549547
28016	642.7128427128426	433.527927927928
28045	642.7128427128426	433.527927927928
28078	303.6075036075036	354.24864864864867
28117	377.20057720057713	569.0234234234234
28152	528.7157287157287	499.8342342342342
28192	488.3116883116883	312.4468468468468
28229	570.5627705627705	339.8342342342342
28272	491.1976911976912	489.7441441441441
28310	647.041847041847	499.8342342342342
28355	403.17460317460313	411.9063063063063
28397	905.3391053391053	514.2486486486487
28440	880.8080808080808	377.3117117117117
28480	746.6089466089467	254.7891891891892
28518	825.974025974026	433.527927927928
28558	739.3939393939394	299.47387387387386
28596	567.6767676767677	368.663063063063
28635	743.7229437229437	339.8342342342342
28675	520.05772005772	331.18558558558556
28716	616.7388167388167	329.7441441441441
28756	165.0793650793651	364.3387387387387
28804	9.235209235209243	452.2666666666667
28853	62.626262626262644	345.6
28890	71.2842712842713	407.58198198198204
28931	222.7994227994228	391.7261261261261
28971	-29.72582972582972	397.4918918918919
29011	25.108225108225117	452.2666666666667
29049	124.67532467532469	471.0054054054054
29082	244.44444444444446	372.98738738738734
29123	286.2914862914863	390.2846846846847
29173	234.34343434343435	456.590990990991
29206	199.71139971139974	530.1045045045046
29242	217.02741702741704	486.8612612612613
29274	284.8484848484849	380.1945945945946
29312	251.6594516594517	485.41981981981974
29356	394.51659451659447	502.7171171171171
29395	87.15728715728717	437.85225225225224
29441	218.47041847041848	594.9693693693694
29478	26.55122655122656	384.5189189189189
29508	127.56132756132757	417.67207207207207
29538	173.73737373737376	483.97837837837835
29570	94.37229437229439	564.6990990990992
29600	33.766233766233775	569.0234234234234
29631	264.6464646464646	545.9603603603603
29661	-16.73881673881673	544.5189189189189
29700	100.14430014430015	655.5099099099099
29744	267.5324675324676	668.4828828828829
29775	90.04329004329006	417.67207207207207
29805	118.90331890331892	491.18558558558556
29837	224.24242424242425	538.7531531531532
29874	273.30447330447333	427.76216216216216
29912	114.57431457431458	603.618018018018
29952	72.72727272727273	602.1765765765766
29984	19.336219336219347	544.5189189189189
30022	43.86724386724387	605.0594594594594
30067	-52.813852813852805	515.69009009009
30114	-55.699855699855696	524.3387387387387
30152	273.30447330447333	648.3027027027026
30193	-5.194805194805187	455.14954954954953
30232	313.7085137085137	596.4108108108107
30269	45.31024531024532	574.7891891891892
30306	88.60028860028861	465.2396396396396
30338	131.89033189033188	652.627027027027
30369	407.5036075036075	557.4918918918919
30399	286.2914862914863	338.39279279279276
30432	280.5194805194805	554.609009009009
30476	180.95238095238093	447.94234234234233
30522	186.72438672438673	532.9873873873873
30560	378.6435786435786	449.38378378378377
30594	517.1717171717172	496.9513513513514
30635	225.68542568542568	616.590990990991
30666	421.9336219336219	576.2306306306306
30697	579.2207792207791	532.9873873873873
30734	505.62770562770567	651.1855855855856
30783	595.093795093795	522.8972972972973
30821	342.56854256854257	385.96036036036037
30859	440.6926406926406	429.2036036036036
30900	323.80952380952385	458.0324324324324
30933	403.17460317460313	522.8972972972973
30969	469.5526695526695	339.8342342342342
31011	348.34054834054837	407.58198198198204
31049	356.998556998557	471.0054054054054
31079	479.6536796536796	442.1765765765766
31122	720.6349206349206	354.24864864864867
31168	596.5367965367965	302.35675675675674
31216	593.6507936507936	374.4288288288288
31249	593.6507936507936	374.4288288288288
31282	554.6897546897546	261.9963963963964
31318	776.9119769119769	348.48288288288285
31357	495.5266955266955	520.0144144144143
31400	388.7445887445887	321.09549549549547
31436	420.4906204906205	416.2306306306307
31474	664.3578643578644	251.90630630630628
31512	688.8888888888889	462.35675675675674
31551	934.1991341991342	468.12252252252244
31586	709.0909090909091	375.8702702702703
31624	722.077922077922	326.86126126126123
31658	892.3520923520923	323.97837837837835
31687	892.3520923520923	323.97837837837835
31717	661.4718614718614	351.36576576576573
31748	737.9509379509379	530.1045045045046
31785	820.2020202020202	432.0864864864864
31832	898.124098124098	328.3027027027027
31900	857.7200577200576	323.97837837837835
31950	872.1500721500721	471.0054054054054
31982	873.5930735930735	455.14954954954953
32012	479.6536796536796	378.7531531531531
32045	479.6536796536796	378.7531531531531
32082	127.56132756132757	524.3387387387387
32123	-29.72582972582972	397.4918918918919
32156	-9.523809523809517	401.8162162162162
32194	-2.3088023088023006	256.2306306306306
32232	-6.63780663780663	489.7441441441441
32267	0.5772005772005855	548.8432432432433
32299	45.31024531024532	335.5099099099099
32334	43.86724386724387	421.9963963963964
32370	284.8484848484849	678.5729729729729
32404	169.40836940836942	443.618018018018
32439	162.1933621933622	427.76216216216216
32472	157.86435786435788	569.0234234234234
32504	-0.8658008658008576	566.1405405405405
32540	238.6724386724387	550.2846846846846
32581	130.44733044733044	645.4198198198198
32631	157.86435786435788	553.1675675675675
32665	111.6883116883117	540.1945945945946
32698	196.8253968253968	642.536936936937
32731	215.5844155844156	577.6720720720721
32765	25.108225108225117	531.545945945946
32799	183.83838383838386	522.8972972972973
32831	281.96248196248195	410.46486486486486
32864	175.1803751803752	654.0684684684685
32897	279.0764790764791	703.0774774774775
32930	335.35353535353534	531.545945945946
32964	172.2943722943723	473.88828828828827
32996	160.75036075036076	473.88828828828827
33027	416.1616161616161	540.1945945945946
33064	443.57864357864355	625.2396396396397
33100	120.34632034632035	460.91531531531535
33140	315.1515151515152	695.8702702702703
33199	179.5093795093795	377.3117117117117
33245	349.7835497835498	760.7351351351351
33290	434.9206349206349	593.527927927928
33341	473.88167388167386	453.7081081081081
33393	494.08369408369407	532.9873873873873
33444	447.90764790764786	593.527927927928
33500	408.9466089466089	450.82522522522515
33548	714.8629148629149	682.8972972972973
33599	642.7128427128426	684.3387387387387
33648	657.1428571428571	543.0774774774775
33693	605.1948051948052	466.68108108108106
33737	675.9018759018759	313.88828828828827
33781	537.3737373737374	351.36576576576573
33821	547.4747474747475	483.97837837837835
33858	610.966810966811	622.3567567567567
33900	569.1197691197691	520.0144144144143
33947	636.9408369408369	603.618018018018
33991	805.7720057720057	417.67207207207207
34031	680.2308802308802	437.85225225225224
34069	541.7027417027417	505.6
34109	583.5497835497835	524.3387387387387
34144	709.0909090909091	515.69009009009
34253	476.76767676767673	312.4468468468468
34314	583.5497835497835	514.2486486486487
34361	609.5238095238095	263.43783783783783
34395	228.57142857142858	352.80720720720717
34432	381.5295815295815	445.05945945945945
34467	413.27561327561324	383.07747747747743
34502	419.047619047619	306.68108108108106
34534	349.7835497835498	200.01441441441438
34566	527.2727272727273	370.10450450450446
34599	671.5728715728715	429.2036036036036
34632	608.080808080808	355.69009009009005
34664	587.8787878787879	371.54594594594596
34696	514.2857142857142	576.2306306306306
34728	600.8658008658009	300.9153153153153
34762	765.3679653679653	530.1045045045046
34793	430.5916305916306	437.85225225225224
34824	507.070707070707	365.78018018018014
34855	535.930735930736	445.05945945945945
34886	432.034632034632	434.96936936936936
34918	430.5916305916306	403.25765765765766
34951	629.7258297258297	433.527927927928
34983	468.10966810966806	458.0324324324324
35015	505.62770562770567	261.9963963963964
35054	641.2698412698412	571.9063063063063
35085	625.3968253968254	423.4378378378378
35118	590.7647907647907	543.0774774774775
35148	724.9639249639249	427.76216216216216
35182	626.8398268398267	511.36576576576573
35226	576.3347763347763	483.97837837837835
35259	704.7619047619047	375.8702702702703
35292	583.5497835497835	391.7261261261261
35325	719.1919191919192	344.1585585585585
35355	727.8499278499279	440.73513513513507
35394	766.8109668109669	221.63603603603602
35436	799.9999999999999	358.572972972973
35468	462.3376623376623	586.3207207207207
35500	789.8989898989898	342.7171171171171
35546	447.90764790764786	442.1765765765766
35586	665.8008658008657	458.0324324324324
35624	352.6695526695527	424.87927927927933
35655	520.05772005772	520.0144144144143
35692	-127.84992784992785	106.32072072072071
35732	-64.35786435786434	380.1945945945946
35768	69.84126984126985	286.5009009009009
35804	-42.7128427128427	486.8612612612613
35835	-38.38383838383837	602.1765765765766
35867	-75.90187590187588	443.618018018018
35898	85.71428571428572	450.82522522522515
35928	-36.94083694083693	616.590990990991
35961	139.1053391053391	195.69009009009008
35992	10.678210678210686	329.7441441441441
36023	42.424242424242436	514.2486486486487
36063	159.30735930735932	309.563963963964
36103	131.89033189033188	596.4108108108107
36134	130.44733044733044	354.24864864864867
36166	108.80230880230881	485.41981981981974
36200	0.5772005772005855	463.7981981981982
36241	-12.409812409812401	414.78918918918913
36274	144.87734487734488	656.9513513513514
36312	284.8484848484849	661.2756756756756
36347	82.82828282828284	481.09549549549547
36381	127.56132756132757	563.2576576576577
36411	297.83549783549785	488.30270270270273
36445	297.83549783549785	488.30270270270273
36485	160.75036075036076	681.4558558558558
36527	465.2236652236652	682.8972972972973
36565	287.73448773448774	486.8612612612613
36596	413.27561327561324	502.7171171171171
36631	374.31457431457426	615.1495495495495
36673	215.5844155844156	491.18558558558556
36709	312.26551226551226	498.39279279279276
36749	566.2337662337662	486.8612612612613
36789	479.6536796536796	566.1405405405405
36828	387.30158730158723	434.96936936936936
36866	492.6406926406926	615.1495495495495
36900	439.24963924963924	554.609009009009
36938	621.067821067821	692.9873873873873
36970	550.3607503607502	658.3927927927928
37002	403.17460317460313	447.94234234234233
37036	486.86868686868684	560.3747747747748
37073	439.24963924963924	508.48288288288285
37129	356.998556998557	654.0684684684685
37161	447.90764790764786	570.4648648648648
37194	688.8888888888889	404.69909909909904
37225	717.7489177489177	311.0054054054054
37254	590.7647907647907	318.2126126126126
37285	488.3116883116883	446.5009009009009
37318	547.4747474747475	554.609009009009
37349	445.021645021645	347.0414414414414
37379	364.2135642135642	289.38378378378377
37411	499.8556998556998	589.2036036036036
37450	694.6608946608947	612.2666666666667
37486	465.2236652236652	361.4558558558558
37517	723.5209235209235	494.06846846846844
37549	792.7849927849927	479.6540540540541
37588	479.6536796536796	442.1765765765766
37631	463.78066378066376	554.609009009009
37666	579.2207792207791	430.64504504504504
37699	548.9177489177489	437.85225225225224
37730	511.3997113997114	610.8252252252253
37762	639.8268398268398	633.8882882882883
37793	746.6089466089467	345.6
37824	749.4949494949494	541.636036036036
37856	789.8989898989898	468.12252252252244
37885	911.1111111111111	285.05945945945945
37918	645.5988455988456	469.563963963964
37951	905.3391053391053	409.0234234234234
37982	684.5598845598845	462.35675675675674
38014	994.8051948051948	178.39279279279282
38045	1071.2842712842712	339.8342342342342
38077	263.20346320346323	387.40180180180175
38109	-77.34487734487735	211.54594594594593
38141	33.766233766233775	365.78018018018014
38179	-111.97691197691196	286.5009009009009
38222	-32.611832611832604	390.2846846846847
38254	131.89033189033188	433.527927927928
38286	-52.813852813852805	243.25765765765763
38318	195.38239538239537	404.69909909909904
38351	172.2943722943723	541.636036036036
38382	69.84126984126985	574.7891891891892
38412	6.349206349206357	570.4648648648648
38447	-169.6969696969697	538.7531531531532
38482	-90.33189033189032	335.5099099099099
38512	-75.90187590187588	564.6990990990992
38545	247.33044733044736	429.2036036036036
38578	287.73448773448774	440.73513513513507
38611	231.45743145743148	504.1585585585586
38641	626.8398268398267	528.663063063063
38682	635.4978354978355	603.618018018018
38728	771.1399711399712	558.9333333333333
38762	732.1789321789322	545.9603603603603
38796	732.1789321789322	403.25765765765766
38827	805.7720057720057	472.4468468468468
38860	636.9408369408369	485.41981981981974
38893	406.060606060606	188.48288288288288
38925	784.1269841269841	331.18558558558556
38958	710.5339105339104	463.7981981981982
38990	459.45165945165945	385.96036036036037
39022	1007.7922077922077	527.2216216216216
39055	677.3448773448773	261.9963963963964
39087	720.6349206349206	465.2396396396396
39129	869.2640692640692	406.1405405405405
39161	752.3809523809524	528.663063063063
39200	892.3520923520923	450.82522522522515
39245	825.974025974026	349.92432432432435
39286	281.96248196248195	456.590990990991
39319	196.8253968253968	437.85225225225224
39350	35.20923520923522	442.1765765765766
39387	32.32323232323233	384.5189189189189
39428	107.35930735930737	414.78918918918913
39459	69.84126984126985	466.68108108108106
39492	238.6724386724387	517.1315315315316
39524	74.17027417027418	553.1675675675675
39555	157.86435786435788	648.3027027027026
39587	137.66233766233768	478.21261261261265
39630	69.84126984126985	496.9513513513514
39661	-145.16594516594517	481.09549549549547
39692	-47.04184704184703	411.9063063063063
39726	188.16738816738817	518.5729729729729
39766	143.43434343434345	566.1405405405405
39810	-29.72582972582972	453.7081081081081
39847	251.6594516594517	426.3207207207207
39888	170.85137085137086	488.30270270270273
39927	153.53535353535355	450.82522522522515
39961	166.52236652236655	724.699099099099
39996	98.70129870129871	531.545945945946
40026	427.7056277056277	393.1675675675676
40066	130.44733044733044	499.8342342342342
40105	217.02741702741704	605.0594594594594
40137	48.1962481962482	537.3117117117116
40171	95.81529581529583	550.2846846846846
40202	540.2597402597402	622.3567567567567
40234	462.3376623376623	504.1585585585586
40269	395.9595959595959	656.9513513513514
40311	248.7734487734488	328.3027027027027
40343	281.96248196248195	440.73513513513507
40376	407.5036075036075	495.50990990990994
40410	394.51659451659447	397.4918918918919
40447	394.51659451659447	397.4918918918919
40482	641.2698412698412	410.46486486486486
40516	524.3867243867244	326.86126126126123
40547	437.80663780663775	522.8972972972973
40579	632.6118326118326	322.5369369369369
40613	499.8556998556998	547.4018018018019
40644	326.6955266955267	401.8162162162162
40673	505.62770562770567	548.8432432432433
40705	609.5238095238095	491.18558558558556
40740	501.29870129870125	397.4918918918919
40774	548.9177489177489	338.39279279279276
40810	789.8989898989898	285.05945945945945
40848	811.5440115440115	362.8972972972973
40888	750.9379509379509	436.4108108108108
40930	563.3477633477632	375.8702702702703
40967	857.7200577200576	534.4288288288288
41000	823.0880230880231	548.8432432432433
41035	590.7647907647907	322.5369369369369
41073	812.9870129870129	347.0414414414414
41105	903.8961038961039	625.2396396396397
41142	662.9148629148629	620.9153153153153
41184	795.6709956709957	338.39279279279276
41216	843.2900432900433	522.8972972972973
41246	843.2900432900433	522.8972972972973
41283	573.4487734487734	306.68108108108106
41325	453.67965367965365	290.8252252252252
41360	507.070707070707	550.2846846846846
41392	590.7647907647907	501.27567567567564
41425	472.43867243867237	429.2036036036036
41456	592.2077922077922	475.3297297297297
41496	671.5728715728715	524.3387387387387
41533	491.1976911976912	407.58198198198204
41567	632.6118326118326	531.545945945946
41608	755.2669552669552	518.5729729729729
41649	694.6608946608947	355.69009009009005
41689	739.3939393939394	401.8162162162162
41728	602.3088023088022	494.06846846846844
41770	639.8268398268398	371.54594594594596
41901	761.0389610389609	556.0504504504505
41977	576.3347763347763	521.4558558558559
42033	645.5988455988456	483.97837837837835
42083	615.2958152958153	347.0414414414414
42132	610.966810966811	479.6540540540541
42172	779.7979797979797	296.590990990991
42210	703.3189033189033	507.0414414414414
42248	779.7979797979797	486.8612612612613
42284	694.6608946608947	520.0144144144143
42315	587.8787878787879	561.8162162162162
42344	599.4227994227994	417.67207207207207
42377	697.5468975468975	460.91531531531535
42412	792.7849927849927	443.618018018018
42445	792.7849927849927	443.618018018018
42477	726.4069264069263	387.40180180180175
42522	670.1298701298701	215.87027027027025
42557	740.8369408369408	237.4918918918919
42588	745.1659451659451	514.2486486486487
42618	677.3448773448773	511.36576576576573
42649	726.4069264069263	453.7081081081081
42687	267.5324675324676	486.8612612612613
42730	-238.96103896103895	282.17657657657657
42772	-133.6219336219336	383.07747747747743
42811	64.06926406926408	409.0234234234234
42841	97.25829725829726	449.38378378378377
42875	26.55122655122656	378.7531531531531
42912	26.55122655122656	571.9063063063063
42948	-132.17893217893217	602.1765765765766
42983	61.183261183261195	558.9333333333333
43014	75.61327561327562	518.5729729729729
43046	3.4632034632034716	538.7531531531532
43084	100.14430014430015	466.68108108108106
43125	230.01443001443002	530.1045045045046
43163	-0.8658008658008576	756.4108108108109
43195	87.15728715728717	380.1945945945946
43228	87.15728715728717	509.9243243243243
43267	-22.510822510822504	339.8342342342342
43298	165.0793650793651	586.3207207207207
43329	180.95238095238093	625.2396396396397
43362	205.48340548340548	385.96036036036037
43394	144.87734487734488	390.2846846846847
43424	114.57431457431458	479.6540540540541
43457	77.05627705627705	560.3747747747748
43492	-42.7128427128427	623.7981981981982
43525	100.14430014430015	507.0414414414414
43560	111.6883116883117	661.2756756756756
43592	9.235209235209243	409.0234234234234
43626	100.14430014430015	476.7711711711711
43657	136.21933621933624	668.4828828828829
43686	136.21933621933624	668.4828828828829
43717	455.1226551226551	501.27567567567564
43750	240.11544011544012	580.554954954955
43782	139.1053391053391	455.14954954954953
43819	108.80230880230881	744.8792792792792
43864	271.86147186147184	554.609009009009
43914	105.91630591630592	570.4648648648648
43952	147.76334776334775	479.6540540540541
43985	331.02453102453103	517.1315315315316
44026	199.71139971139974	504.1585585585586
44072	348.34054834054837	547.4018018018019
44114	419.047619047619	594.9693693693694
44146	270.41847041847046	475.3297297297297
44184	118.90331890331892	564.6990990990992
44223	266.0894660894661	432.0864864864864
44265	182.39538239538243	378.7531531531531
44298	90.04329004329006	734.7891891891892
44328	98.70129870129871	723.2576576576577
44370	290.6204906204906	610.8252252252253
44418	294.949494949495	672.8072072072072
44450	369.98556998556995	729.0234234234233
44479	260.31746031746036	654.0684684684685
44511	329.5815295815296	765.0594594594595
44559	152.09235209235212	750.645045045045
44591	19.336219336219347	583.4378378378378
44624	-62.91486291486291	612.2666666666667
44655	-84.55988455988455	622.3567567567567
44686	173.73737373737376	596.4108108108107
44717	-146.6089466089466	613.708108108108
44747	-77.34487734487735	567.5819819819819
44778	30.88023088023089	554.609009009009
44809	87.15728715728717	398.93333333333334
44838	179.5093795093795	520.0144144144143
44869	62.626262626262644	544.5189189189189
44900	40.98124098124099	674.2486486486487
44932	146.32034632034632	569.0234234234234
44964	336.7965367965368	594.9693693693694
44996	270.41847041847046	596.4108108108107
45030	289.1774891774892	603.618018018018
45061	390.18759018759016	556.0504504504505
45100	294.949494949495	661.2756756756756
45140	316.5945165945166	754.9693693693694
45182	156.42135642135642	466.68108108108106
45213	440.6926406926406	717.4918918918919
45250	276.1904761904762	711.7261261261261
45292	74.17027417027418	543.0774774774775
45333	-0.8658008658008576	625.2396396396397
45365	139.1053391053391	740.554954954955
45400	206.92640692640694	721.8162162162163
45430	-31.16883116883116	586.3207207207207
45461	84.27128427128427	607.9423423423424
45493	-13.852813852813844	532.9873873873873
45527	137.66233766233768	628.1225225225226
45560	209.8124098124098	642.536936936937
45593	163.63636363636363	688.6630630630631
45627	165.0793650793651	583.4378378378378
45658	231.45743145743148	488.30270270270273
45689	312.26551226551226	754.9693693693694
45719	339.6825396825397	783.7981981981982
45749	494.08369408369407	750.645045045045
45781	447.90764790764786	517.1315315315316
45814	178.06637806637806	570.4648648648648
45846	346.89754689754693	566.1405405405405
45876	319.4805194805195	682.8972972972973
45908	245.8874458874459	388.84324324324325
45938	280.5194805194805	707.4018018018018
45967	387.30158730158723	615.1495495495495
46001	411.83261183261175	654.0684684684685
46032	173.73737373737376	695.8702702702703
46064	280.5194805194805	616.590990990991
46096	241.55844155844156	789.5639639639639
46127	281.96248196248195	603.618018018018
46158	209.8124098124098	643.9783783783784
46191	-48.48484848484848	741.9963963963963
46222	377.20057720057713	545.9603603603603
46254	126.11832611832612	622.3567567567567
46286	335.35353535353534	675.69009009009
46317	205.48340548340548	723.2576576576577
46348	84.27128427128427	612.2666666666667
46391	110.24531024531026	737.6720720720721
46432	195.38239538239537	756.4108108108109
46466	359.8845598845599	645.4198198198198
46501	354.1125541125541	599.2936936936937
46533	305.0505050505051	685.7801801801802
46564	362.7705627705628	649.7441441441441
46596	331.02453102453103	682.8972972972973
46626	222.7994227994228	669.9243243243243
46661	218.47041847041848	655.5099099099099
46695	185.2813852813853	687.2216216216216
46724	40.98124098124099	690.1045045045045
46755	320.9235209235209	730.4648648648649
46787	166.52236652236655	656.9513513513514
46817	351.22655122655124	521.4558558558559
46847	271.86147186147184	674.2486486486487
46878	71.2842712842713	659.8342342342343
46909	133.33333333333334	576.2306306306306
46946	143.43434343434345	532.9873873873873
46984	84.27128427128427	785.2396396396397
47016	78.49927849927852	707.4018018018018
47048	39.538239538239544	531.545945945946
47080	61.183261183261195	672.8072072072072
47115	85.71428571428572	713.1675675675676
47149	-42.7128427128427	681.4558558558558
47191	188.16738816738817	603.618018018018
47227	123.23232323232324	806.8612612612613
47265	154.978354978355	445.05945945945945
47309	62.626262626262644	652.627027027027
47349	104.47330447330448	705.9603603603604
47386	139.1053391053391	390.2846846846847
47424	179.5093795093795	530.1045045045046
47469	36.65223665223666	652.627027027027
47518	23.665223665223674	602.1765765765766
47563	302.1645021645022	383.07747747747743
47600	359.8845598845599	603.618018018018
47632	248.7734487734488	590.6450450450451
47662	271.86147186147184	801.0954954954955
47694	100.14430014430015	483.97837837837835
47726	307.93650793650795	678.5729729729729
47758	214.14141414141417	729.0234234234233
47791	198.2683982683983	655.5099099099099
47821	185.2813852813853	619.4738738738739
47854	241.55844155844156	610.8252252252253
47887	283.40548340548344	615.1495495495495
47918	224.24242424242425	714.609009009009
47948	113.13131313131314	580.554954954955
47981	172.2943722943723	753.5279279279279
48014	-8.080808080808072	658.3927927927928
48052	153.53535353535355	498.39279279279276
48085	-146.6089466089466	629.5639639639639
48118	159.30735930735932	573.3477477477478
48149	173.73737373737376	643.9783783783784
48180	326.6955266955267	531.545945945946
48213	127.56132756132757	489.7441441441441
48245	113.13131313131314	737.6720720720721
48279	90.04329004329006	616.590990990991
48311	127.56132756132757	695.8702702702703
48346	46.75324675324676	736.2306306306306
48384	206.92640692640694	609.3837837837838
48416	165.0793650793651	668.4828828828829
48449	159.30735930735932	671.3657657657658
48480	38.09523809523811	756.4108108108109
48512	245.8874458874459	772.2666666666667
48544	170.85137085137086	708.8432432432433
48581	297.83549783549785	485.41981981981974
48621	188.16738816738817	632.4468468468468
48660	319.4805194805195	740.554954954955
48691	268.97546897546897	583.4378378378378
48723	-67.24386724386723	675.69009009009
48755	78.49927849927852	695.8702702702703
48790	25.108225108225117	570.4648648648648
48828	202.5974025974026	717.4918918918919
48872	-52.813852813852805	609.3837837837838
48907	79.94227994227995	716.0504504504504
48950	88.60028860028861	684.3387387387387
48992	-48.48484848484848	750.645045045045
49031	315.1515151515152	603.618018018018
49065	185.2813852813853	609.3837837837838
49099	222.7994227994228	596.4108108108107
49130	172.2943722943723	708.8432432432433
49162	100.14430014430015	609.3837837837838
49200	192.4963924963925	677.1315315315316
49238	179.5093795093795	440.73513513513507
49270	103.03030303030305	739.1135135135136
49308	205.48340548340548	473.88828828828827
49408	241.55844155844156	668.4828828828829
49452	143.43434343434345	754.9693693693694
49487	165.0793650793651	641.0954954954955
49519	98.70129870129871	594.9693693693694
49555	228.57142857142858	704.518918918919
49587	32.32323232323233	584.8792792792792
49620	240.11544011544012	746.3207207207207
49650	240.11544011544012	746.3207207207207
49690	59.740259740259745	662.7171171171171
49735	238.6724386724387	703.0774774774775
49769	185.2813852813853	786.6810810810811
49800	328.13852813852816	811.1855855855856
49839	253.1024531024531	721.8162162162163
49875	-22.510822510822504	599.2936936936937
49907	248.7734487734488	692.9873873873873
49940	387.30158730158723	518.5729729729729
49971	140.54834054834055	798.2126126126126
50003	289.1774891774892	707.4018018018018
50035	211.25541125541125	618.0324324324324
50067	137.66233766233768	618.0324324324324
50108	293.5064935064935	577.6720720720721
50143	108.80230880230881	577.6720720720721
50173	-101.87590187590187	491.18558558558556
50205	127.56132756132757	665.6
50238	105.91630591630592	695.8702702702703
50274	15.007215007215017	594.9693693693694
50310	129.004329004329	495.50990990990994
50341	-18.181818181818173	550.2846846846846
50373	19.336219336219347	473.88828828828827
50405	95.81529581529583	468.12252252252244
50437	-90.33189033189032	579.1135135135135
50471	273.30447330447333	567.5819819819819
50504	117.46031746031747	589.2036036036036
50538	198.2683982683983	727.5819819819819
50569	303.6075036075036	714.609009009009
50601	205.48340548340548	411.9063063063063
50634	349.7835497835498	537.3117117117116
50668	182.39538239538243	537.3117117117116
50706	124.67532467532469	544.5189189189189
50746	113.13131313131314	492.627027027027
50785	384.41558441558436	515.69009009009
50825	114.57431457431458	656.9513513513514
50856	303.6075036075036	659.8342342342343
50885	316.5945165945166	554.609009009009
50922	129.004329004329	613.708108108108
50977	160.75036075036076	714.609009009009
51015	182.39538239538243	786.6810810810811
51054	221.35642135642135	531.545945945946
51093	270.41847041847046	638.2126126126126
51131	255.988455988456	579.1135135135135
51170	338.2395382395382	780.9153153153153
51201	394.51659451659447	599.2936936936937
51233	258.87445887445887	535.8702702702702
51265	273.30447330447333	659.8342342342343
51297	371.4285714285714	535.8702702702702
51330	423.37662337662334	691.545945945946
51361	218.47041847041848	726.1405405405405
51393	147.76334776334775	718.9333333333333
51440	-16.73881673881673	668.4828828828829
51484	84.27128427128427	486.8612612612613
51515	16.45021645021646	537.3117117117116
51549	-41.269841269841265	564.6990990990992
51581	65.51226551226551	743.4378378378378
51613	130.44733044733044	692.9873873873873
51643	212.6984126984127	691.545945945946
51673	134.77633477633478	602.1765765765766
51705	297.83549783549785	796.7711711711711
51740	315.1515151515152	509.9243243243243
51780	-70.12987012987013	478.21261261261265
51810	121.78932178932179	618.0324324324324
51844	131.89033189033188	685.7801801801802
51883	290.6204906204906	612.2666666666667
51922	367.0995670995671	564.6990990990992
51955	280.5194805194805	724.699099099099
52001	326.6955266955267	626.6810810810811
52035	260.31746031746036	720.3747747747747
52065	85.71428571428572	416.2306306306307
52098	-117.74891774891775	544.5189189189189
52129	91.48629148629149	527.2216216216216
52160	-35.49783549783549	491.18558558558556
52193	97.25829725829726	534.4288288288288
52224	129.004329004329	541.636036036036
52254	195.38239538239537	377.3117117117117
52288	12.12121212121213	237.4918918918919
52319	107.35930735930737	375.8702702702703
52350	27.994227994228	212.98738738738737
52390	270.41847041847046	344.1585585585585
52425	111.6883116883117	223.0774774774775
52465	88.60028860028861	292.26666666666665
52505	273.30447330447333	210.10450450450452
52548	2.0202020202020283	32.807207207207206
52587	-60.028860028860024	208.66306306306305
52623	273.30447330447333	171.18558558558559
52658	179.5093795093795	87.58198198198198
52695	215.5844155844156	212.98738738738737
52735	331.02453102453103	68.84324324324324
52773	299.2784992784993	58.75315315315315
52812	354.1125541125541	202.89729729729729
52853	258.87445887445887	189.92432432432432
52889	92.92929292929293	149.56396396396397
52923	333.91053391053396	22.717117117117116
52963	696.1038961038961	266.3207207207207
53004	710.5339105339104	351.36576576576573
53040	577.7777777777777	112.08648648648649
53073	482.5396825396825	138.03243243243244
53113	468.10966810966806	290.8252252252252
53156	391.6305916305916	179.83423423423423
53189	615.2958152958153	233.16756756756754
53222	126.11832611832612	458.0324324324324
53262	329.5815295815296	290.8252252252252
53294	189.61038961038963	205.7801801801802
53326	307.93650793650795	106.32072072072071
53357	279.0764790764791	407.58198198198204
53389	227.12842712842712	393.1675675675676
53421	225.68542568542568	442.1765765765766
53452	230.01443001443002	323.97837837837835
53486	473.88167388167386	296.590990990991
53518	511.3997113997114	401.8162162162162
53554	662.9148629148629	419.1135135135135
53605	449.35064935064935	322.5369369369369
53642	527.2727272727273	450.82522522522515
53681	691.7748917748917	354.24864864864867
53718	737.9509379509379	378.7531531531531
53751	535.930735930736	197.13153153153152
53785	608.080808080808	332.627027027027
53817	665.8008658008657	237.4918918918919
53848	665.8008658008657	237.4918918918919
53882	690.3318903318903	249.02342342342342
53913	687.4458874458874	295.14954954954953
53942	665.8008658008657	344.1585585585585
53976	667.2438672438672	387.40180180180175
54008	439.24963924963924	234.609009009009
54054	527.2727272727273	298.0324324324324
54104	432.034632034632	387.40180180180175
54139	569.1197691197691	315.3297297297297
54176	735.064935064935	341.27567567567564
54221	414.71861471861473	305.2396396396397
54253	290.6204906204906	417.67207207207207
54285	476.76767676767673	440.73513513513507
54317	761.0389610389609	179.83423423423423
54348	458.00865800865796	471.0054054054054
54379	593.6507936507936	507.0414414414414
54411	550.3607503607502	347.0414414414414
54442	661.4718614718614	479.6540540540541
54475	527.2727272727273	285.05945945945945
54508	462.3376623376623	292.26666666666665
54540	492.6406926406926	187.04144144144144
54570	400.28860028860026	250.46486486486486
54604	494.08369408369407	564.6990990990992
54637	263.20346320346323	251.90630630630628
54670	572.005772005772	453.7081081081081
54709	329.5815295815296	155.32972972972973
54740	469.5526695526695	276.4108108108108
54773	318.03751803751805	325.4198198198198
54803	274.7474747474747	351.36576576576573
54835	404.61760461760457	478.21261261261265
54867	554.6897546897546	298.0324324324324
54897	319.4805194805195	212.98738738738737
54930	423.37662337662334	292.26666666666665
54962	481.0966810966811	387.40180180180175
54997	609.5238095238095	194.24864864864864
55029	446.4646464646465	413.3477477477477
55065	175.1803751803752	443.618018018018
55096	127.56132756132757	622.3567567567567
55137	78.49927849927852	556.0504504504505
55180	382.972582972583	455.14954954954953
55219	382.972582972583	455.14954954954953
55251	146.32034632034632	378.7531531531531
55283	309.3795093795094	632.4468468468468
55314	359.8845598845599	479.6540540540541
55344	445.021645021645	508.48288288288285
55377	647.041847041847	612.2666666666667
55408	264.6464646464646	609.3837837837838
55440	488.3116883116883	433.527927927928
55475	300.7215007215007	687.2216216216216
55515	274.7474747474747	564.6990990990992
55551	283.40548340548344	515.69009009009
55583	235.7864357864358	567.5819819819819
55620	351.22655122655124	566.1405405405405
55657	339.6825396825397	635.3297297297297
55693	59.740259740259745	440.73513513513507
55725	201.15440115440117	705.9603603603604
55757	22.22222222222223	629.5639639639639
55789	172.2943722943723	883.2576576576577
55822	182.39538239538243	508.48288288288285
55853	-34.054834054834046	619.4738738738739
55886	-25.39682539682539	335.5099099099099
55918	-527.5613275613275	886.1405405405404
55948	-351.5151515151515	852.9873873873873
55982	-187.012987012987	658.3927927927928
56013	20.779220779220786	423.4378378378378
56045	-523.2323232323233	511.36576576576573
56075	-276.47907647907647	607.9423423423424
56105	-175.46897546897546	349.92432432432435
56139	-228.86002886002885	159.65405405405406
56171	-175.46897546897546	380.1945945945946
56205	-267.8210678210678	494.06846846846844
56251	-15.295815295815288	485.41981981981974
56299	133.33333333333334	370.10450450450446
56337	94.37229437229439	540.1945945945946
56371	356.998556998557	543.0774774774775
56401	397.4025974025974	525.7801801801802
56433	377.20057720057713	450.82522522522515
56464	395.9595959595959	316.77117117117115
56499	404.61760461760457	508.48288288288285
56531	238.6724386724387	436.4108108108108
56565	424.8196248196248	289.38378378378377
56595	469.5526695526695	427.76216216216216
56627	433.47763347763345	358.572972972973
56658	384.41558441558436	218.75315315315316
56689	-28.282828282828273	143.7981981981982
56721	345.45454545454544	401.8162162162162
56754	134.77633477633478	-40.70630630630631
56786	281.96248196248195	28.482882882882883
56904	866.3780663780664	286.5009009009009
56949	916.8831168831168	-0.34594594594594624
56982	856.2770562770562	316.77117117117115
57015	1225.6854256854258	31.36576576576576
57062	1423.3766233766235	321.09549549549547
57103	1328.138528138528	269.2036036036036
57136	1437.8066378066378	361.4558558558558
57173	1338.2395382395382	202.89729729729729
57207	1618.1818181818185	537.3117117117116
57240	1582.1067821067822	355.69009009009005
57274	1348.3405483405484	361.4558558558558
57306	1763.9249639249642	194.24864864864864
57346	1483.9826839826842	372.98738738738734
57387	1465.2236652236652	257.67207207207207
57436	1573.4487734487736	482.5369369369369
57486	1095.8152958152957	426.3207207207207
57519	1336.7965367965369	553.1675675675675
57569	1374.3145743145744	446.5009009009009
57624	1498.4126984126985	518.5729729729729
57667	1339.6825396825395	352.80720720720717
57706	1421.933621933622	481.09549549549547
57746	1287.7344877344876	437.85225225225224
57788	1612.4098124098125	442.1765765765766
57821	1250.21645021645	420.55495495495495
57852	1191.053391053391	309.563963963964
57884	587.8787878787879	724.699099099099
57919	684.5598845598845	724.699099099099
57985	498.4126984126984	855.8702702702703
58035	234.34343434343435	989.9243243243243
58081	134.77633477633478	749.2036036036036
58119	292.0634920634921	871.726126126126
58159	407.5036075036075	912.0864864864865
58198	209.8124098124098	854.4288288288287
58235	27.994227994228	998.572972972973
58267	-9.523809523809517	913.527927927928
58301	-21.067821067821058	814.0684684684684
58336	230.01443001443002	1027.4018018018016
58381	277.63347763347764	829.9243243243243
58413	126.11832611832612	972.627027027027
58453	351.22655122655124	948.1225225225226
58492	507.070707070707	1012.9873873873875
58527	504.1847041847042	952.4468468468468
58558	651.3708513708514	926.500900900901
58618	348.34054834054837	1172.9873873873873
58655	634.054834054834	1020.1945945945946
58688	772.5829725829726	953.8882882882882
58718	610.966810966811	828.4828828828829
58752	613.8528138528138	1138.3927927927928
58787	286.2914862914863	1063.4378378378378
58818	364.2135642135642	1010.1045045045045
58848	356.998556998557	867.4018018018018
58886	204.04040404040404	975.5099099099098
58939	-48.48484848484848	1008.663063063063
58974	167.965367965368	844.3387387387387
59009	355.55555555555554	917.8522522522522
59042	104.47330447330448	854.4288288288287
59072	559.0187590187589	914.9693693693694
59118	1250.21645021645	890.4648648648649
59151	1371.4285714285713	873.1675675675676
59185	1219.9134199134198	537.3117117117116
59218	1255.988455988456	583.4378378378378
59249	1175.180375180375	391.7261261261261
59281	1209.8124098124097	520.0144144144143
59328	911.1111111111111	569.0234234234234
59360	1302.164502164502	86.14054054054053
59391	1320.9235209235208	633.8882882882883
59422	1333.910533910534	700.1945945945946
59453	1381.5295815295817	566.1405405405405
59485	1381.5295815295817	455.14954954954953
59521	1266.0894660894662	622.3567567567567
59563	1238.6724386724386	711.7261261261261
59606	1267.5324675324675	651.1855855855856
59644	1172.2943722943721	563.2576576576577
59685	1215.5844155844156	638.2126126126126
59735	1342.5685425685426	584.8792792792792
59769	1167.965367965368	553.1675675675675
59819	1478.2106782106782	785.2396396396397
59868	1603.751803751804	530.1045045045046
59900	1430.5916305916307	531.545945945946
59935	1329.5815295815296	515.69009009009
59967	1336.7965367965369	440.73513513513507
60006	1136.2193362193361	577.6720720720721
60051	1642.7128427128428	667.0414414414414
60082	1442.1356421356422	626.6810810810811
60115	1446.4646464646464	522.8972972972973
60153	1267.5324675324675	623.7981981981982
60202	1312.2655122655121	664.1585585585585
60245	1271.8614718614717	681.4558558558558
60277	1458.008658008658	571.9063063063063
60307	1429.148629148629	616.590990990991
60346	1335.3535353535353	531.545945945946
60384	1238.6724386724386	645.4198198198198
60413	1217.027417027417	528.663063063063
60443	1313.7085137085137	845.7801801801802
60476	1316.5945165945166	708.8432432432433
60509	1367.0995670995671	668.4828828828829
60542	1143.4343434343434	309.563963963964
60584	1126.118326118326	710.2846846846846
60623	596.5367965367965	618.0324324324324
60664	413.27561327561324	739.1135135135136
60704	346.89754689754693	570.4648648648648
60738	253.1024531024531	643.9783783783784
60768	-5.194805194805187	691.545945945946
60800	-212.98701298701297	496.9513513513514
60831	300.7215007215007	447.94234234234233
60861	217.02741702741704	844.3387387387387
60894	124.67532467532469	675.69009009009
60928	196.8253968253968	635.3297297297297
60959	463.78066378066376	629.5639639639639
60990	413.27561327561324	615.1495495495495
61022	349.7835497835498	459.4738738738738
61054	478.2106782106782	602.1765765765766
61083	635.4978354978355	452.2666666666667
61117	374.31457431457426	400.3747747747748
61148	621.067821067821	362.8972972972973
61182	450.7936507936507	318.2126126126126
61224	450.7936507936507	318.2126126126126
61256	384.41558441558436	432.0864864864864
