time	x	y
1	864.0625000000001	-5.043235704323569
49	987.9464285714287	143.3528591352859
95	964.5089285714287	162.3207810320781
147	948.8839285714287	175.70990237099022
191	781.4732142857143	107.64853556485356
247	639.7321428571429	151.16317991631797
286	839.5089285714287	56.32357043235705
330	660.9375000000001	133.31101813110183
369	476.7857142857143	74.17573221757323
404	241.29464285714283	85.33333333333334
443	234.59821428571428	-57.483960948396096
498	326.1160714285714	77.52301255230127
536	340.625	-70.87308228730822
576	105.13392857142857	-107.6931659693166
616	271.4285714285714	-162.36541143654114
664	328.3482142857143	603.0460251046026
707	185.49107142857142	664.4128312412831
747	153.12499999999997	478.0808926080893
797	157.58928571428572	115.45885634588564
844	79.46428571428572	-12.85355648535565
880	77.23214285714286	-41.86331938633193
930	167.63392857142856	-87.60948396094838
974	336.1607142857143	37.35564853556485
1011	194.41964285714283	-21.779637377963738
1055	250.22321428571425	112.1115760111576
1097	247.99107142857142	-76.45188284518828
1134	149.77678571428572	-37.400278940027896
1174	192.18749999999997	-142.28172942817295
1212	361.8303571428571	4.998605299860531
1264	196.65178571428572	-11.737796373779636
1307	314.9553571428571	47.39748953974896
1346	462.2767857142857	136.65829846582983
1397	375.2232142857143	10.577405857740587
1440	524.7767857142857	106.53277545327755
1497	493.5267857142857	-100.99860529986053
1540	452.23214285714283	-83.14644351464435
1597	450.0	51.860529986053
1635	490.1785714285714	-41.86331938633193
1675	441.07142857142856	-111.04044630404462
1711	446.6517857142857	-80.91492329149233
1764	444.41964285714283	-19.548117154811713
1802	158.70535714285714	-3.927475592747559
1841	148.66071428571428	0.5355648535564859
1880	179.91071428571428	-77.56764295676429
1914	166.51785714285714	-99.88284518828452
1951	83.92857142857143	-79.7991631799163
1986	213.39285714285714	50.744769874476994
2026	215.62499999999997	-102.11436541143655
2063	119.64285714285715	-78.68340306834031
2114	110.71428571428572	-78.68340306834031
2164	157.58928571428572	38.47140864714087
2205	287.0535714285714	11.693165969316597
2246	250.22321428571425	13.924686192468618
2298	195.53571428571428	-26.24267782426778
2355	327.23214285714283	57.43933054393305
2396	242.41071428571428	66.36541143654114
2448	227.90178571428572	29.545327754532774
2486	93.97321428571429	-26.24267782426778
2522	165.40178571428572	-51.90516039051604
2560	144.19642857142856	-89.84100418410041
2596	230.13392857142856	-25.12691771269177
2648	218.97321428571428	119.92189679218967
2685	210.04464285714283	23.96652719665272
2724	185.49107142857142	64.13389121338912
2763	201.11607142857142	64.13389121338912
2813	299.3303571428571	105.41701534170154
2849	214.50892857142856	3.882845188284519
2896	394.19642857142856	-25.12691771269177
2946	466.7410714285714	443.49232914923294
2998	359.5982142857143	683.3807531380753
3039	402.00892857142856	671.1073919107391
3080	271.4285714285714	248.23430962343096
3130	339.50892857142856	177.94142259414224
3170	364.0625	195.79358437935844
3210	368.5267857142857	170.13110181311018
3266	453.3482142857143	115.45885634588564
3304	155.35714285714283	195.79358437935844
3347	111.83035714285715	109.88005578800559
3398	57.142857142857146	75.29149232914924
3444	112.94642857142857	151.16317991631797
3497	14.732142857142861	107.64853556485356
3537	152.00892857142856	77.52301255230127
3579	81.69642857142857	74.17573221757323
3634	120.75892857142857	63.01813110181311
3674	92.85714285714286	71.94421199442121
3731	199.99999999999997	212.5299860529986
3781	108.48214285714286	-7.274755927475593
3818	250.22321428571425	-18.432357043235704
3857	72.76785714285715	21.7350069735007
3895	79.46428571428572	-0.5801952580195253
3946	244.64285714285714	47.39748953974896
3988	127.45535714285714	39.58716875871688
4029	182.14285714285714	65.24965132496514
4081	272.54464285714283	17.271966527196653
4121	182.14285714285714	55.207810320781036
4162	167.63392857142856	179.05718270571828
4216	225.66964285714283	-65.29428172942818
4261	263.6160714285714	-10.622036262203626
4314	235.71428571428572	76.40725244072524
4364	268.0803571428571	49.629009762900985
4406	178.79464285714283	99.83821478382147
4447	285.9375	115.45885634588564
4498	354.0178571428571	67.48117154811716
4544	279.2410714285714	46.281729428172945
4597	243.52678571428572	70.82845188284519
4641	216.74107142857142	-11.737796373779636
4679	59.37500000000001	-78.68340306834031
4753	82.8125	68.59693165969317
4909	215.62499999999997	131.0794979079498
4946	82.8125	41.8186889818689
4986	100.66964285714286	-84.26220362622036
5024	183.25892857142856	-28.4741980474198
5079	304.9107142857143	103.18549511854951
5121	101.78571428571429	147.81589958158995
5160	251.33928571428572	154.51046025104603
5199	406.4732142857143	23.96652719665272
5247	149.77678571428572	64.13389121338912
5283	320.5357142857143	98.72245467224548
5320	493.5267857142857	-1.6959553695955365
5375	304.9107142857143	118.80613668061369
5413	304.9107142857143	118.80613668061369
5474	468.9732142857143	77.52301255230127
5510	438.8392857142857	140.00557880055788
5547	634.1517857142858	156.74198047419802
5597	202.23214285714283	89.79637377963738
5636	-2.008928571428568	67.48117154811716
5673	97.32142857142857	145.58437935843793
5712	144.19642857142856	170.13110181311018
5764	43.75000000000001	213.6457461645746
5802	-20.982142857142854	69.71269177126919
5847	195.53571428571428	154.51046025104603
5898	137.5	68.59693165969317
5948	188.83928571428572	212.5299860529986
5985	271.4285714285714	106.53277545327755
6022	64.95535714285715	138.88981868898188
6066	185.49107142857142	0.5355648535564859
6113	76.11607142857143	83.10181311018131
6153	282.5892857142857	-84.26220362622036
6194	347.32142857142856	6.114365411436542
6247	210.04464285714283	-20.663877266387725
6287	210.04464285714283	-28.4741980474198
6330	56.026785714285715	1.651324965132497
6381	-5.357142857142854	164.5523012552301
6421	81.69642857142857	60.786610878661094
6464	213.39285714285714	77.52301255230127
6506	98.4375	90.9121338912134
6546	117.41071428571429	142.2370990237099
6597	139.73214285714286	18.387726638772666
6647	166.51785714285714	34.00836820083682
6697	199.99999999999997	179.05718270571828
6747	212.27678571428572	220.34030683403066
6789	176.56249999999997	93.14365411436542
6831	317.1875	77.52301255230127
6881	224.55357142857142	74.17573221757323
6919	247.99107142857142	117.69037656903767
6956	174.33035714285714	261.6234309623431
6991	375.2232142857143	59.670850767085085
7030	196.65178571428572	257.160390516039
7070	-72.32142857142857	969.0153417015342
7114	547.0982142857142	576.2677824267782
7155	149.77678571428572	895.3751743375175
7193	211.16071428571428	665.5285913528592
7247	309.375	457.9972105997211
7314	336.1607142857143	298.4435146443515
7366	207.81249999999997	401.0934449093445
7403	239.06249999999997	375.43096234309627
7445	205.58035714285714	315.1799163179917
7514	185.49107142857142	325.22175732217573
7570	158.70535714285714	225.91910739191073
7633	175.44642857142856	314.06415620641565
7669	354.0178571428571	262.7391910739191
7706	308.25892857142856	338.6108786610879
7744	323.88392857142856	345.30543933054395
7802	199.99999999999997	276.12831241283124
7848	338.3928571428571	237.07670850767082
7885	569.4196428571429	200.2566248256625
7922	427.6785714285714	125.50069735006974
7961	503.57142857142856	228.15062761506275
7999	311.60714285714283	190.21478382147836
8047	339.50892857142856	163.43654114365413
8092	367.4107142857143	175.70990237099022
8147	397.54464285714283	104.30125523012552
8191	477.9017857142857	225.91910739191073
8248	354.0178571428571	182.40446304044627
8289	262.5	191.33054393305437
8347	254.6875	218.10878661087867
8387	259.1517857142857	257.160390516039
8428	214.50892857142856	298.4435146443515
8481	279.2410714285714	216.99302649930266
8520	325.0	247.11854951185495
8560	218.97321428571428	212.5299860529986
8614	362.94642857142856	195.79358437935844
8665	249.10714285714283	335.26359832635984
8702	164.28571428571428	270.54951185495116
8737	89.50892857142857	223.68758716875868
8775	69.41964285714286	282.8228730822873
8813	196.65178571428572	256.044630404463
8864	242.41071428571428	263.8549511854951
8901	266.9642857142857	202.48814504881446
8947	313.8392857142857	338.6108786610879
8989	379.6875	247.11854951185495
9028	285.9375	297.3277545327755
9081	451.1160714285714	320.7587168758717
9122	208.92857142857142	300.6750348675035
9159	256.91964285714283	251.58158995815901
9196	405.35714285714283	302.9065550906555
9247	358.48214285714283	193.56206415620642
9290	218.97321428571428	215.87726638772665
9329	359.5982142857143	192.44630404463038
9381	406.4732142857143	221.45606694560666
9423	487.94642857142856	335.26359832635984
9481	443.3035714285714	205.8354253835425
9527	445.5357142857143	184.63598326359832
9580	537.0535714285714	298.4435146443515
9624	598.4375000000001	269.4337517433752
9664	590.6250000000001	248.23430962343096
9715	560.4910714285714	212.5299860529986
9763	560.4910714285714	299.55927475592745
9803	622.9910714285714	343.07391910739193
9848	520.3125	309.6011157601116
9897	413.16964285714283	386.58856345885636
9935	442.1875	329.6847977684798
9971	254.6875	364.2733612273362
10009	202.23214285714283	333.0320781032078
10063	251.33928571428572	288.40167364016736
10099	204.46428571428572	290.63319386331943
10135	178.79464285714283	370.9679218967922
10170	332.8125	261.6234309623431
10212	301.5625	328.5690376569038
10250	214.50892857142856	381.00976290097634
10291	240.17857142857142	329.6847977684798
10347	359.5982142857143	320.7587168758717
10392	250.22321428571425	376.54672245467225
10430	218.97321428571428	346.42119944212
10481	207.81249999999997	300.6750348675035
10534	319.41964285714283	300.6750348675035
10581	330.5803571428571	334.1478382147838
10631	252.4553571428571	327.4532775453278
10672	206.69642857142856	269.4337517433752
10715	263.6160714285714	331.91631799163184
10763	292.63392857142856	378.7782426778243
10813	256.91964285714283	382.1255230125523
10864	167.63392857142856	470.2705718270572
10913	239.06249999999997	267.20223152022317
10954	261.38392857142856	386.58856345885636
10993	327.23214285714283	336.3793584379358
11049	208.92857142857142	388.8200836820084
11093	150.89285714285714	447.955369595537
11130	164.28571428571428	364.2733612273362
11181	174.33035714285714	348.652719665272
11226	163.16964285714283	384.35704323570434
11262	80.58035714285715	341.9581589958159
11314	192.18749999999997	310.7168758716876
11352	229.01785714285714	425.6401673640168
11391	107.36607142857143	403.3249651324965
11428	303.79464285714283	300.6750348675035
11463	115.17857142857143	362.0418410041841
11514	277.00892857142856	350.88423988842396
11558	454.4642857142857	354.231520223152
11597	349.5535714285714	282.8228730822873
11647	379.6875	410.0195258019526
11687	19.196428571428577	806.1143654114366
11724	-166.07142857142858	908.7642956764295
11764	713.3928571428571	543.910739191074
11820	285.9375	836.2398884239889
11860	164.28571428571428	798.3040446304045
11897	398.6607142857143	585.1938633193863
11948	306.0267857142857	667.7601115760112
11986	264.73214285714283	613.0878661087867
12030	465.625	500.39609483960953
12083	365.1785714285714	526.0585774058578
12124	465.625	534.9846582984658
12163	483.48214285714283	449.07112970711296
12215	489.0625	445.72384937238496
12259	561.6071428571429	389.9358437935844
12294	506.91964285714283	421.1771269177127
12346	601.7857142857143	417.82984658298466
12387	685.4910714285714	442.37656903765696
12425	490.1785714285714	449.07112970711296
12461	404.2410714285714	417.82984658298466
12497	327.23214285714283	370.9679218967922
12547	357.3660714285714	262.7391910739191
12593	426.5625	306.25383542538356
12628	386.38392857142856	295.09623430962347
12664	230.13392857142856	247.11854951185495
12714	375.2232142857143	290.63319386331943
12756	446.6517857142857	263.8549511854951
12794	516.9642857142857	291.7489539748954
12830	476.7857142857143	219.22454672245468
12880	541.5178571428571	213.6457461645746
12920	501.33928571428567	132.1952580195258
12957	554.9107142857142	246.00278940027894
13019	501.33928571428567	355.34728033472805
13054	505.80357142857144	266.0864714086471
13092	173.21428571428572	219.22454672245468
13148	289.2857142857143	176.82566248256623
13186	193.30357142857142	246.00278940027894
13225	260.2678571428571	166.78382147838212
13260	460.04464285714283	318.5271966527197
13296	402.00892857142856	369.8521617852162
13352	289.2857142857143	166.78382147838212
13394	406.4732142857143	248.23430962343096
13447	299.3303571428571	190.21478382147836
13515	489.0625	208.06694560669453
13554	355.13392857142856	232.6136680613668
13614	472.32142857142856	279.4755927475593
13664	490.1785714285714	287.2859135285914
13701	403.125	215.87726638772665
13743	471.2053571428571	357.5788005578801
13798	423.2142857142857	286.17015341701534
13840	316.07142857142856	345.30543933054395
13897	528.125	440.14504881450495
13941	409.82142857142856	341.9581589958159
13985	290.4017857142857	416.7140864714087
14030	484.5982142857143	383.24128312412836
14081	499.10714285714283	278.35983263598325
14122	595.0892857142858	270.54951185495116
14162	604.0178571428571	325.22175732217573
14214	455.5803571428571	311.83263598326363
14254	560.4910714285714	395.5146443514645
14291	531.4732142857142	341.9581589958159
14330	494.6428571428571	276.12831241283124
14415	433.25892857142856	311.83263598326363
14464	524.7767857142857	285.05439330543936
14514	529.2410714285714	345.30543933054395
14553	513.6160714285714	396.63040446304046
14592	629.6875000000001	335.26359832635984
14628	508.0357142857143	399.9776847977685
14681	575.0000000000001	359.8103207810321
14723	628.5714285714287	293.98047419804743
14763	511.38392857142856	317.41143654114364
14816	606.2500000000001	221.45606694560666
14855	532.5892857142857	329.6847977684798
14896	493.5267857142857	326.33751743375177
14964	650.8928571428571	288.40167364016736
15006	405.35714285714283	244.8870292887029
15046	483.48214285714283	292.86471408647145
15096	475.66964285714283	276.12831241283124
15147	695.5357142857143	233.72942817294282
15185	580.5803571428571	202.48814504881446
15224	580.5803571428571	202.48814504881446
15284	516.9642857142857	189.09902370990238
15322	404.2410714285714	301.7907949790795
15372	404.2410714285714	301.7907949790795
15414	424.3303571428571	285.05439330543936
15452	480.13392857142856	214.7615062761506
15490	458.9285714285714	295.09623430962347
15527	429.9107142857143	266.0864714086471
15583	388.6160714285714	209.18270571827057
15622	518.0803571428571	157.85774058577405
15658	511.38392857142856	227.03486750348674
15712	445.5357142857143	243.7712691771269
15766	480.13392857142856	176.82566248256623
15807	568.3035714285714	187.98326359832635
15865	542.6339285714286	212.5299860529986
15914	558.2589285714286	134.42677824267784
15964	588.3928571428571	189.09902370990238
16005	527.0089285714286	214.7615062761506
16049	463.3928571428571	257.160390516039
16098	589.5089285714287	219.22454672245468
16140	453.3482142857143	267.20223152022317
16181	342.85714285714283	216.99302649930266
16230	490.1785714285714	198.02510460251042
16272	407.5892857142857	260.50767085076706
16314	381.91964285714283	249.35006973500697
16381	460.04464285714283	216.99302649930266
16419	450.0	194.67782426778243
16460	458.9285714285714	234.84518828451883
16513	457.8125	205.8354253835425
16551	457.8125	205.8354253835425
16593	559.375	201.3723849372385
16648	560.4910714285714	88.68061366806137
16690	414.2857142857143	205.8354253835425
16747	445.5357142857143	174.5941422594142
16797	544.8660714285714	223.68758716875868
16834	579.4642857142858	129.96373779637378
16873	628.5714285714287	179.05718270571828
16911	563.8392857142857	225.91910739191073
16946	557.1428571428571	164.5523012552301
16998	545.9821428571429	235.96094839609486
17039	537.0535714285714	275.0125523012552
17076	500.2232142857143	211.4142259414226
17112	499.10714285714283	282.8228730822873
17163	556.0267857142857	39.58716875871688
17201	436.60714285714283	177.94142259414224
17237	444.41964285714283	146.70013947001394
17276	362.94642857142856	170.13110181311018
17312	345.0892857142857	198.02510460251042
17348	634.1517857142858	346.42119944212
17384	611.8303571428571	296.21199442119945
17423	655.3571428571429	289.5174337517434
17479	646.4285714285714	315.1799163179917
17528	670.9821428571429	241.53974895397488
17580	587.2767857142858	370.9679218967922
17620	354.0178571428571	345.30543933054395
17680	408.7053571428571	272.7810320781032
17718	386.38392857142856	305.1380753138075
17758	327.23214285714283	347.53695955369597
17795	372.9910714285714	311.83263598326363
17848	218.97321428571428	381.00976290097634
17886	325.0	310.7168758716876
17925	331.69642857142856	295.09623430962347
17980	408.7053571428571	244.8870292887029
18020	251.33928571428572	296.21199442119945
18064	301.5625	297.3277545327755
18114	306.0267857142857	273.8967921896792
18151	404.2410714285714	333.0320781032078
18186	495.75892857142856	263.8549511854951
18226	416.5178571428571	233.72942817294282
18263	527.0089285714286	224.80334728033472
18313	481.25	317.41143654114364
18359	393.0803571428571	246.00278940027894
18413	534.8214285714286	219.22454672245468
18475	566.0714285714286	241.53974895397488
18529	563.8392857142857	317.41143654114364
18568	542.6339285714286	338.6108786610879
18608	455.5803571428571	286.17015341701534
18647	586.1607142857143	282.8228730822873
18687	487.94642857142856	682.2649930264993
18724	114.0625	907.6485355648537
18762	428.79464285714283	490.3542538354254
18813	326.1160714285714	803.8828451882845
18849	451.1160714285714	771.5258019525802
18887	426.5625	585.1938633193863
18931	585.0446428571429	571.8047419804742
18973	461.1607142857143	523.8270571827057
19010	158.70535714285714	488.1227336122734
19044	262.5	466.9232914923292
19079	237.94642857142856	489.2384937238494
19131	280.35714285714283	453.534170153417
19172	236.83035714285714	439.02928870292885
19214	173.21428571428572	459.1129707112971
19253	327.23214285714283	464.69177126917714
19291	270.3125	421.1771269177127
19330	346.2053571428571	375.43096234309627
19381	396.4285714285714	312.94839609483967
19418	447.7678571428571	383.24128312412836
19455	415.4017857142857	412.25104602510464
19497	417.63392857142856	366.5048814504882
19537	538.1696428571429	328.5690376569038
19574	409.82142857142856	452.41841004184107
19611	323.88392857142856	446.83960948396094
19645	515.8482142857142	384.35704323570434
19697	500.2232142857143	415.59832635983264
19737	556.0267857142857	324.10599721059975
19781	213.39285714285714	372.0836820083682
19817	272.54464285714283	322.9902370990237
19855	311.60714285714283	423.4086471408648
19894	368.5267857142857	329.6847977684798
19948	429.9107142857143	384.35704323570434
19986	453.3482142857143	491.4700139470014
20025	289.2857142857143	379.8940027894003
20064	357.3660714285714	330.8005578800558
20102	333.9285714285714	403.3249651324965
20139	247.99107142857142	350.88423988842396
20176	434.375	329.6847977684798
20211	477.9017857142857	340.8423988842399
20245	355.13392857142856	319.64295676429566
20297	187.72321428571428	280.59135285913527
20346	366.29464285714283	441.2608089260809
20386	302.6785714285714	431.2189679218968
20421	339.50892857142856	322.9902370990237
20457	340.625	431.2189679218968
20493	328.3482142857143	341.9581589958159
20546	378.57142857142856	360.9260808926081
20585	301.5625	460.2287308228731
20648	482.3660714285714	391.0516039051604
20686	406.4732142857143	417.82984658298466
20721	306.0267857142857	403.3249651324965
20759	352.9017857142857	398.8619246861925
20797	371.875	444.6080892608089
20847	457.8125	358.6945606694561
20886	390.8482142857143	372.0836820083682
20924	405.35714285714283	473.61785216178527
20960	515.8482142857142	444.6080892608089
20996	495.75892857142856	431.2189679218968
21047	327.23214285714283	389.9358437935844
21088	414.2857142857143	376.54672245467225
21125	512.5	456.8814504881451
21180	568.3035714285714	305.1380753138075
21221	506.91964285714283	397.7461645746165
21258	420.98214285714283	413.3668061366806
21293	510.26785714285717	471.38633193863325
21328	596.2053571428571	414.48256624825666
21380	563.8392857142857	373.19944211994425
21421	501.33928571428567	405.55648535564853
21456	519.1964285714286	447.955369595537
21493	558.2589285714286	401.0934449093445
21547	500.2232142857143	551.721059972106
21586	563.8392857142857	466.9232914923292
21626	563.8392857142857	466.9232914923292
21680	241.29464285714283	147.81589958158995
21720	175.44642857142856	116.57461645746166
21760	298.2142857142857	73.05997210599722
21797	309.375	173.4783821478382
21847	312.7232142857143	22.850767085076708
21885	225.66964285714283	20.619246861924687
21922	108.48214285714286	126.61645746164577
21981	377.4553571428571	47.39748953974896
22025	281.4732142857143	129.96373779637378
22062	385.2678571428571	79.75453277545328
22096	368.5267857142857	84.21757322175732
22147	510.26785714285717	125.50069735006974
22196	289.2857142857143	38.47140864714087
22235	364.0625	-25.12691771269177
22270	505.80357142857144	26.198047419804745
22313	406.4732142857143	109.88005578800559
22351	259.1517857142857	37.35564853556485
22389	390.8482142857143	93.14365411436542
22428	314.9553571428571	19.503486750348674
22480	454.4642857142857	-63.062761506276146
22520	330.5803571428571	35.124128312412836
22560	408.7053571428571	103.18549511854951
22595	229.01785714285714	140.00557880055788
22632	388.6160714285714	548.373779637378
22680	511.38392857142856	546.1422594142259
22720	418.75	705.6959553695956
22761	300.44642857142856	422.2928870292887
22797	211.16071428571428	307.3695955369596
22847	371.875	138.88981868898188
22889	379.6875	234.84518828451883
22929	414.2857142857143	70.82845188284519
22980	520.3125	141.1213389121339
23021	587.2767857142858	201.3723849372385
23060	537.0535714285714	107.64853556485356
23095	552.6785714285714	154.51046025104603
23147	499.10714285714283	306.25383542538356
23186	448.88392857142856	442.37656903765696
23225	439.9553571428571	461.3444909344491
23262	389.73214285714283	355.34728033472805
23313	402.00892857142856	264.97071129707115
23363	446.6517857142857	270.54951185495116
23402	444.41964285714283	267.20223152022317
23438	460.04464285714283	340.8423988842399
23473	367.4107142857143	374.31520223152023
23513	400.8928571428571	329.6847977684798
23552	376.3392857142857	391.0516039051604
23589	352.9017857142857	334.1478382147838
23626	283.7053571428571	356.46304044630403
23665	325.0	270.54951185495116
23714	356.25	299.55927475592745
23754	350.66964285714283	307.3695955369596
23814	351.7857142857143	273.8967921896792
23858	380.8035714285714	374.31520223152023
23893	349.5535714285714	277.2440725244072
23930	458.9285714285714	386.58856345885636
23981	616.2946428571429	398.8619246861925
24022	666.5178571428571	316.29567642956766
24063	602.9017857142858	385.4728033472803
24100	585.0446428571429	341.9581589958159
24136	522.5446428571429	293.98047419804743
24172	581.6964285714287	411.13528591352855
24208	575.0000000000001	321.87447698744774
24245	475.66964285714283	261.6234309623431
24297	721.2053571428571	315.1799163179917
24346	538.1696428571429	316.29567642956766
24387	500.2232142857143	393.2831241283124
24427	290.4017857142857	310.7168758716876
24480	474.5535714285714	335.26359832635984
24520	474.5535714285714	335.26359832635984
24560	448.88392857142856	312.94839609483967
24597	467.85714285714283	300.6750348675035
24647	413.16964285714283	341.9581589958159
24685	480.13392857142856	325.22175732217573
24727	596.2053571428571	231.4979079497908
24780	431.0267857142857	334.1478382147838
24816	547.0982142857142	270.54951185495116
24854	558.2589285714286	321.87447698744774
24891	515.8482142857142	308.4853556485356
24927	-36.607142857142854	1015.8772663877266
24962	273.6607142857143	784.9149232914923
25014	686.6071428571429	441.2608089260809
25055	484.5982142857143	809.4616457461645
25092	570.5357142857142	707.9274755927476
25129	471.2053571428571	521.5955369595538
25166	509.15178571428567	575.1520223152022
25214	477.9017857142857	471.38633193863325
25256	539.2857142857142	503.74337517433753
25292	615.1785714285714	557.2998605299861
25327	679.9107142857143	499.28033472803344
25363	697.7678571428571	442.37656903765696
25413	758.0357142857143	360.9260808926081
25457	581.6964285714287	297.3277545327755
25493	650.8928571428571	339.7266387726639
25527	564.9553571428571	441.2608089260809
25561	618.5267857142858	439.02928870292885
25597	465.625	475.8493723849373
25631	398.6607142857143	414.48256624825666
25679	350.66964285714283	372.0836820083682
25717	365.1785714285714	333.0320781032078
25756	352.9017857142857	285.05439330543936
25793	356.25	239.30822873082286
25830	337.2767857142857	333.0320781032078
25881	429.9107142857143	375.43096234309627
25930	427.6785714285714	214.7615062761506
25969	349.5535714285714	312.94839609483967
26005	384.1517857142857	343.07391910739193
26042	429.9107142857143	343.07391910739193
26079	388.6160714285714	337.49511854951186
26131	444.41964285714283	281.7071129707113
26168	410.9375	426.7559274755928
26214	255.80357142857142	398.8619246861925
26254	567.1875	463.5760111576011
26290	439.9553571428571	333.0320781032078
26328	347.32142857142856	403.3249651324965
26397	287.0535714285714	350.88423988842396
26446	246.87499999999997	311.83263598326363
26498	377.4553571428571	464.69177126917714
26539	298.2142857142857	449.07112970711296
26577	303.79464285714283	424.5244072524407
26630	383.0357142857143	346.42119944212
26670	342.85714285714283	338.6108786610879
26708	282.5892857142857	407.78800557880055
26764	355.13392857142856	340.8423988842399
26803	456.69642857142856	281.7071129707113
26841	427.6785714285714	345.30543933054395
26879	374.10714285714283	406.6722454672246
26930	396.4285714285714	398.8619246861925
26978	262.5	306.25383542538356
27030	292.63392857142856	379.8940027894003
27068	466.7410714285714	393.2831241283124
27103	414.2857142857143	321.87447698744774
27139	384.1517857142857	359.8103207810321
27178	293.75	368.73640167364016
27230	361.8303571428571	476.96513249651326
27271	384.1517857142857	447.955369595537
27314	318.3035714285714	362.0418410041841
27360	207.81249999999997	391.0516039051604
27394	308.25892857142856	309.6011157601116
27447	213.39285714285714	126.61645746164577
27484	176.56249999999997	121.0376569037657
27520	226.78571428571428	183.5202231520223
27563	388.6160714285714	205.8354253835425
27601	271.4285714285714	190.21478382147836
27644	335.04464285714283	180.17294281729428
27681	239.06249999999997	204.7196652719665
27730	299.3303571428571	176.82566248256623
27769	208.92857142857142	202.48814504881446
27807	330.5803571428571	121.0376569037657
27846	252.4553571428571	119.92189679218967
27897	170.98214285714283	156.74198047419802
27936	234.59821428571428	171.2468619246862
27980	235.71428571428572	162.3207810320781
28030	395.3125	115.45885634588564
28081	352.9017857142857	170.13110181311018
28120	318.3035714285714	4.998605299860531
28157	303.79464285714283	11.693165969316597
28193	331.69642857142856	35.124128312412836
28228	295.98214285714283	61.9023709902371
28280	288.16964285714283	-26.24267782426778
28320	321.6517857142857	-7.274755927475593
28355	354.0178571428571	-17.316596931659692
28397	386.38392857142856	50.744769874476994
28436	343.9732142857143	48.51324965132497
28474	370.75892857142856	156.74198047419802
28532	391.9642857142857	54.09205020920502
28570	368.5267857142857	-38.5160390516039
28614	468.9732142857143	92.0278940027894
28652	360.7142857142857	-46.32635983263598
28689	442.1875	-16.20083682008368
28727	533.7053571428571	50.744769874476994
28762	468.9732142857143	112.1115760111576
28812	443.3035714285714	79.75453277545328
28852	354.0178571428571	8.345885634588564
28896	416.5178571428571	147.81589958158995
28939	290.4017857142857	125.50069735006974
28978	288.16964285714283	95.37517433751745
29014	336.1607142857143	51.860529986053
29063	524.7767857142857	421.1771269177127
29104	381.91964285714283	713.5062761506276
29144	381.91964285714283	370.9679218967922
29181	138.61607142857144	196.90934449093444
29230	425.44642857142856	182.40446304044627
29267	275.8928571428571	17.271966527196653
29307	453.3482142857143	34.00836820083682
29348	252.4553571428571	77.52301255230127
29398	223.43749999999997	22.850767085076708
29436	292.63392857142856	49.629009762900985
29476	193.30357142857142	103.18549511854951
29530	485.7142857142857	73.05997210599722
29572	308.25892857142856	55.207810320781036
29609	268.0803571428571	119.92189679218967
29664	528.125	127.73221757322175
29702	635.2678571428571	37.35564853556485
29739	462.2767857142857	17.271966527196653
29778	468.9732142857143	79.75453277545328
29813	463.3928571428571	57.43933054393305
29863	463.3928571428571	94.25941422594143
29902	399.7767857142857	106.53277545327755
29946	339.50892857142856	65.24965132496514
29984	412.0535714285714	108.76429567642958
30020	364.0625	121.0376569037657
30063	251.33928571428572	78.63877266387726
30102	581.6964285714287	37.35564853556485
30139	490.1785714285714	-42.97907949790795
30176	514.7321428571429	66.36541143654114
30212	467.85714285714283	55.207810320781036
30248	391.9642857142857	-46.32635983263598
30285	514.7321428571429	52.97629009762902
30320	436.60714285714283	-6.158995815899581
30355	422.0982142857143	60.786610878661094
30391	279.2410714285714	26.198047419804745
30427	318.3035714285714	123.26917712691771
30479	425.44642857142856	686.7280334728034
30520	287.0535714285714	774.8730822873083
30556	497.9910714285714	304.02231520223154
30593	361.8303571428571	259.3919107391911
30629	340.625	133.31101813110183
30681	194.41964285714283	223.68758716875868
30727	202.23214285714283	49.629009762900985
30781	458.9285714285714	110.99581589958159
30818	323.88392857142856	141.1213389121339
30857	351.7857142857143	51.860529986053
30892	287.0535714285714	100.95397489539751
30928	515.8482142857142	74.17573221757323
30980	203.34821428571428	138.88981868898188
31019	221.20535714285714	50.744769874476994
31054	317.1875	102.06973500697349
31088	405.35714285714283	-34.05299860529986
31135	236.83035714285714	76.40725244072524
31185	419.8660714285714	38.47140864714087
31226	345.0892857142857	105.41701534170154
31263	383.0357142857143	70.82845188284519
31300	369.6428571428571	34.00836820083682
31336	317.1875	66.36541143654114
31374	278.125	93.14365411436542
31410	338.3928571428571	196.90934449093444
31464	393.0803571428571	69.71269177126919
31502	414.2857142857143	118.80613668061369
31546	415.4017857142857	37.35564853556485
31585	282.5892857142857	67.48117154811716
31626	560.4910714285714	28.429567642956766
31663	246.87499999999997	29.545327754532774
31716	408.7053571428571	37.35564853556485
31753	426.5625	7.2301255230125525
31797	533.7053571428571	28.429567642956766
31840	477.9017857142857	-29.589958158995817
31896	689.9553571428571	75.29149232914924
31933	585.0446428571429	35.124128312412836
31970	656.4732142857143	110.99581589958159
32007	486.8303571428571	137.77405857740587
32043	612.9464285714287	100.95397489539751
32097	436.60714285714283	107.64853556485356
32137	491.29464285714283	114.34309623430963
32176	378.57142857142856	22.850767085076708
32212	461.1607142857143	-10.622036262203626
32266	352.9017857142857	67.48117154811716
32309	253.57142857142856	110.99581589958159
32344	378.57142857142856	239.30822873082286
32397	417.63392857142856	362.0418410041841
32440	317.1875	230.3821478382148
32477	424.3303571428571	230.3821478382148
32514	548.2142857142857	216.99302649930266
32563	403.125	218.10878661087867
32601	422.0982142857143	372.0836820083682
32638	419.8660714285714	299.55927475592745
32676	389.73214285714283	343.07391910739193
32710	341.7410714285714	316.29567642956766
32746	414.2857142857143	293.98047419804743
32797	476.7857142857143	372.0836820083682
32847	458.9285714285714	252.69735006973502
32884	474.5535714285714	346.42119944212
32927	387.5	275.0125523012552
32980	495.75892857142856	336.3793584379358
33015	620.7589285714287	360.9260808926081
33049	627.4553571428571	423.4086471408648
33085	470.0892857142857	346.42119944212
33130	519.1964285714286	392.1673640167364
33170	484.5982142857143	356.46304044630403
33208	522.5446428571429	339.7266387726639
33243	505.80357142857144	385.4728033472803
33280	524.7767857142857	285.05439330543936
33315	608.4821428571429	309.6011157601116
33363	575.0000000000001	382.1255230125523
33414	612.9464285714287	301.7907949790795
33453	650.8928571428571	406.6722454672246
33487	606.2500000000001	302.9065550906555
33524	624.1071428571429	346.42119944212
33580	583.9285714285714	306.25383542538356
33630	611.8303571428571	288.40167364016736
33680	609.5982142857143	293.98047419804743
33720	785.9375000000001	275.0125523012552
33758	741.2946428571429	256.044630404463
33797	497.9910714285714	297.3277545327755
33847	467.85714285714283	541.6792189679219
33890	403.125	533.8688981868899
33929	499.10714285714283	615.3193863319386
33980	351.7857142857143	387.70432357043234
34020	244.64285714285714	355.34728033472805
34061	361.8303571428571	191.33054393305437
34095	355.13392857142856	165.6680613668061
34147	316.07142857142856	69.71269177126919
34185	343.9732142857143	88.68061366806137
34222	462.2767857142857	88.68061366806137
34257	415.4017857142857	11.693165969316597
34313	500.2232142857143	87.56485355648536
34351	551.5625	108.76429567642958
34388	566.0714285714286	36.239888423988845
34428	689.9553571428571	65.24965132496514
34480	627.4553571428571	105.41701534170154
34521	583.9285714285714	16.15620641562064
34560	600.6696428571429	-18.432357043235704
34595	523.6607142857142	37.35564853556485
34647	689.9553571428571	63.01813110181311
34690	629.6875000000001	-26.24267782426778
34728	474.5535714285714	10.577405857740587
34779	406.4732142857143	96.49093444909344
34815	338.3928571428571	133.31101813110183
34852	197.76785714285714	122.1534170153417
34892	225.66964285714283	480.31241283124126
34929	177.67857142857142	692.3068340306834
34980	397.54464285714283	729.1269177126918
35030	280.35714285714283	676.6861924686193
35069	304.9107142857143	505.97489539748955
35104	495.75892857142856	382.1255230125523
35142	609.5982142857143	418.9456066945607
35178	136.38392857142858	289.5174337517434
35218	408.7053571428571	484.7754532775453
35267	235.71428571428572	302.9065550906555
35307	244.64285714285714	308.4853556485356
35345	174.33035714285714	283.9386331938633
35397	138.61607142857144	184.63598326359832
35436	135.26785714285714	96.49093444909344
35471	220.08928571428572	187.98326359832635
35507	476.7857142857143	141.1213389121339
35545	139.73214285714286	133.31101813110183
35598	289.2857142857143	151.16317991631797
35634	247.99107142857142	192.44630404463038
35670	262.5	249.35006973500697
35731	350.66964285714283	78.63877266387726
35779	348.4375	137.77405857740587
35818	441.07142857142856	110.99581589958159
35853	282.5892857142857	204.7196652719665
35890	380.8035714285714	203.6039051603905
35926	297.0982142857143	262.7391910739191
35981	364.0625	280.59135285913527
36020	388.6160714285714	222.57182705718267
36063	471.2053571428571	208.06694560669453
36100	381.91964285714283	165.6680613668061
36136	394.19642857142856	138.88981868898188
36171	364.0625	141.1213389121339
36210	274.7767857142857	435.68200836820085
36264	254.6875	441.2608089260809
36303	312.7232142857143	330.8005578800558
36346	244.64285714285714	488.1227336122734
36386	285.9375	353.11576011157604
36428	311.60714285714283	410.0195258019526
36463	57.142857142857146	473.61785216178527
36514	49.330357142857146	468.03905160390514
36560	282.5892857142857	447.955369595537
36596	234.59821428571428	563.9944211994421
36647	112.94642857142857	348.652719665272
36688	303.79464285714283	427.8716875871687
36728	259.1517857142857	204.7196652719665
36763	99.55357142857143	173.4783821478382
36815	115.17857142857143	121.0376569037657
36859	149.77678571428572	276.12831241283124
36914	245.75892857142856	127.73221757322175
36954	124.10714285714286	150.04741980474196
36993	143.08035714285714	66.36541143654114
37029	229.01785714285714	126.61645746164577
37080	85.04464285714286	156.74198047419802
37118	182.14285714285714	121.0376569037657
37159	303.79464285714283	96.49093444909344
37195	143.08035714285714	235.96094839609486
37247	378.57142857142856	162.3207810320781
37290	116.29464285714286	208.06694560669453
37330	196.65178571428572	252.69735006973502
37380	341.7410714285714	176.82566248256623
37421	386.38392857142856	211.4142259414226
37459	242.41071428571428	167.89958158995816
37495	261.38392857142856	160.08926080892607
37547	31.473214285714292	199.14086471408646
37590	275.8928571428571	200.2566248256625
37629	134.15178571428572	180.17294281729428
37680	53.79464285714286	164.5523012552301
37730	88.39285714285715	238.19246861924682
37767	54.91071428571429	220.34030683403066
37808	9.151785714285719	235.96094839609486
37862	252.4553571428571	277.2440725244072
37913	218.97321428571428	174.5941422594142
37959	292.63392857142856	172.3626220362622
37998	329.4642857142857	190.21478382147836
38047	239.06249999999997	176.82566248256623
38089	309.375	132.1952580195258
38129	301.5625	109.88005578800559
38164	311.60714285714283	157.85774058577405
38213	541.5178571428571	116.57461645746166
38254	361.8303571428571	158.97350069735006
38291	395.3125	177.94142259414224
38327	482.3660714285714	109.88005578800559
38380	405.35714285714283	232.6136680613668
38430	550.4464285714286	147.81589958158995
38465	473.4375	129.96373779637378
38501	322.7678571428571	218.10878661087867
38535	310.4910714285714	156.74198047419802
38575	474.5535714285714	194.67782426778243
38612	419.8660714285714	194.67782426778243
38663	246.87499999999997	348.652719665272
38715	100.66964285714286	57.43933054393305
38755	159.82142857142856	243.7712691771269
38793	338.3928571428571	191.33054393305437
38846	131.91964285714286	215.87726638772665
38884	318.3035714285714	205.8354253835425
38924	461.1607142857143	169.01534170153417
38965	424.3303571428571	299.55927475592745
39013	258.0357142857143	740.2845188284518
39051	351.7857142857143	719.0850767085077
39087	386.38392857142856	771.5258019525802
39123	405.35714285714283	653.2552301255231
39158	331.69642857142856	572.9205020920502
39193	412.0535714285714	406.6722454672246
39229	265.8482142857143	431.2189679218968
39281	338.3928571428571	399.9776847977685
39321	317.1875	321.87447698744774
39373	349.5535714285714	297.3277545327755
39409	508.0357142857143	282.8228730822873
39446	329.4642857142857	306.25383542538356
39496	381.91964285714283	326.33751743375177
39537	285.9375	306.25383542538356
39572	432.1428571428571	155.626220362622
39608	436.60714285714283	150.04741980474196
39646	433.25892857142856	223.68758716875868
39696	566.0714285714286	152.27894002789398
39735	479.0178571428571	264.97071129707115
39772	472.32142857142856	214.7615062761506
39811	495.75892857142856	208.06694560669453
39863	288.16964285714283	123.26917712691771
39899	403.125	216.99302649930266
39935	453.3482142857143	412.25104602510464
39979	529.2410714285714	278.35983263598325
40029	487.94642857142856	327.4532775453278
40066	501.33928571428567	258.27615062761504
40103	435.4910714285714	329.6847977684798
40139	484.5982142857143	300.6750348675035
40197	454.4642857142857	263.8549511854951
40235	303.79464285714283	356.46304044630403
40272	247.99107142857142	350.88423988842396
40308	275.8928571428571	364.2733612273362
40344	273.6607142857143	338.6108786610879
40396	271.4285714285714	353.11576011157604
40438	274.7767857142857	326.33751743375177
40497	237.94642857142856	302.9065550906555
40546	256.91964285714283	271.66527196652714
40585	226.78571428571428	221.45606694560666
40622	287.0535714285714	244.8870292887029
40657	215.62499999999997	239.30822873082286
40693	299.3303571428571	298.4435146443515
40730	174.33035714285714	408.90376569037664
40783	227.90178571428572	369.8521617852162
40829	230.13392857142856	436.79776847977683
40867	148.66071428571428	476.96513249651326
40913	242.41071428571428	378.7782426778243
40963	217.85714285714283	350.88423988842396
41025	160.93749999999997	436.79776847977683
41061	170.98214285714283	379.8940027894003
41113	213.39285714285714	387.70432357043234
41151	218.97321428571428	391.0516039051604
41186	389.73214285714283	360.9260808926081
41223	214.50892857142856	281.7071129707113
41257	118.52678571428572	464.69177126917714
41292	337.2767857142857	377.6624825662483
41327	289.2857142857143	370.9679218967922
41380	302.6785714285714	248.23430962343096
41419	312.7232142857143	293.98047419804743
41457	244.64285714285714	716.8535564853556
41491	225.66964285714283	721.3165969316597
41527	241.29464285714283	788.2622036262203
41563	460.04464285714283	663.2970711297071
41613	335.04464285714283	674.4546722454672
41663	300.44642857142856	465.8075313807531
41701	419.8660714285714	374.31520223152023
41737	427.6785714285714	310.7168758716876
41776	384.1517857142857	354.231520223152
41830	348.4375	295.09623430962347
41870	369.6428571428571	330.8005578800558
41905	264.73214285714283	383.24128312412836
41943	366.29464285714283	306.25383542538356
41980	321.6517857142857	320.7587168758717
42030	300.44642857142856	318.5271966527197
42069	327.23214285714283	282.8228730822873
42108	339.50892857142856	240.42398884239887
42163	372.9910714285714	387.70432357043234
42201	347.32142857142856	472.5020920502092
42244	437.7232142857143	488.1227336122734
42296	529.2410714285714	441.2608089260809
42336	299.3303571428571	490.3542538354254
42378	511.38392857142856	569.5732217573222
42429	374.10714285714283	408.90376569037664
42469	195.53571428571428	503.74337517433753
42510	364.0625	490.3542538354254
42546	340.625	507.0906555090656
42597	215.62499999999997	474.73361227336125
42635	214.50892857142856	522.7112970711297
42680	316.07142857142856	412.25104602510464
42722	196.65178571428572	377.6624825662483
42757	95.08928571428572	447.955369595537
42792	218.97321428571428	468.03905160390514
42847	186.60714285714283	436.79776847977683
42886	110.71428571428572	484.7754532775453
42924	264.73214285714283	471.38633193863325
42959	196.65178571428572	482.5439330543933
42994	269.19642857142856	417.82984658298466
43048	311.60714285714283	476.96513249651326
43086	110.71428571428572	455.76569037656907
43122	156.47321428571428	532.7531380753138
43162	185.49107142857142	465.8075313807531
43213	146.42857142857142	428.9874476987448
43251	107.36607142857143	491.4700139470014
43286	240.17857142857142	420.0613668061367
43330	133.03571428571428	277.2440725244072
43372	409.82142857142856	269.4337517433752
43414	119.64285714285715	352.0
43463	197.76785714285714	243.7712691771269
43503	325.0	305.1380753138075
43564	268.0803571428571	283.9386331938633
43605	152.00892857142856	343.07391910739193
43645	231.24999999999997	281.7071129707113
43697	182.14285714285714	241.53974895397488
43750	299.3303571428571	246.00278940027894
43789	283.7053571428571	310.7168758716876
43824	317.1875	260.50767085076706
43861	329.4642857142857	290.63319386331943
43899	388.6160714285714	291.7489539748954
43962	300.44642857142856	286.17015341701534
44012	494.6428571428571	270.54951185495116
44066	434.375	302.9065550906555
44116	532.5892857142857	301.7907949790795
44150	432.1428571428571	238.19246861924682
44196	400.8928571428571	237.07670850767082
44239	479.0178571428571	327.4532775453278
44280	525.8928571428571	269.4337517433752
44318	293.75	260.50767085076706
44364	493.5267857142857	263.8549511854951
44401	479.0178571428571	298.4435146443515
44439	513.6160714285714	354.231520223152
44477	445.5357142857143	321.87447698744774
44530	525.8928571428571	288.40167364016736
44571	475.66964285714283	271.66527196652714
44609	496.875	190.21478382147836
44646	450.0	222.57182705718267
44697	303.79464285714283	304.02231520223154
44741	215.62499999999997	247.11854951185495
44779	203.34821428571428	314.06415620641565
44830	229.01785714285714	258.27615062761504
44874	104.01785714285715	285.05439330543936
44910	256.91964285714283	220.34030683403066
44946	250.22321428571425	349.76847977684804
44997	258.0357142857143	304.02231520223154
45039	220.08928571428572	354.231520223152
45078	154.24107142857142	228.15062761506275
45130	326.1160714285714	272.7810320781032
45169	332.8125	308.4853556485356
45209	345.0892857142857	301.7907949790795
45266	380.8035714285714	702.3486750348675
45307	403.125	630.9400278940028
45344	251.33928571428572	745.863319386332
45398	336.1607142857143	822.8507670850768
45437	450.0	765.9470013947001
45476	464.50892857142856	648.792189679219
45512	414.2857142857143	533.8688981868899
45563	346.2053571428571	651.023709902371
45603	204.46428571428572	589.6569037656903
45643	474.5535714285714	609.7405857740587
45697	262.5	585.1938633193863
45743	509.15178571428567	541.6792189679219
45778	502.45535714285717	505.97489539748955
45813	418.75	553.9525801952581
45863	378.57142857142856	465.8075313807531
45904	424.3303571428571	336.3793584379358
45942	387.5	402.20920502092054
45996	418.75	416.7140864714087
46038	352.9017857142857	385.4728033472803
46076	271.4285714285714	312.94839609483967
46110	369.6428571428571	428.9874476987448
46145	460.04464285714283	369.8521617852162
46196	572.7678571428571	283.9386331938633
46237	531.4732142857142	349.76847977684804
46274	501.33928571428567	318.5271966527197
46309	552.6785714285714	203.6039051603905
46345	483.48214285714283	309.6011157601116
46398	515.8482142857142	293.98047419804743
46439	597.3214285714287	285.05439330543936
46476	558.2589285714286	344.18967921896797
46511	479.0178571428571	281.7071129707113
46564	596.2053571428571	324.10599721059975
46608	554.9107142857142	378.7782426778243
46671	443.3035714285714	289.5174337517434
46712	445.5357142857143	340.8423988842399
46765	516.9642857142857	321.87447698744774
46808	402.00892857142856	310.7168758716876
46848	427.6785714285714	310.7168758716876
46899	593.9732142857143	346.42119944212
46941	1029.2410714285716	508.20641562064156
46998	1158.705357142857	565.1101813110182
47042	1093.9732142857144	532.7531380753138
47097	1220.0892857142858	519.3640167364017
47143	963.3928571428571	596.3514644351465
47198	1154.2410714285716	588.5411436541144
47240	964.5089285714287	555.0683403068341
47278	1006.919642857143	577.3835425383543
47333	1040.4017857142858	523.8270571827057
47380	1012.5	562.8786610878661
47422	952.2321428571429	588.5411436541144
47463	1025.892857142857	468.03905160390514
47501	947.7678571428571	570.6889818688982
47544	1057.142857142857	577.3835425383543
47597	1150.892857142857	661.0655509065551
47636	1047.0982142857144	558.4156206415621
47674	918.7500000000001	565.1101813110182
47709	582.8125000000001	328.5690376569038
47763	477.9017857142857	231.4979079497908
47802	557.1428571428571	174.5941422594142
47841	588.3928571428571	201.3723849372385
47877	647.5446428571429	191.33054393305437
47913	422.0982142857143	403.3249651324965
47963	534.8214285714286	249.35006973500697
48006	400.8928571428571	256.044630404463
48045	429.9107142857143	182.40446304044627
48096	408.7053571428571	228.15062761506275
48133	364.0625	243.7712691771269
48172	314.9553571428571	194.67782426778243
48206	607.3660714285714	260.50767085076706
48244	442.1875	221.45606694560666
48297	347.32142857142856	177.94142259414224
48337	489.0625	271.66527196652714
48377	339.50892857142856	336.3793584379358
48412	448.88392857142856	301.7907949790795
48463	545.9821428571429	363.15760111576014
48501	511.38392857142856	437.91352859135293
48535	553.7946428571429	407.78800557880055
48570	553.7946428571429	407.78800557880055
48605	667.6339285714287	338.6108786610879
48645	524.7767857142857	396.63040446304046
48682	631.9196428571429	416.7140864714087
48729	506.91964285714283	451.302649930265
48767	417.63392857142856	440.14504881450495
48803	237.94642857142856	359.8103207810321
48860	396.4285714285714	480.31241283124126
48912	121.875	381.00976290097634
48955	309.375	416.7140864714087
48995	235.71428571428572	353.11576011157604
49046	179.91071428571428	571.8047419804742
49096	245.75892857142856	524.9428172942818
49145	514.7321428571429	603.0460251046026
49197	520.3125	555.0683403068341
49243	677.6785714285714	625.3612273361227
49296	544.8660714285714	610.8563458856346
49351	542.6339285714286	774.8730822873083
49393	607.3660714285714	619.7824267782427
49447	593.9732142857143	681.1492329149233
49487	914.2857142857143	682.2649930264993
49546	1023.6607142857143	707.9274755927476
49597	908.7053571428571	669.9916317991632
49646	910.9375000000001	753.673640167364
49682	779.2410714285714	557.2998605299861
49746	1106.25	656.6025104602511
49799	941.0714285714287	567.3417015341702
49842	945.5357142857143	601.9302649930265
49900	971.2053571428571	580.7308228730823
49940	1099.5535714285716	560.6471408647141
49977	1112.9464285714287	632.0557880055788
50029	1004.6875	590.7726638772664
50068	1039.2857142857144	609.7405857740587
50102	874.1071428571429	645.444909344491
50139	1051.5625	676.6861924686193
50175	897.5446428571429	534.9846582984658
50229	1082.8125	574.0362622036263
50267	1106.25	530.5216178521617
50313	1068.3035714285716	565.1101813110182
50373	1056.0267857142858	614.2036262203627
50413	980.1339285714287	634.2873082287308
50455	993.5267857142858	695.6541143654115
50494	1009.1517857142858	648.792189679219
50546	837.2767857142858	652.139470013947
50585	627.4553571428571	685.6122733612273
50625	586.1607142857143	399.9776847977685
50662	523.6607142857142	335.26359832635984
50713	528.125	317.41143654114364
50755	647.5446428571429	432.3347280334728
50792	468.9732142857143	338.6108786610879
50829	610.7142857142858	302.9065550906555
50880	515.8482142857142	355.34728033472805
50922	489.0625	302.9065550906555
50980	538.1696428571429	312.94839609483967
51024	521.4285714285714	249.35006973500697
51060	465.625	360.9260808926081
51113	567.1875	333.0320781032078
51156	866.2946428571429	516.0167364016736
51214	1235.7142857142858	528.2900976290098
51258	1200.0	443.49232914923294
51294	1031.4732142857144	560.6471408647141
51347	1069.419642857143	436.79776847977683
51411	1050.4464285714287	543.910739191074
51464	964.5089285714287	552.836820083682
51503	1042.6339285714287	529.4058577405858
51537	1082.8125	523.8270571827057
51574	899.7767857142858	550.6052998605301
51612	1078.3482142857144	459.1129707112971
51664	991.2946428571429	537.2161785216178
51702	1009.1517857142858	472.5020920502092
51746	1093.9732142857144	524.9428172942818
51785	1000.2232142857143	470.2705718270572
51822	856.2500000000001	570.6889818688982
51859	1042.6339285714287	551.721059972106
51914	944.4196428571429	629.8242677824268
51957	1022.544642857143	582.9623430962342
51995	974.5535714285714	557.2998605299861
52046	891.9642857142858	668.8758716875872
52089	837.2767857142858	606.3933054393306
52128	965.6250000000001	521.5955369595538
52163	999.1071428571429	520.4797768479776
52215	994.6428571428571	574.0362622036263
52254	1004.6875	500.39609483960953
52290	1178.794642857143	611.9721059972106
52329	955.5803571428571	584.0781032078104
52381	1116.294642857143	478.0808926080893
52420	977.9017857142858	475.8493723849373
52462	996.8750000000001	568.4574616457462
52514	1117.4107142857144	626.4769874476988
52553	929.9107142857143	622.0139470013947
52589	1136.3839285714287	499.28033472803344
52625	1033.705357142857	593.0041841004185
52662	960.0446428571429	540.563458856346
52713	1016.9642857142858	528.2900976290098
52758	771.4285714285714	509.3221757322176
52796	891.9642857142858	507.0906555090656
52847	977.9017857142858	622.0139470013947
52890	956.6964285714287	526.0585774058578
52926	845.0892857142858	582.9623430962342
52962	992.4107142857143	532.7531380753138
53014	866.2946428571429	514.9009762900977
53051	1062.7232142857144	562.8786610878661
53086	961.1607142857143	476.96513249651326
53127	787.0535714285714	493.7015341701534
53163	778.1250000000001	497.0488145048814
53213	453.3482142857143	317.41143654114364
53253	437.7232142857143	86.44909344490935
53297	405.35714285714283	134.42677824267784
53335	486.8303571428571	74.17573221757323
53386	455.5803571428571	59.670850767085085
53427	299.3303571428571	-13.969316596931659
53463	265.8482142857143	8.345885634588564
53513	268.0803571428571	68.59693165969317
53552	399.7767857142857	67.48117154811716
53626	399.7767857142857	-58.5997210599721
53680	312.7232142857143	-75.33612273361227
53725	410.9375	16.15620641562064
53762	458.9285714285714	-74.22036262203626
53798	490.1785714285714	-108.8089260808926
53849	162.05357142857142	-41.86331938633193
53886	162.05357142857142	-41.86331938633193
53996	173.21428571428572	69.71269177126919
54040	325.0	-19.548117154811713
54084	271.4285714285714	30.661087866108787
54235	1270.3125	251.58158995815901
54303	1186.607142857143	354.231520223152
54362	1086.1607142857144	286.17015341701534
54409	1134.1517857142858	379.8940027894003
54446	1105.1339285714287	307.3695955369596
54502	1085.044642857143	320.7587168758717
54543	1226.7857142857144	382.1255230125523
54599	1118.5267857142858	315.1799163179917
54640	1097.3214285714287	364.2733612273362
54677	1169.8660714285716	348.652719665272
54730	1042.6339285714287	113.22733612273362
54789	1233.482142857143	167.89958158995816
54847	965.6250000000001	346.42119944212
54885	1133.0357142857144	295.09623430962347
54942	1260.267857142857	181.28870292887026
54997	1133.0357142857144	318.5271966527197
55057	1082.8125	322.9902370990237
55092	1082.8125	322.9902370990237
55168	1234.5982142857144	235.96094839609486
55245	1277.0089285714287	241.53974895397488
55285	1262.5	347.53695955369597
55322	1150.892857142857	317.41143654114364
55382	1268.080357142857	349.76847977684804
55423	1268.080357142857	349.76847977684804
55463	1093.9732142857144	376.54672245467225
55513	1139.732142857143	437.91352859135293
55554	1237.9464285714287	396.63040446304046
55592	1087.2767857142858	432.3347280334728
55629	1314.955357142857	334.1478382147838
55679	1098.4375	473.61785216178527
55717	1149.7767857142858	396.63040446304046
55753	1188.8392857142858	287.2859135285914
55793	1242.4107142857144	328.5690376569038
55829	1293.75	466.9232914923292
55882	1163.169642857143	507.0906555090656
55918	1158.705357142857	208.06694560669453
55957	1240.1785714285716	485.8912133891214
55995	943.3035714285714	484.7754532775453
56046	1214.5089285714287	513.7852161785216
56085	1292.6339285714287	344.18967921896797
56122	1182.142857142857	436.79776847977683
56157	1166.517857142857	366.5048814504882
56213	1163.169642857143	348.652719665272
56253	1279.2410714285716	445.72384937238496
56287	1198.8839285714287	398.8619246861925
56322	1198.8839285714287	398.8619246861925
56363	1121.875	368.73640167364016
56405	1087.2767857142858	378.7782426778243
56443	1227.9017857142858	488.1227336122734
56479	1183.2589285714287	326.33751743375177
56529	1259.1517857142858	417.82984658298466
56580	1043.75	376.54672245467225
56619	1137.5	457.9972105997211
56660	1108.482142857143	373.19944211994425
56695	1320.5357142857144	473.61785216178527
56748	1186.607142857143	420.0613668061367
56784	1311.607142857143	344.18967921896797
56819	1329.4642857142858	260.50767085076706
56863	1297.0982142857144	375.43096234309627
56904	1179.9107142857144	387.70432357043234
56946	1139.732142857143	453.534170153417
56998	1134.1517857142858	220.34030683403066
57040	1148.6607142857144	417.82984658298466
57076	1140.8482142857144	379.8940027894003
57114	1165.4017857142858	346.42119944212
57163	1137.5	366.5048814504882
57209	1160.9375	420.0613668061367
57249	1189.955357142857	491.4700139470014
57295	1034.8214285714287	462.4602510460251
57334	1051.5625	420.0613668061367
57376	919.8660714285714	384.35704323570434
57430	1051.5625	421.1771269177127
57473	1054.9107142857144	484.7754532775453
57510	970.0892857142858	401.0934449093445
57546	1042.6339285714287	608.6248256624825
57597	1037.0535714285716	471.38633193863325
57635	1120.7589285714287	579.6150627615064
57677	1215.625	493.7015341701534
57711	955.5803571428571	539.4476987447699
57762	1111.830357142857	473.61785216178527
57802	1218.9732142857144	562.8786610878661
57844	1104.017857142857	534.9846582984658
57897	1116.294642857143	439.02928870292885
57938	1215.625	437.91352859135293
57979	1274.7767857142858	476.96513249651326
58029	1076.1160714285716	548.373779637378
58069	1018.0803571428571	598.5829846582985
58110	1196.6517857142858	556.18410041841
58147	1133.0357142857144	600.8145048814505
58197	1143.080357142857	489.2384937238494
58235	1260.267857142857	484.7754532775453
58277	1153.125	619.7824267782427
58330	1118.5267857142858	529.4058577405858
58369	1012.5	553.9525801952581
58411	1145.3125	549.4895397489539
58463	1139.732142857143	516.0167364016736
58502	1115.1785714285716	555.0683403068341
58542	1018.0803571428571	572.9205020920502
58580	423.2142857142857	507.0906555090656
58630	434.375	524.9428172942818
58668	300.44642857142856	454.6499302649931
58706	351.7857142857143	377.6624825662483
58741	348.4375	484.7754532775453
58800	243.52678571428572	437.91352859135293
58846	307.1428571428571	439.02928870292885
58897	348.4375	401.0934449093445
58947	299.3303571428571	431.2189679218968
58986	198.88392857142856	298.4435146443515
59022	229.01785714285714	487.00697350069737
59058	129.6875	601.9302649930265
59095	78.34821428571429	682.2649930264993
59146	309.375	586.3096234309623
59183	211.16071428571428	863.0181311018131
59231	270.3125	687.8437935843793
59269	204.46428571428572	687.8437935843793
59306	60.49107142857143	675.5704323570433
59342	162.05357142857142	611.9721059972106
59380	259.1517857142857	524.9428172942818
59430	137.5	533.8688981868899
59469	214.50892857142856	529.4058577405858
59513	327.23214285714283	632.0557880055788
59549	311.60714285714283	463.5760111576011
59586	338.3928571428571	530.5216178521617
59624	237.94642857142856	878.6387726638774
59662	18.080357142857146	925.5006973500697
59713	415.4017857142857	637.6345885634588
59751	79.46428571428572	827.3138075313808
59796	250.22321428571425	732.4741980474198
59834	148.66071428571428	763.7154811715482
59872	256.91964285714283	682.2649930264993
59910	310.4910714285714	687.8437935843793
59945	207.81249999999997	586.3096234309623
59985	280.35714285714283	593.0041841004185
60030	188.83928571428572	556.18410041841
60080	246.87499999999997	581.8465829846583
60124	157.58928571428572	580.7308228730823
60180	269.19642857142856	519.3640167364017
60218	137.5	498.1645746164575
60263	280.35714285714283	362.0418410041841
60313	235.71428571428572	368.73640167364016
60365	288.16964285714283	336.3793584379358
60413	268.0803571428571	384.35704323570434
60464	212.27678571428572	499.28033472803344
60506	207.81249999999997	492.58577405857744
60544	170.98214285714283	446.83960948396094
60597	210.04464285714283	550.6052998605301
60647	131.91964285714286	503.74337517433753
60684	131.91964285714286	503.74337517433753
60720	230.13392857142856	353.11576011157604
60759	85.04464285714286	439.02928870292885
60813	237.94642857142856	509.3221757322176
60860	335.04464285714283	516.0167364016736
60913	241.29464285714283	510.4379358437936
60955	259.1517857142857	447.955369595537
61000	290.4017857142857	471.38633193863325
61046	485.7142857142857	485.8912133891214
61085	557.1428571428571	611.9721059972106
61127	852.9017857142858	722.4323570432357
61165	965.6250000000001	672.2231520223153
61214	1174.330357142857	694.5383542538355
61265	1116.294642857143	657.7182705718271
61304	916.5178571428571	594.1199442119944
61346	1006.919642857143	600.8145048814505
61398	1052.6785714285716	649.907949790795
61445	1095.0892857142858	562.8786610878661
61485	1064.955357142857	578.4993026499303
61530	1038.169642857143	655.4867503486751
61580	1029.2410714285716	539.4476987447699
61620	1030.357142857143	537.2161785216178
61657	1062.7232142857144	488.1227336122734
61696	1002.4553571428571	598.5829846582985
61746	1122.9910714285716	571.8047419804742
61789	1047.0982142857144	578.4993026499303
61826	762.5000000000001	567.3417015341702
61863	338.3928571428571	425.6401673640168
61913	416.5178571428571	378.7782426778243
61950	465.625	666.6443514644351
61987	129.6875	815.0404463040447
62029	529.2410714285714	505.97489539748955
62079	444.41964285714283	696.7698744769874
62126	422.0982142857143	474.73361227336125
62179	472.32142857142856	359.8103207810321
62218	444.41964285714283	415.59832635983264
62259	427.6785714285714	309.6011157601116
62295	431.0267857142857	348.652719665272
62346	338.3928571428571	286.17015341701534
62385	313.8392857142857	300.6750348675035
62423	360.7142857142857	344.18967921896797
62479	381.91964285714283	376.54672245467225
62519	314.9553571428571	280.59135285913527
62560	418.75	286.17015341701534
62598	300.44642857142856	271.66527196652714
62647	480.13392857142856	442.37656903765696
62691	811.6071428571429	582.9623430962342
62729	1003.5714285714286	604.1617852161785
62765	821.6517857142858	693.4225941422594
62813	948.8839285714287	691.1910739191075
62853	1056.0267857142858	710.1589958158996
62887	909.8214285714287	600.8145048814505
62926	1004.6875	603.0460251046026
62961	1052.6785714285716	551.721059972106
63014	1062.7232142857144	569.5732217573222
63052	1012.5	683.3807531380753
63089	1160.9375	546.1422594142259
63147	992.4107142857143	435.68200836820085
63187	1024.7767857142858	585.1938633193863
63226	1086.1607142857144	548.373779637378
63280	995.7589285714287	604.1617852161785
63318	1047.0982142857144	561.7629009762902
63388	1011.3839285714286	567.3417015341702
63451	950.0000000000001	590.7726638772664
63497	1029.2410714285716	646.560669456067
63546	991.2946428571429	600.8145048814505
63585	862.9464285714287	603.0460251046026
63625	1109.5982142857144	546.1422594142259
63680	871.8750000000001	557.2998605299861
63721	907.5892857142858	600.8145048814505
63759	1134.1517857142858	578.4993026499303
63795	886.3839285714287	617.5509065550907
63847	764.7321428571429	863.0181311018131
63888	668.7500000000001	709.0432357043236
63930	496.875	909.8800557880056
63981	608.4821428571429	798.3040446304045
64019	663.1696428571429	703.4644351464435
64058	592.8571428571429	779.3361227336123
64095	545.9821428571429	782.6834030683403
64146	727.9017857142858	706.8117154811715
64190	500.2232142857143	694.5383542538355
64228	629.6875000000001	725.7796373779637
64280	308.25892857142856	474.73361227336125
64317	329.4642857142857	365.38912133891216
64362	417.63392857142856	412.25104602510464
64413	414.2857142857143	349.76847977684804
64456	398.6607142857143	346.42119944212
64493	489.0625	370.9679218967922
64547	320.5357142857143	440.14504881450495
64597	352.9017857142857	325.22175732217573
64637	593.9732142857143	344.18967921896797
64675	482.3660714285714	320.7587168758717
64711	614.0625000000001	418.9456066945607
64763	640.8482142857143	426.7559274755928
64802	563.8392857142857	285.05439330543936
64840	544.8660714285714	367.6206415620642
64880	561.6071428571429	350.88423988842396
64916	672.0982142857143	319.64295676429566
64956	677.6785714285714	275.0125523012552
64992	501.33928571428567	357.5788005578801
65028	490.1785714285714	359.8103207810321
65079	552.6785714285714	385.4728033472803
65119	558.2589285714286	365.38912133891216
65162	611.8303571428571	499.28033472803344
65196	562.7232142857142	471.38633193863325
65233	601.7857142857143	664.4128312412831
65269	601.7857142857143	664.4128312412831
65308	359.5982142857143	634.2873082287308
65345	502.45535714285717	640.9818688981869
65414	569.4196428571429	638.750348675035
65516	677.6785714285714	716.8535564853556
65561	535.9375	738.0529986052999
65600	538.1696428571429	763.7154811715482
65662	596.2053571428571	736.9372384937238
65713	523.6607142857142	885.3333333333334
65757	622.9910714285714	879.7545327754532
65794	570.5357142857142	889.7963737796374
65847	150.89285714285714	745.863319386332
65888	470.0892857142857	590.7726638772664
65927	439.9553571428571	820.6192468619246
65980	580.5803571428571	555.0683403068341
66022	518.0803571428571	561.7629009762902
66064	427.6785714285714	488.1227336122734
66113	581.6964285714287	470.2705718270572
66160	460.04464285714283	526.0585774058578
66212	902.0089285714287	711.2747559274756
66263	963.3928571428571	571.8047419804742
66306	1033.705357142857	502.62761506276155
66345	1096.205357142857	546.1422594142259
66397	1030.357142857143	484.7754532775453
66436	1078.3482142857144	503.74337517433753
66474	1202.232142857143	465.8075313807531
66530	1247.9910714285716	428.9874476987448
66569	1163.169642857143	441.2608089260809
66607	1122.9910714285716	516.0167364016736
66663	1135.267857142857	497.0488145048814
66702	1141.9642857142858	352.0
66745	1071.6517857142858	471.38633193863325
66796	1078.3482142857144	635.4030683403068
66831	1029.2410714285716	502.62761506276155
66867	997.9910714285714	542.7949790794979
66902	1176.5625	472.5020920502092
66941	1104.017857142857	514.9009762900977
66996	1097.3214285714287	472.5020920502092
67035	994.6428571428571	482.5439330543933
67079	1135.267857142857	546.1422594142259
67117	1014.732142857143	449.07112970711296
67154	1057.142857142857	460.2287308228731
67196	1110.7142857142858	590.7726638772664
67246	1154.2410714285716	499.28033472803344
67287	1167.6339285714287	639.8661087866109
67323	947.7678571428571	632.0557880055788
67361	1081.6964285714287	560.6471408647141
67414	1034.8214285714287	461.3444909344491
67458	1000.2232142857143	479.1966527196653
67494	1032.5892857142858	566.2259414225941
67531	756.9196428571429	534.9846582984658
67581	953.3482142857143	542.7949790794979
67619	1121.875	343.07391910739193
67658	908.7053571428571	538.3319386331939
67694	903.1250000000001	593.0041841004185
67729	1167.6339285714287	472.5020920502092
67782	1004.6875	537.2161785216178
67820	1044.8660714285716	625.3612273361227
67863	1158.705357142857	556.18410041841
67900	1203.3482142857144	651.023709902371
67937	976.7857142857143	712.3905160390517
67973	947.7678571428571	859.6708507670851
68009	708.9285714285714	772.6415620641562
68073	812.7232142857143	810.5774058577406
68113	754.6875000000001	865.2496513249652
68163	908.7053571428571	721.3165969316597
68210	800.4464285714287	626.4769874476988
68263	1005.8035714285716	615.3193863319386
68298	822.7678571428571	711.2747559274756
68335	1006.919642857143	673.3389121338912
68376	952.2321428571429	629.8242677824268
68430	884.1517857142858	744.747559274756
68467	841.7410714285714	654.370990237099
68502	927.6785714285714	702.3486750348675
68543	907.5892857142858	561.7629009762902
68596	1011.3839285714286	709.0432357043236
68641	1006.919642857143	672.2231520223153
68681	915.4017857142858	640.9818688981869
68731	944.4196428571429	461.3444909344491
68770	1049.330357142857	550.6052998605301
68809	939.9553571428571	600.8145048814505
68863	1125.2232142857144	494.8172942817295
68905	1092.857142857143	598.5829846582985
68945	960.0446428571429	557.2998605299861
68996	897.5446428571429	412.25104602510464
69035	982.3660714285714	620.8981868898187
69076	963.3928571428571	568.4574616457462
69112	928.7946428571429	453.534170153417
69163	1031.4732142857144	501.5118549511855
69205	1160.9375	463.5760111576011
69242	1332.8125	488.1227336122734
69280	1097.3214285714287	603.0460251046026
69329	1069.419642857143	511.5536959553697
69368	1045.982142857143	539.4476987447699
69404	1042.6339285714287	634.2873082287308
69443	986.8303571428571	539.4476987447699
69497	943.3035714285714	570.6889818688982
69537	955.5803571428571	495.93305439330544
69575	994.6428571428571	626.4769874476988
69612	1130.8035714285716	531.6373779637378
69663	1096.205357142857	597.4672245467224
69702	1143.080357142857	421.1771269177127
69740	984.5982142857143	551.721059972106
69780	1008.0357142857143	636.5188284518829
69830	1156.4732142857144	581.8465829846583
69872	976.7857142857143	647.676429567643
69908	1067.1875	375.43096234309627
69945	1071.6517857142858	545.02649930265
69996	948.8839285714287	575.1520223152022
70030	954.4642857142858	604.1617852161785
70067	1044.8660714285716	524.9428172942818
70102	1289.2857142857144	522.7112970711297
70140	990.1785714285714	597.4672245467224
70179	1124.107142857143	546.1422594142259
70217	1191.0714285714287	548.373779637378
70263	1081.6964285714287	512.6694560669456
70301	1089.5089285714287	591.8884239888424
70338	1047.0982142857144	567.3417015341702
70377	1030.357142857143	559.5313807531381
70413	1156.4732142857144	570.6889818688982
70463	1104.017857142857	485.8912133891214
70501	1000.2232142857143	598.5829846582985
70542	1030.357142857143	397.7461645746165
70597	178.79464285714283	169.01534170153417
70639	201.11607142857142	263.8549511854951
70677	503.57142857142856	539.4476987447699
70713	-68.97321428571428	980.1729428172943
70762	388.6160714285714	765.9470013947001
70809	404.2410714285714	651.023709902371
70847	194.41964285714283	516.0167364016736
70896	213.39285714285714	402.20920502092054
70935	230.13392857142856	299.55927475592745
70974	240.17857142857142	315.1799163179917
71011	331.69642857142856	301.7907949790795
71062	427.6785714285714	295.09623430962347
71102	339.50892857142856	224.80334728033472
71140	265.8482142857143	277.2440725244072
71179	350.66964285714283	180.17294281729428
71230	303.79464285714283	272.7810320781032
71273	291.5178571428571	212.5299860529986
71309	400.8928571428571	341.9581589958159
71363	179.91071428571428	241.53974895397488
71401	131.91964285714286	276.12831241283124
71443	131.91964285714286	276.12831241283124
71486	131.91964285714286	277.2440725244072
71534	342.85714285714283	717.9693165969317
71629	300.44642857142856	528.2900976290098
71668	202.23214285714283	527.1743375174337
71709	98.4375	455.76569037656907
71750	189.95535714285714	414.48256624825666
71797	370.75892857142856	359.8103207810321
71841	128.57142857142858	319.64295676429566
71897	135.26785714285714	412.25104602510464
71938	192.18749999999997	379.8940027894003
71975	240.17857142857142	397.7461645746165
72030	288.16964285714283	199.14086471408646
72067	122.99107142857143	376.54672245467225
72106	191.07142857142856	348.652719665272
72146	512.5	336.3793584379358
72197	323.88392857142856	316.29567642956766
72247	328.3482142857143	333.0320781032078
72296	497.9910714285714	266.0864714086471
72339	405.35714285714283	240.42398884239887
72379	374.10714285714283	317.41143654114364
72431	304.9107142857143	286.17015341701534
72468	500.2232142857143	266.0864714086471
72505	425.44642857142856	257.160390516039
72564	457.8125	334.1478382147838
72605	184.37499999999997	291.7489539748954
72643	215.62499999999997	224.80334728033472
72680	400.8928571428571	267.20223152022317
72729	427.6785714285714	715.7377963737797
72768	126.33928571428571	717.9693165969317
72808	431.0267857142857	801.6513249651325
72844	289.2857142857143	652.139470013947
72896	105.13392857142857	571.8047419804742
72937	150.89285714285714	426.7559274755928
72975	42.63392857142857	359.8103207810321
73013	60.49107142857143	436.79776847977683
73062	125.22321428571429	335.26359832635984
73102	183.25892857142856	394.39888423988845
73140	122.99107142857143	387.70432357043234
73182	73.88392857142857	497.0488145048814
73233	50.44642857142857	513.7852161785216
73273	166.51785714285714	460.2287308228731
73310	201.11607142857142	413.3668061366806
73366	66.07142857142857	405.55648535564853
73406	152.00892857142856	449.07112970711296
73444	211.16071428571428	417.82984658298466
73496	184.37499999999997	379.8940027894003
73539	154.24107142857142	437.91352859135293
73580	173.21428571428572	471.38633193863325
73619	204.46428571428572	536.1004184100419
73655	92.85714285714286	407.78800557880055
73693	173.21428571428572	499.28033472803344
73746	281.4732142857143	516.0167364016736
73783	163.16964285714283	639.8661087866109
73827	249.10714285714283	417.82984658298466
73879	290.4017857142857	522.7112970711297
73918	302.6785714285714	412.25104602510464
73953	195.53571428571428	463.5760111576011
73989	195.53571428571428	392.1673640167364
74028	93.97321428571429	271.66527196652714
74066	135.26785714285714	248.23430962343096
74113	252.4553571428571	216.99302649930266
74152	178.79464285714283	229.26638772663875
74192	213.39285714285714	232.6136680613668
74246	155.35714285714283	348.652719665272
74286	93.97321428571429	222.57182705718267
74321	232.36607142857142	160.08926080892607
74357	258.0357142857143	308.4853556485356
74412	100.66964285714286	291.7489539748954
74450	167.63392857142856	246.00278940027894
74490	203.34821428571428	350.88423988842396
74528	165.40178571428572	287.2859135285914
74580	185.49107142857142	353.11576011157604
74617	231.24999999999997	308.4853556485356
74651	306.0267857142857	763.7154811715482
74695	-210.71428571428572	989.0990237099023
74746	397.54464285714283	760.3682008368202
74783	261.38392857142856	772.6415620641562
74819	235.71428571428572	549.4895397489539
74856	169.86607142857142	490.3542538354254
74913	218.97321428571428	449.07112970711296
74951	221.20535714285714	473.61785216178527
74986	298.2142857142857	374.31520223152023
75023	222.32142857142856	349.76847977684804
75059	346.2053571428571	320.7587168758717
75098	317.1875	312.94839609483967
75146	165.40178571428572	264.97071129707115
75197	182.14285714285714	339.7266387726639
75239	256.91964285714283	311.83263598326363
75276	332.8125	296.21199442119945
75312	347.32142857142856	288.40167364016736
75350	308.25892857142856	304.02231520223154
75393	371.875	260.50767085076706
75446	246.87499999999997	319.64295676429566
75486	234.59821428571428	242.6555090655509
75522	325.0	326.33751743375177
75562	375.2232142857143	336.3793584379358
75615	97.32142857142857	1144.189679218968
75656	426.5625	652.139470013947
75692	493.5267857142857	694.5383542538355
75729	460.04464285714283	775.9888423988842
75779	150.89285714285714	511.5536959553697
75818	170.98214285714283	382.1255230125523
75861	210.04464285714283	453.534170153417
75913	152.00892857142856	372.0836820083682
75953	167.63392857142856	283.9386331938633
75989	290.4017857142857	414.48256624825666
76047	358.48214285714283	378.7782426778243
76088	319.41964285714283	385.4728033472803
76126	483.48214285714283	457.9972105997211
76162	482.3660714285714	485.8912133891214
76212	1034.8214285714287	555.0683403068341
76256	980.1339285714287	676.6861924686193
76291	983.4821428571429	563.9944211994421
76329	1195.5357142857144	470.2705718270572
76379	1069.419642857143	593.0041841004185
76415	1079.4642857142858	558.4156206415621
76456	1071.6517857142858	532.7531380753138
76494	904.2410714285714	520.4797768479776
76546	948.8839285714287	541.6792189679219
76589	878.5714285714287	571.8047419804742
76628	1012.5	512.6694560669456
76681	1155.357142857143	617.5509065550907
76720	1196.6517857142858	628.7085076708508
76756	1043.75	645.444909344491
76793	1054.9107142857144	555.0683403068341
76845	1201.1160714285716	608.6248256624825
76884	963.3928571428571	598.5829846582985
76923	1073.8839285714287	476.96513249651326
76961	1016.9642857142858	630.9400278940028
77015	1200.0	478.0808926080893
77057	1052.6785714285716	605.2775453277545
77095	1174.330357142857	426.7559274755928
77146	1011.3839285714286	655.4867503486751
77185	1059.375	520.4797768479776
77225	1239.0625	518.2482566248257
77264	1107.3660714285716	585.1938633193863
77298	860.7142857142858	601.9302649930265
77337	989.0625000000001	628.7085076708508
77381	1070.5357142857144	546.1422594142259
77430	947.7678571428571	582.9623430962342
77469	984.5982142857143	599.6987447698745
77506	1037.0535714285716	590.7726638772664
77546	1070.5357142857144	624.2454672245468
77585	1148.6607142857144	635.4030683403068
77622	1038.169642857143	627.5927475592748
77659	1196.6517857142858	625.3612273361227
77713	1144.1964285714287	636.5188284518829
77751	1109.5982142857144	619.7824267782427
77791	1122.9910714285716	676.6861924686193
77830	1054.9107142857144	534.9846582984658
77868	1130.8035714285716	639.8661087866109
77902	1131.919642857143	576.2677824267782
77938	1079.4642857142858	531.6373779637378
77977	1010.2678571428571	623.1297071129707
78031	973.4375000000001	618.6666666666666
78070	981.2500000000001	676.6861924686193
78113	986.8303571428571	638.750348675035
78155	1078.3482142857144	584.0781032078104
78196	1152.0089285714287	534.9846582984658
78247	1076.1160714285716	568.4574616457462
78288	1051.5625	609.7405857740587
78326	1085.044642857143	603.0460251046026
78365	939.9553571428571	701.2329149232916
78413	895.3125000000001	688.9595536959554
78452	1097.3214285714287	552.836820083682
78492	1058.2589285714287	553.9525801952581
78546	1191.0714285714287	547.258019525802
78583	1183.2589285714287	507.0906555090656
78623	976.7857142857143	626.4769874476988
78663	1181.0267857142858	616.4351464435147
78699	1167.6339285714287	603.0460251046026
78734	1095.0892857142858	596.3514644351465
78781	1066.0714285714287	540.563458856346
78830	1044.8660714285716	546.1422594142259
78914	1002.4553571428571	605.2775453277545
78950	954.4642857142858	607.5090655509066
78996	1110.7142857142858	536.1004184100419
79035	944.4196428571429	594.1199442119944
79073	986.8303571428571	567.3417015341702
79113	1120.7589285714287	590.7726638772664
79163	981.2500000000001	609.7405857740587
79202	1003.5714285714286	646.560669456067
79242	1058.2589285714287	466.9232914923292
79296	1096.205357142857	566.2259414225941
79332	1004.6875	577.3835425383543
79368	1031.4732142857144	558.4156206415621
79404	956.6964285714287	499.28033472803344
79443	847.3214285714287	540.563458856346
79496	990.1785714285714	539.4476987447699
79534	947.7678571428571	570.6889818688982
79573	1127.455357142857	683.3807531380753
79609	1061.607142857143	513.7852161785216
79645	886.3839285714287	676.6861924686193
79696	1101.7857142857144	553.9525801952581
79732	1054.9107142857144	648.792189679219
79770	1041.517857142857	637.6345885634588
79805	1061.607142857143	644.3291492329149
79842	1034.8214285714287	629.8242677824268
79896	1189.955357142857	683.3807531380753
79937	964.5089285714287	636.5188284518829
79976	829.4642857142858	572.9205020920502
80011	985.7142857142858	487.00697350069737
80064	899.7767857142858	552.836820083682
80101	1069.419642857143	550.6052998605301
80138	992.4107142857143	550.6052998605301
80175	570.5357142857142	697.8856345885636
80229	423.2142857142857	615.3193863319386
80267	314.9553571428571	551.721059972106
80304	393.0803571428571	634.2873082287308
80340	417.63392857142856	553.9525801952581
80378	226.78571428571428	490.3542538354254
80429	130.80357142857144	517.1324965132496
80468	173.21428571428572	475.8493723849373
80511	320.5357142857143	546.1422594142259
80564	659.8214285714287	521.5955369595538
80613	885.2678571428571	457.9972105997211
80663	720.0892857142858	731.3584379358439
80713	849.5535714285714	652.139470013947
80763	737.9464285714287	694.5383542538355
80801	1042.6339285714287	803.8828451882845
80845	1023.6607142857143	595.2357043235705
80897	1112.9464285714287	745.863319386332
80943	1256.919642857143	539.4476987447699
80997	917.6339285714287	479.1966527196653
81047	1108.482142857143	521.5955369595538
81091	1075.0	609.7405857740587
81146	1249.107142857143	622.0139470013947
81185	1259.1517857142858	618.6666666666666
81224	897.5446428571429	668.8758716875872
81260	1203.3482142857144	566.2259414225941
81313	875.2232142857143	656.6025104602511
