time	x	y
1	1099.3313373253493	1260.1995012468826
79	1411.7065868263471	1188.3790523690773
145	1247.0359281437125	1257.2069825436408
201	926.6766467065868	1108.57855361596
274	657.2155688622754	1211.3216957605982
337	937.6546906187625	1119.5511221945135
397	905.7185628742515	1476.6583541147131
468	522.4850299401197	1159.4513715710723
548	415.69860279441116	1033.7655860349128
633	-140.18962075848304	848.2294264339153
715	543.443113772455	970.922693266833
819	-116.2375249500998	562.9426433915212
898	-143.18363273453093	570.922693266833
963	-58.353293413173645	596.857855361596
1028	21.487025948103792	495.11221945137163
1107	214.10179640718562	814.3142144638404
1176	191.14770459081836	605.8354114713217
1238	782.9640718562873	1118.5536159600997
1301	784.9600798403194	1066.6832917705735
1378	1037.4550898203593	1228.2793017456358
1466	1133.263473053892	1322.0448877805484
1543	1038.4530938123753	1289.1271820448876
1630	783.9620758483034	844.2394014962593
1698	1160.2095808383233	842.2443890274315
1775	1329.870259481038	1084.638403990025
1843	978.5728542914171	991.8703241895262
1917	1011.506986027944	932.0199501246883
1993	962.6047904191616	1021.7955112219449
2072	605.3193612774451	776.4089775561098
2146	957.6147704590818	982.8927680798005
2229	884.7604790419161	965.9351620947632
2296	1326.87624750499	1118.5536159600997
2344	678.1736526946107	649.7256857855361
2400	684.1616766467066	504.0897755610973
2474	772.9840319361277	362.44389027431424
2540	608.313373253493	297.6059850374065
2604	509.5109780439121	16.30922693266833
2683	1133.263473053892	306.58354114713217
2759	784.9600798403194	166.93266832917706
2837	593.3433133732534	2.3441396508728176
2910	762.005988023952	-48.5286783042394
2986	-74.32135728542914	277.65586034912724
3046	197.13572854291417	23.291770573566087
3130	526.4770459081835	108.07980049875312
3213	263.00399201596804	564.9376558603492
3305	845.8383233532934	1026.783042394015
3380	-588.2934131736527	201.84538653366585
3469	-402.66467065868267	310.57356608478807
3567	168.1936127744511	379.40149625935163
3633	109.311377245509	636.7581047381547
3690	-20.429141716566868	339.50124688279305
3765	17.49500998003992	345.48628428927685
3856	382.7644710578842	1113.56608478803
3910	53.423153692614775	1153.4663341645885
3984	185.15968063872256	1129.5261845386533
4062	368.79241516966067	842.2443890274315
4121	29.471057884231538	304.5885286783043
4182	31.46706586826348	142.9925187032419
4266	111.30738522954093	136.00997506234413
4346	140.24950099800398	443.24189526184546
4426	42.445109780439125	66.18453865336657
4496	483.56287425149696	340.498753117207
4571	274.9800399201597	190.87281795511223
4636	-92.28542914171658	30.274314214463843
4710	-210.04990019960078	74.1645885286783
4795	596.3373253493014	433.2668329177058
4863	659.2115768463074	234.76309226932668
4932	944.6407185628742	712.5685785536159
5002	1211.1077844311378	884.1396508728179
5063	1374.7804391217564	996.8578553615961
5138	1072.385229540918	965.9351620947632
5214	626.2774451097805	1137.506234413965
5298	1213.1037924151694	1017.8054862842894
5374	1028.4730538922156	1262.1945137157106
5456	1012.5049900199601	1072.6683291770573
5525	1012.5049900199601	967.9301745635911
5606	1299.9301397205588	898.1047381546135
5704	1183.1636726546906	955.9600997506235
5788	1337.8542914171655	939.0024937655861
5863	169.19161676646706	1092.6184538653367
5939	155.2195608782435	636.7581047381547
6002	-54.361277445109785	608.8279301745637
6078	369.7904191616766	641.7456359102245
6155	-433.6027944111777	380.39900249376564
6218	487.55489021956083	853.216957605985
6294	105.31936127744511	445.23690773067335
6372	261.0079840319361	545.9850374064838
6438	-28.41317365269461	462.19451371571074
6491	182.16566866267465	441.24688279301745
6573	-193.08383233532933	384.3890274314214
6647	448.6327345309381	600.8478802992519
6729	-105.25948103792415	480.14962593516213
6802	-0.46906187624750384	508.0798004987531
6864	-58.353293413173645	352.4688279301746
6946	-257.9540918163673	467.18204488778053
7016	148.23353293413174	567.930174563591
7085	-242.98403193612774	233.76558603491273
7158	221.0878243512974	801.3466334164589
7242	116.29740518962076	379.40149625935163
7311	-34.40119760479042	533.0174563591022
7367	173.18363273453093	322.54364089775567
7430	-99.27145708582833	496.1097256857856
7493	272.9840319361277	495.11221945137163
7570	-231.00798403193613	383.3915211970075
7663	246.03792415169661	508.0798004987531
7735	-296.87624750499003	281.645885286783
7798	-237.99401197604791	373.41645885286783
7880	-257.9540918163673	437.2568578553616
7961	-34.40119760479042	490.1246882793018
8039	-184.10179640718562	482.14463840399003
8104	-175.1197604790419	345.48628428927685
8173	-77.31536926147704	514.0648379052369
8240	43.44311377245509	532.0199501246883
8318	53.423153692614775	864.1895261845386
8391	135.25948103792416	897.1072319201996
8453	-40.38922155688623	874.1645885286782
8502	209.1117764471058	991.8703241895262
8567	-335.79840319361284	708.5785536159601
8644	12.504990019960081	837.2568578553617
8721	-180.10978043912178	699.6009975062344
8797	160.20958083832335	491.1221945137157
8865	19.491017964071858	355.4613466334165
8939	59.41117764471058	527.0324189526184
9004	-201.0678642714571	396.359102244389
9084	7.51497005988024	320.5486284289277
9162	-254.96007984031937	262.69326683291774
9239	172.18562874251498	466.1845386533666
9323	-142.18562874251498	612.8179551122195
9388	97.33532934131736	655.7107231920199
9445	26.477045908183634	672.6683291770573
9533	-97.27544910179641	430.27431421446386
9599	-238.99201596806387	619.8004987531173
9700	179.17165668662673	732.5187032418953
9786	-268.93213572854296	768.4289276807981
9865	96.3373253493014	594.8628428927681
9934	44.44111776447106	563.9401496259352
10005	38.45309381237525	642.7431421446383
10069	-207.0558882235529	626.783042394015
10125	12.504990019960081	539.0024937655861
10187	-61.34730538922155	496.1097256857856
10267	-19.431137724550897	550.9725685785536
10330	100.32934131736528	421.29675810473816
10393	142.24550898203591	275.6608478802993
10476	-286.8962075848304	465.18703241895264
10548	-49.37125748502994	504.0897755610973
10626	-75.31936127744511	321.54613466334166
10687	-157.1556886227545	387.3815461346634
10756	298.9321357285429	591.8703241895262
10846	-99.27145708582833	480.14962593516213
10922	-317.83433133732535	409.3266832917706
10991	-244.98003992015967	484.139650872818
11067	-73.32335329341318	545.9850374064838
11130	-152.16566866267465	610.8229426433916
11196	-125.21956087824351	512.069825436409
11272	-107.25548902195608	417.3067331670823
11343	-49.37125748502994	430.27431421446386
11402	92.34530938123753	272.6683291770574
11467	-162.14570858283435	323.5411471321696
11533	202.125748502994	746.4837905236908
11631	150.22954091816368	738.5037406483791
11692	193.1437125748503	682.643391521197
11742	-97.27544910179641	434.26433915211976
11827	-467.5349301397206	612.8179551122195
11890	-48.37325349301397	679.6508728179551
11949	-102.26546906187625	465.18703241895264
12020	-94.28143712574851	1027.7805486284287
12094	38.45309381237525	786.3840399002494
12167	242.04590818363272	700.5985037406484
12231	130.2694610778443	806.3341645885288
12293	-44.3812375249501	538.0049875311721
12369	-110.24950099800398	726.5336658354115
12449	141.24750499001996	653.715710723192
12536	268.9920159680638	745.4862842892768
12597	91.34730538922156	763.4413965087282
12650	364.8003992015968	721.5461346633416
12727	264.99999999999994	629.7755610972569
12792	479.5708582834331	702.5935162094763
12857	192.14570858283435	553.9650872817956
12928	615.2994011976048	593.8653366583542
13006	482.56487025948104	645.7356608478804
13088	125.27944111776448	865.1870324189525
13180	-30.409181636726547	968.927680798005
13243	296.93612774451094	971.9201995012469
13303	298.9321357285429	923.0423940149626
13377	582.3652694610778	680.6483790523691
13462	13.50299401197605	590.8728179551123
13537	55.4191616766467	593.8653366583542
13615	265.9980039920159	452.21945137157104
13684	-12.44510978043912	564.9376558603492
13747	-92.28542914171658	558.9526184538654
13794	164.20159680638724	872.1695760598503
13839	42.445109780439125	640.7481296758104
13915	305.91816367265466	1231.2718204488776
13990	68.3932135728543	976.9077306733168
14089	35.45908183632734	862.1945137157107
14164	-13.443113772455089	858.204488778055
14229	148.23353293413174	932.0199501246883
14304	350.8283433133732	1030.7730673316707
14381	280.96806387225547	896.1097256857856
14447	1103.3233532934132	1013.8154613466334
14532	1164.2015968063872	1108.57855361596
14614	1056.4171656686626	886.134663341646
14677	1243.0439121756488	1115.5610972568577
14751	1077.375249500998	994.8628428927681
14815	1153.2235528942117	830.2743142144639
14880	1238.0538922155688	962.9426433915212
14957	1327.8742514970058	1009.8254364089776
15036	1074.3812375249502	1049.725685785536
15133	1291.9461077844312	948.9775561097257
15186	1364.8003992015967	672.6683291770573
15268	948.6327345309381	609.8254364089776
15342	853.8223552894211	648.7281795511223
15427	839.8502994011976	568.927680798005
15501	1219.0918163672654	497.1072319201995
15573	535.4590818363273	316.5586034912718
15645	511.5069860279441	773.4164588528679
15718	205.11976047904193	452.21945137157104
15791	346.8363273453093	568.927680798005
15855	82.36526946107784	439.25187032418955
15912	827.874251497006	861.1970074812967
15991	1250.0299401197606	1089.6259351620947
16062	857.814371257485	956.9576059850375
16125	1275.9780439121757	1032.7680798004988
16185	1238.0538922155688	786.3840399002494
16249	1361.8063872255489	892.1197007481296
16310	1035.4590818363274	737.5062344139651
16365	1073.3832335329341	999.850374064838
16433	1357.8143712574852	982.8927680798005
16516	1236.057884231537	784.3890274314215
16606	1084.3612774451096	830.2743142144639
16690	894.7405189620758	848.2294264339153
16760	517.49500998004	786.3840399002494
16821	1320.8882235528943	819.3017456359103
16878	1066.3972055888223	878.1546134663342
16954	1078.3732534930139	964.9376558603491
17026	1369.7904191616765	1070.6733167082293
17099	791.9461077844311	723.5411471321696
17169	1073.3832335329341	997.8553615960101
17239	995.5389221556886	947.9800498753118
17306	1058.4131736526945	821.2967581047382
17392	1059.4111776447105	940.0
17465	1025.4790419161677	1085.635910224439
17547	1101.3273453093811	1051.720698254364
17613	1224.0818363273454	1035.7605985037405
17689	1229.0718562874251	978.9027431421447
17766	1214.1017964071857	894.1147132169576
17843	988.5528942115768	1130.523690773067
17918	205.11976047904193	1306.0847880299252
18000	320.8882235528942	1285.1371571072318
18074	693.1437125748503	981.8952618453866
18157	129.27145708582836	264.6882793017457
18235	157.21556886227543	297.6059850374065
18312	-203.06387225548903	354.4638403990025
18382	-18.43313373253493	498.1047381546135
18470	110.30938123752496	552.9675810473815
18550	-80.30938123752495	212.81795511221944
18617	-144.1816367265469	336.50872817955116
18676	88.35329341317365	417.3067331670823
18752	-101.26746506986028	444.2394014962594
18799	157.21556886227543	489.12718204488783
18870	-1.467065868263472	621.7955112219452
18934	220.08982035928142	585.8852867830424
18990	44.44111776447106	633.7655860349128
19074	296.93612774451094	498.1047381546135
19141	186.15768463073854	381.3965087281796
19190	-9.451097804391217	478.1546134663341
19246	-53.36327345309381	119.05236907730672
19327	565.3992015968064	620.7980049875312
19400	362.80439121756484	413.3167082294265
19447	398.7325349301397	466.1845386533666
19512	393.74251497005986	513.0673316708229
19598	-106.25748502994011	320.5486284289277
19658	197.13572854291417	432.26932668329175
19722	162.20558882235528	390.3740648379053
19785	286.9560878243513	548.9775561097257
19855	408.7125748502994	535.0124688279302
19920	-85.2994011976048	283.640897755611
19979	-34.40119760479042	597.85536159601
20050	187.1556886227545	489.12718204488783
20115	357.814371257485	528.0299251870324
20172	127.27544910179641	623.7905236907732
20241	208.11377245508982	323.5411471321696
20300	327.87425149700596	675.6608478802992
20375	301.9261477045908	701.5960099750623
20446	175.17964071856287	732.5187032418953
20508	24.481037924151696	400.3491271820449
20574	383.76247504990016	666.6832917705735
20650	346.8363273453093	859.2019950124688
20729	452.62475049900195	870.1745635910224
20818	145.23952095808386	807.3316708229427
20893	146.2375249500998	796.3591022443891
20964	383.76247504990016	919.0523690773068
21028	476.5768463073852	878.1546134663342
21103	206.1177644710579	707.5810473815461
21170	477.5748502994012	811.3216957605985
21243	191.14770459081836	757.4563591022444
21314	513.5029940119759	714.5635910224439
21385	247.0359281437126	855.2119700748129
21479	496.53692614770455	791.3715710723192
21559	-54.361277445109785	1085.635910224439
21621	88.35329341317365	789.3765586034913
21683	272.9840319361277	1131.521197007481
21755	456.6167664670658	881.147132169576
21815	437.65469061876246	996.8578553615961
21868	441.6467065868263	996.8578553615961
21933	375.7784431137724	1081.645885286783
22011	453.62275449101793	932.0199501246883
22087	185.15968063872256	847.2319201995014
22166	56.417165668662676	1021.7955112219449
22239	151.22754491017963	1024.788029925187
22322	480.5688622754491	860.1995012468828
22395	502.5249500998004	860.1995012468828
22467	539.4510978043911	947.9800498753118
22556	280.96806387225547	713.56608478803
22632	457.61477045908185	909.0773067331671
22713	378.7724550898203	841.2468827930174
22788	285.95808383233526	1033.7655860349128
22859	378.7724550898203	936.0099750623442
22921	235.05988023952096	978.9027431421447
22991	514.500998003992	939.0024937655861
23070	300.9281437125748	783.3915211970076
23138	346.8363273453093	938.0049875311721
23203	578.373253493014	1031.7705735660845
23251	403.7225548902195	958.9526184538654
23333	731.0678642714571	1041.7456359102243
23403	446.6367265469062	922.0448877805486
23478	549.4311377245509	1070.6733167082293
23552	639.2514970059881	1115.5610972568577
23617	789.9500998003992	919.0523690773068
23692	380.7684630738523	1001.8453865336659
23770	102.32534930139721	797.356608478803
23849	388.75249500998	1056.7082294264337
23917	390.7485029940119	867.1820448877806
23976	470.5888223552894	1132.5187032418953
24054	568.3932135728542	1161.4463840399
24121	280.96806387225547	1049.725685785536
24177	540.4491017964071	1021.7955112219449
24254	459.61077844311376	1005.8354114713218
24328	568.3932135728542	1037.7556109725685
24394	710.1097804391218	1069.6758104738153
24463	362.80439121756484	1225.286783042394
24538	685.1596806387225	1079.650872817955
24610	758.0139720558882	1012.8179551122195
24674	814.9001996007984	1102.5935162094763
24731	346.8363273453093	1067.6807980049875
24804	370.7884231536926	1194.364089775561
24852	299.9301397205589	1090.6234413965085
24918	319.8902195608782	1122.5436408977555
24985	-11.447105788423153	1137.506234413965
25042	65.39920159680639	752.4688279301746
25116	379.7704590818363	1136.508728179551
25199	363.8023952095808	1171.4214463840397
25276	445.6387225548902	1012.8179551122195
25346	221.0878243512974	981.8952618453866
25408	477.5748502994012	742.4937655860349
25475	302.92415169660677	820.2992518703243
25542	348.8323353293413	737.5062344139651
25621	279.9700598802395	665.6857855361596
25699	319.8902195608782	609.8254364089776
25770	477.5748502994012	888.1296758104738
25828	565.3992015968064	1095.6109725685785
25898	33.46307385229541	909.0773067331671
25968	496.53692614770455	1092.6184538653367
26038	280.96806387225547	1032.7680798004988
26118	102.32534930139721	1056.7082294264337
26198	156.21756487025948	881.147132169576
26263	340.84830339321354	989.8753117206983
26341	214.10179640718562	880.1496259351621
26411	256.0179640718563	974.9127182044888
26483	209.1117764471058	926.0349127182046
26548	315.89820359281435	938.0049875311721
26605	581.3672654690619	1072.6683291770573
26683	661.2075848303392	970.922693266833
26748	607.315369261477	1072.6683291770573
26810	682.1656686626745	1044.7381546134663
26873	565.3992015968064	1082.643391521197
26921	632.2654690618762	1114.563591022444
26971	354.8203592814371	903.0922693266833
27044	461.6067864271457	1017.8054862842894
27112	611.3073852295408	860.1995012468828
27168	624.2814371257484	1211.3216957605982
27233	425.67864271457086	1050.72319201995
27292	205.11976047904193	1097.6059850374063
27387	550.4291417165668	1192.369077306733
27466	232.06586826347305	1089.6259351620947
27541	594.3413173652694	1059.7007481296757
27607	-164.14171656686628	863.1920199501246
27666	778.9720558882235	1087.6309226932667
27747	166.19760479041918	1203.3416458852867
27838	658.2135728542913	1132.5187032418953
27914	341.8463073852295	1106.583541147132
27992	566.3972055888223	948.9775561097257
28064	465.5988023952096	1222.294264339152
28136	-44.3812375249501	836.2593516209478
28203	225.0798403193613	932.0199501246883
28271	254.02195608782435	1021.7955112219449
28342	-7.45508982035928	1064.6882793017455
28401	439.65069860279436	1109.576059850374
28479	19.491017964071858	890.1246882793018
28547	494.54091816367264	1068.6783042394013
28607	94.34131736526946	983.8902743142145
28679	433.6626746506986	915.0623441396508
28750	298.9321357285429	1179.4014962593515
28813	345.8383233532934	975.9102244389029
28887	-145.17964071856287	1042.7431421446383
28963	698.1337325349301	1002.8428927680798
29035	196.1377245508982	1122.5436408977555
29106	891.7465069860278	940.0
29175	472.5848303393213	1047.7306733167081
29259	936.6566866267465	1088.6284289276807
29326	164.20159680638724	1020.7980049875312
29401	151.22754491017963	1104.588528678304
29465	329.87025948103786	1007.8304239401497
29521	26.477045908183634	983.8902743142145
29590	111.30738522954093	966.9326683291772
29645	55.4191616766467	1107.581047381546
29721	-50.36926147704591	1174.4139650872817
29789	342.84431137724545	1047.7306733167081
29878	209.1117764471058	1025.785536159601
29956	20.489021956087825	1606.3341645885284
30034	-39.39121756487026	1557.4563591022443
30112	470.5888223552894	1225.286783042394
30189	807.9141716566866	1251.221945137157
30266	565.3992015968064	1018.8029925187033
30327	626.2774451097805	1004.8379052369077
30393	701.127744510978	829.27680798005
30472	437.65469061876246	1104.588528678304
30565	516.497005988024	986.8827930174565
30641	289.95009980039913	1025.785536159601
30719	396.7365269461078	1022.793017456359
30801	382.7644710578842	1101.596009975062
30871	379.7704590818363	1245.2369077306732
30942	449.63073852295406	1083.640897755611
31029	338.8522954091816	851.2219451371571
31106	497.53493013972053	1069.6758104738153
31176	306.91616766467064	1202.3441396508729
31236	445.6387225548902	965.9351620947632
31303	332.8642714570858	1052.7182044887782
31362	351.8263473053892	926.0349127182046
31439	189.15169660678643	865.1870324189525
31509	72.38522954091816	912.069825436409
31580	222.08582834331335	849.2269326683293
31632	715.0998003992016	1093.6159600997505
31686	596.3373253493014	1132.5187032418953
31761	794.9401197604791	1231.2718204488776
31843	632.2654690618762	1098.6034912718203
31901	578.373253493014	889.1271820448878
31988	-14.441117764471057	1086.6334164588527
32067	681.1676646706587	1167.4314214463839
32146	-122.22554890219561	939.0024937655861
32224	630.2694610778443	1049.725685785536
32302	301.9261477045908	1174.4139650872817
32384	200.12974051896208	1106.583541147132
32463	156.21756487025948	933.0174563591022
32531	227.07584830339323	870.1745635910224
32604	869.7904191616767	1023.790523690773
32661	666.1976047904191	1134.513715710723
32738	776.9760479041917	1182.3940149625935
32829	688.1536926147704	1118.5536159600997
32908	492.5449101796407	1079.650872817955
32980	549.4311377245509	924.0399002493765
33051	652.2255489021956	997.8553615960101
33127	558.4131736526946	1045.7356608478801
33203	554.4211576846308	995.8603491271822
33282	827.874251497006	967.9301745635911
33359	444.6407185628742	1083.640897755611
33437	776.9760479041917	1101.596009975062
33513	542.4451097804391	1022.793017456359
33590	695.1397205588822	962.9426433915212
33672	976.5768463073852	979.9002493765587
33744	683.1636726546906	1240.2493765586034
33823	403.7225548902195	940.997506234414
33899	608.313373253493	1231.2718204488776
33983	570.3892215568862	989.8753117206983
34060	280.96806387225547	1083.640897755611
34140	674.1816367265468	981.8952618453866
34218	530.4690618762475	1058.7032418952617
34295	250.02994011976048	1200.3491271820446
34372	508.5129740518962	1186.3840399002493
34436	257.0159680638722	972.9177057356608
34500	199.1317365269461	1194.364089775561
34574	809.9101796407185	1315.0623441396508
34653	246.03792415169661	1193.366583541147
34737	640.2495009980039	1200.3491271820446
34811	389.750499001996	1058.7032418952617
34892	469.59081836327346	1036.7581047381545
34965	609.311377245509	889.1271820448878
35048	327.87425149700596	922.0448877805486
35128	-83.30339321357286	1061.6957605985035
35201	431.66666666666663	1003.8403990024938
35279	-89.29141716566866	1105.586034912718
35340	81.36726546906188	1004.8379052369077
35423	127.27544910179641	882.14463840399
35484	152.2255489021956	996.8578553615961
35568	129.27145708582836	1044.7381546134663
35647	386.75648702594805	925.0374064837905
35724	8.51297405189621	1028.7780548628427
35792	437.65469061876246	838.2543640897757
35864	223.08383233532933	1172.418952618454
35937	168.1936127744511	881.147132169576
36009	487.55489021956083	1089.6259351620947
36064	577.3752495009979	1112.568578553616
36131	363.8023952095808	1128.5286783042393
36191	351.8263473053892	1025.785536159601
36258	454.6207584830339	1029.7755610972567
36305	519.4910179640718	1012.8179551122195
36362	553.4231536926147	1047.7306733167081
36424	570.3892215568862	1141.4962593516207
36500	156.21756487025948	1119.5511221945135
36571	169.19161676646706	1020.7980049875312
36644	38.45309381237525	1094.6134663341645
36713	283.96207584830336	1228.2793017456358
36779	176.17764471057885	950.9725685785536
36832	194.14171656686628	1111.571072319202
36891	281.9660678642714	1119.5511221945135
36966	766.9960079840318	1023.790523690773
37049	768.9920159680639	1233.2668329177056
37116	578.373253493014	1194.364089775561
37181	541.4471057884232	1164.438902743142
37245	522.4850299401197	1049.725685785536
37314	471.58682634730536	1025.785536159601
37394	526.4770459081835	977.9052369077308
37469	438.65269461077844	1007.8304239401497
37546	894.7405189620758	1160.448877805486
37611	387.754491017964	928.0299251870325
37675	349.83033932135726	722.5436408977556
37758	250.02994011976048	905.0872817955112
37840	655.2195608782436	956.9576059850375
37907	568.3932135728542	1138.5037406483789
37983	478.5728542914172	1034.7630922693265
38063	324.88023952095807	1186.3840399002493
38152	602.3253493013972	968.927680798005
38238	338.8522954091816	1052.7182044887782
38297	838.8522954091816	990.8728179551123
38361	739.0518962075848	1211.3216957605982
38429	409.71057884231533	1081.645885286783
38473	494.54091816367264	1136.508728179551
38559	543.443113772455	1108.57855361596
38644	462.60479041916165	880.1496259351621
38717	169.19161676646706	1273.1670822942642
38783	688.1536926147704	1024.788029925187
38842	609.311377245509	1073.6658354114713
38923	555.4191616766467	1126.5336658354113
38991	666.1976047904191	1151.4713216957605
39053	-68.33333333333333	920.0498753117207
39127	482.56487025948104	1088.6284289276807
39206	137.2554890219561	792.3690773067332
39284	543.443113772455	1054.713216957606
39351	561.4071856287425	1111.571072319202
39403	474.5808383233533	1092.6184538653367
39467	520.4890219560879	1133.516209476309
39537	745.0399201596806	1122.5436408977555
39606	423.6826347305389	988.8778054862844
39682	583.3632734530938	981.8952618453866
39747	338.8522954091816	1152.4688279301745
39822	434.6606786427146	1144.488778054863
39899	54.42115768463074	739.5012468827931
39983	408.7125748502994	1234.2643391521196
40063	428.67265469061874	1051.720698254364
40122	385.7584830339321	1101.596009975062
40185	246.03792415169661	997.8553615960101
40257	318.8922155688623	1224.28927680798
40320	321.8862275449101	869.1770573566085
40391	486.5568862275449	972.9177057356608
40455	635.2594810379242	1253.216957605985
40520	530.4690618762475	932.0199501246883
40589	798.9321357285429	887.1321695760599
40671	524.4810379241517	1099.6009975062343
40756	565.3992015968064	1038.7531172069823
40828	521.4870259481038	1056.7082294264337
40892	865.7984031936128	1145.4862842892767
40971	321.8862275449101	1025.785536159601
41051	601.3273453093813	1052.7182044887782
41132	455.6187624750499	1221.296758104738
41207	548.4331337325349	961.9451371571072
41286	554.4211576846308	1118.5536159600997
41370	767.9940119760479	1127.5311720698253
41444	505.5189620758482	1256.2094763092268
41528	727.0758483033932	1038.7531172069823
41605	386.75648702594805	1074.6633416458853
41676	395.73852295409176	1156.4588528678303
41755	-87.29540918163673	1023.790523690773
41823	38.45309381237525	928.0299251870325
41907	-217.0359281437126	834.2643391521196
41982	50.42914171656687	1238.2543640897754
42060	263.00399201596804	1152.4688279301745
42141	365.7984031936127	1139.5012468827929
42206	291.9461077844311	1156.4588528678303
42295	267.9940119760479	1236.2593516209477
42360	615.2994011976048	1014.8129675810474
42424	486.5568862275449	1069.6758104738153
42490	482.56487025948104	1049.725685785536
42558	703.12375249501	1061.6957605985035
42626	408.7125748502994	987.8802992518704
42702	557.4151696606787	1251.221945137157
42785	678.1736526946107	1140.498753117207
42852	478.5728542914172	1093.6159600997505
42921	568.3932135728542	1095.6109725685785
43004	503.52295409181636	920.0498753117207
43083	796.9361277445109	1310.074812967581
43147	527.4750499001996	1199.3516209476309
43217	658.2135728542913	1097.6059850374063
43289	965.5988023952095	1009.8254364089776
43362	857.814371257485	1102.5935162094763
43447	261.0079840319361	990.8728179551123
43511	508.5129740518962	1065.6857855361595
43570	726.0778443113772	1107.581047381546
43629	681.1676646706587	1046.7331670822941
43717	648.2335329341316	1027.7805486284287
43811	543.443113772455	772.4189526184539
43876	626.2774451097805	1149.4763092269325
43927	685.1596806387225	805.3366583541147
43997	566.3972055888223	1139.5012468827929
44061	586.3572854291417	1136.508728179551
44139	-53.36327345309381	1313.067331670823
44215	8.51297405189621	1445.7356608478801
44283	779.9700598802394	1253.216957605985
44343	781.9660678642715	1041.7456359102243
44405	775.9780439121756	968.927680798005
44480	470.5888223552894	1019.8004987531173
44554	933.6626746506985	1063.6907730673317
44622	973.5828343313373	1155.4613466334165
44700	826.87624750499	1048.7281795511221
44762	607.315369261477	899.1022443890275
44825	976.5768463073852	1049.725685785536
44911	534.4610778443114	1008.8279301745637
44991	482.56487025948104	1098.6034912718203
45058	492.5449101796407	947.9800498753118
45119	416.69660678642714	1083.640897755611
45197	915.6986027944112	1102.5935162094763
45275	864.8003992015967	1223.291770573566
45338	466.5968063872255	1005.8354114713218
45402	826.87624750499	983.8902743142145
45458	409.71057884231533	1007.8304239401497
45524	319.8902195608782	1042.7431421446383
45606	577.3752495009979	1012.8179551122195
45686	682.1656686626745	1200.3491271820446
45756	686.1576846307385	1108.57855361596
45821	607.315369261477	1053.715710723192
45872	666.1976047904191	1146.4837905236907
45919	837.8542914171657	1100.5985037406483
46002	732.065868263473	1159.4513715710723
46076	632.2654690618762	934.0149625935162
46146	307.9141716566866	862.1945137157107
46217	345.8383233532934	1087.6309226932667
46302	764.001996007984	1020.7980049875312
46387	440.64870259481035	1031.7705735660845
46458	670.189620758483	939.0024937655861
46522	550.4291417165668	982.8927680798005
46591	650.2295409181637	887.1321695760599
46667	675.1796407185628	909.0773067331671
46751	459.61077844311376	1168.4289276807979
46815	282.96407185628743	1070.6733167082293
46880	213.10379241516966	1093.6159600997505
46948	600.3293413173652	1112.568578553616
47005	681.1676646706587	1140.498753117207
47078	407.71457085828337	1262.1945137157106
47155	399.73053892215563	1043.7406483790523
47238	377.7744510978044	1085.635910224439
47310	307.9141716566866	1108.57855361596
47394	661.2075848303392	1233.2668329177056
47471	557.4151696606787	1196.3591022443889
47544	319.8902195608782	1123.5411471321695
47624	240.04990019960078	1002.8428927680798
47699	540.4491017964071	1143.491271820449
47769	420.688622754491	1095.6109725685785
47839	449.63073852295406	1139.5012468827929
47902	562.4051896207585	1034.7630922693265
47976	332.8642714570858	1178.4039900249375
48055	714.1017964071856	1085.635910224439
48121	187.1556886227545	1154.4638403990025
48185	413.7025948103792	845.2369077306732
48253	236.05788423153692	950.9725685785536
48317	87.35528942115768	1102.5935162094763
48392	-17.43512974051896	979.9002493765587
48452	326.87624750499	1137.506234413965
48543	311.9061876247505	1082.643391521197
48595	358.812375249501	1099.6009975062343
48662	-12.44510978043912	1018.8029925187033
48760	568.3932135728542	1269.1770573566084
48834	111.30738522954093	1011.8204488778055
48900	403.7225548902195	1068.6783042394013
48973	649.2315369261477	1173.416458852868
49045	438.65269461077844	1139.5012468827929
49115	194.14171656686628	963.9401496259351
49161	667.1956087824351	1044.7381546134663
49219	159.21157684630737	937.0074812967582
49294	526.4770459081835	965.9351620947632
49374	383.76247504990016	1252.219451371571
49452	498.5329341317365	1105.586034912718
49529	445.6387225548902	971.9201995012469
49604	267.9940119760479	1012.8179551122195
49678	914.7005988023952	1036.7581047381545
49746	560.4091816367264	1040.7481296758103
49823	639.2514970059881	1636.2593516209477
49896	-137.19560878243513	1019.8004987531173
49979	505.5189620758482	1242.2443890274315
50041	692.1457085828343	1283.142144638404
50120	639.2514970059881	1230.2743142144636
50197	490.5489021956088	1337.007481296758
50280	530.4690618762475	1001.8453865336659
50354	666.1976047904191	1041.7456359102243
50427	636.2574850299401	1171.4214463840397
50485	657.2155688622754	1054.713216957606
50541	576.377245508982	966.9326683291772
50602	526.4770459081835	1117.5561097256857
50680	712.1057884231536	1150.4738154613465
50773	466.5968063872255	1111.571072319202
50840	834.8602794411178	1361.945137157107
50887	523.4830339321356	1062.6932668329177
50973	642.245508982036	1226.2842892768078
51071	682.1656686626745	1346.9825436408976
51141	780.9680638722555	1146.4837905236907
51227	524.4810379241517	1374.9127182044888
51297	373.78243512974046	1024.788029925187
51379	480.5688622754491	999.850374064838
51448	910.7085828343313	1269.1770573566084
51517	851.8263473053892	1269.1770573566084
51582	723.0838323353294	1077.6558603491271
51656	1021.4870259481037	1120.5486284289275
51726	911.7065868263473	1003.8403990024938
51811	847.8343313373254	913.0673316708229
51886	1224.0818363273454	1117.5561097256857
51962	879.7704590818363	1144.488778054863
52040	1074.3812375249502	1118.5536159600997
52111	959.6107784431138	1360.9476309226932
52194	789.9500998003992	912.069825436409
52265	1023.4830339321356	1197.3566084788029
52336	828.8722554890219	1121.5461346633415
52429	986.5568862275449	1274.1645885286782
52506	701.127744510978	1009.8254364089776
52576	723.0838323353294	936.0099750623442
52656	501.52694610778434	1085.635910224439
52726	627.2754491017963	921.0473815461347
52803	983.5628742514971	929.0274314214464
52868	901.7265469061875	1205.3366583541147
52912	913.7025948103792	1126.5336658354113
52976	1068.3932135728542	1322.0448877805484
53049	917.694610778443	1176.4089775561097
53115	848.8323353293413	981.8952618453866
53193	828.8722554890219	1196.3591022443889
53268	786.9560878243512	1106.583541147132
53341	945.6387225548903	1056.7082294264337
53418	286.9560878243513	1232.2693266832919
53499	469.59081836327346	888.1296758104738
53579	404.72055888223554	1287.1321695760598
53657	748.0339321357286	1067.6807980049875
53736	849.8303393213572	852.219451371571
53810	709.1117764471057	1048.7281795511221
53872	709.1117764471057	1211.3216957605982
53948	747.0359281437126	1237.2568578553614
54026	904.7205588822354	1185.3865336658353
54101	449.63073852295406	877.1571072319202
54171	1041.4471057884232	1082.643391521197
54228	629.2714570858283	1131.521197007481
54301	475.57884231536923	1122.5436408977555
54393	1010.508982035928	1234.2643391521196
54450	747.0359281437126	1006.8329177057358
54516	1009.5109780439122	1143.491271820449
54600	958.6127744510978	1175.4114713216957
54674	1226.077844311377	1282.14463840399
54747	770.9880239520958	1051.720698254364
54832	790.948103792415	1111.571072319202
54896	742.0459081836327	1275.1620947630922
54980	872.7844311377245	1156.4588528678303
55061	562.4051896207585	1265.1870324189526
55123	570.3892215568862	1046.7331670822941
55192	921.6866267465069	1105.586034912718
55259	644.2415169660678	1149.4763092269325
55331	875.7784431137724	1260.1995012468826
55412	721.0878243512974	1214.3142144638405
55478	606.317365269461	1208.3291770573564
55548	643.2435129740519	1056.7082294264337
55622	530.4690618762475	1116.5586034912717
55703	683.1636726546906	1046.7331670822941
55780	800.9281437125749	1186.3840399002493
55848	762.005988023952	1339.002493765586
55912	833.8622754491017	1076.6583541147131
55980	866.7964071856287	968.927680798005
56037	830.8682634730538	1079.650872817955
56123	856.816367265469	975.9102244389029
56188	397.7345309381237	1328.0299251870324
56248	346.8363273453093	1113.56608478803
56324	552.4251497005987	1071.6708229426433
56403	503.52295409181636	1116.5586034912717
56489	606.317365269461	1055.71072319202
56572	847.8343313373254	1130.523690773067
56642	650.2295409181637	990.8728179551123
56704	706.1177644710579	1224.28927680798
56767	583.3632734530938	995.8603491271822
56836	579.3712574850299	960.9476309226933
56890	707.1157684630738	1126.5336658354113
56957	779.9700598802394	899.1022443890275
57021	951.626746506986	1120.5486284289275
57084	607.315369261477	988.8778054862844
57147	669.191616766467	1262.1945137157106
57211	775.9780439121756	1223.291770573566
57276	590.3493013972055	993.8653366583541
57336	960.6087824351297	1031.7705735660845
57404	724.0818363273453	1184.3890274314215
57487	760.0099800399202	1302.0947630922692
57572	693.1437125748503	977.9052369077308
57638	926.6766467065868	992.8678304239402
57720	974.5808383233533	1106.583541147132
57785	794.9401197604791	1276.1596009975062
57834	1166.1976047904193	995.8603491271822
57904	1010.508982035928	1078.6533665835411
57973	1060.4091816367265	1118.5536159600997
58038	1040.4491017964071	1004.8379052369077
58101	728.0738522954091	1089.6259351620947
58165	1015.4990019960079	1142.493765586035
58214	732.065868263473	859.2019950124688
58264	691.1477045908183	1024.788029925187
58334	1057.4151696606787	1221.296758104738
58404	896.7365269461077	1026.783042394015
58481	842.8443113772455	1213.3167082294265
58550	966.5968063872256	1129.5261845386533
58617	1097.3353293413172	1134.513715710723
58693	788.9520958083832	1310.074812967581
58761	981.566866267465	1132.5187032418953
58845	982.564870259481	1109.576059850374
58907	1136.25748502994	1255.2119700748128
58992	1274.9800399201597	1283.142144638404
59063	1024.4810379241517	1014.8129675810474
59136	683.1636726546906	1058.7032418952617
59242	1000.5289421157684	1246.2344139650872
59340	698.1337325349301	1201.3466334164586
59414	664.2015968063872	1192.369077306733
59488	826.87624750499	1213.3167082294265
59570	888.75249500998	866.1845386533666
59645	661.2075848303392	1012.8179551122195
59724	884.7604790419161	956.9576059850375
59806	892.7445109780439	1005.8354114713218
59895	876.7764471057884	1088.6284289276807
59966	727.0758483033932	1141.4962593516207
60053	926.6766467065868	1333.0174563591022
60129	953.622754491018	1299.1022443890274
60208	1082.365269461078	1199.3516209476309
60284	1343.8423153692613	1377.9052369077306
60357	913.7025948103792	1298.1047381546134
60427	1017.49500998004	1064.6882793017455
60506	1009.5109780439122	978.9027431421447
60584	1124.2814371257487	982.8927680798005
60667	1088.3532934131736	1171.4214463840397
60744	1143.243512974052	1167.4314214463839
60820	720.0898203592814	1181.3965087281795
60898	986.5568862275449	1080.648379052369
60976	1317.8942115768464	1062.6932668329177
61041	1054.4211576846308	1017.8054862842894
61099	878.7724550898204	1218.304239401496
61168	885.7584830339321	757.4563591022444
61235	681.1676646706587	998.852867830424
61305	1178.1736526946106	1104.588528678304
61396	786.9560878243512	1023.790523690773
61474	1028.4730538922156	951.9700748129676
61544	1113.3033932135727	1136.508728179551
61588	1159.2115768463075	1170.4239401496259
61660	1084.3612774451096	1088.6284289276807
61730	1028.4730538922156	1026.783042394015
61797	758.0139720558882	1036.7581047381545
61875	752.0259481037924	983.8902743142145
61957	665.1996007984031	897.1072319201996
62037	565.3992015968064	1004.8379052369077
62107	849.8303393213572	1122.5436408977555
62174	674.1816367265468	1069.6758104738153
62250	765.9980039920159	1211.3216957605982
62332	223.08383233532933	1087.6309226932667
62407	511.5069860279441	922.0448877805486
62481	573.3832335329341	1020.7980049875312
62560	390.7485029940119	1174.4139650872817
62632	435.6586826347305	1126.5336658354113
62712	674.1816367265468	1362.9426433915212
62785	810.9081836327346	1146.4837905236907
62849	352.82435129740514	1051.720698254364
62914	478.5728542914172	994.8628428927681
62983	830.8682634730538	1063.6907730673317
63059	701.127744510978	1213.3167082294265
63136	572.3852295409181	1068.6783042394013
63214	800.9281437125749	1175.4114713216957
63287	544.4411177644711	1153.4663341645885
63372	465.5988023952096	940.997506234414
63450	971.5868263473053	1083.640897755611
63515	844.8403193612775	1184.3890274314215
63589	415.69860279441116	970.922693266833
63666	692.1457085828343	1059.7007481296757
63745	687.1556886227545	1244.2394014962592
63796	602.3253493013972	1031.7705735660845
63848	623.2834331337325	995.8603491271822
63898	773.9820359281437	1083.640897755611
63968	933.6626746506985	885.1371571072318
64042	764.001996007984	1112.568578553616
64124	408.7125748502994	1016.8079800498754
64194	891.7465069860278	1171.4214463840397
64270	459.61077844311376	1094.6134663341645
64338	762.005988023952	1031.7705735660845
64431	130.2694610778443	902.0947630922693
64507	812.9041916167664	920.0498753117207
64550	583.3632734530938	1113.56608478803
64628	755.0199600798403	1390.8728179551122
64696	208.11377245508982	1551.4713216957605
64766	459.61077844311376	1374.9127182044888
64841	826.87624750499	1315.0623441396508
64918	879.7704590818363	1210.3241895261845
64983	960.6087824351297	1065.6857855361595
65058	858.812375249501	914.0648379052369
65139	706.1177644710579	1050.72319201995
65188	586.3572854291417	992.8678304239402
65246	810.9081836327346	1043.7406483790523
65327	938.6526946107783	1178.4039900249375
65403	430.66866267465065	1167.4314214463839
65475	542.4451097804391	1115.5610972568577
65557	1056.4171656686626	1090.6234413965085
65636	1070.3892215568862	1354.9625935162094
65700	585.3592814371257	909.0773067331671
65756	951.626746506986	1263.1920199501246
65813	940.6487025948104	1432.7680798004988
65887	826.87624750499	1086.6334164588527
65966	758.0139720558882	1125.5361596009975
66033	320.8882235528942	851.2219451371571
66116	484.56087824351295	1110.573566084788
66189	533.4630738522955	1227.2817955112218
66259	434.6606786427146	1180.3990024937655
66339	583.3632734530938	1095.6109725685785
66410	839.8502994011976	935.0124688279301
66484	498.5329341317365	1027.7805486284287
66552	261.0079840319361	1070.6733167082293
66620	736.057884231537	1153.4663341645885
66699	386.75648702594805	1150.4738154613465
66775	623.2834331337325	1158.4538653366583
66845	401.7265469061876	1039.7506234413963
66900	608.313373253493	905.0872817955112
66966	280.96806387225547	1108.57855361596
67037	161.2075848303393	1152.4688279301745
67107	324.88023952095807	1099.6009975062343
67191	388.75249500998	1058.7032418952617
67258	182.16566866267465	917.0573566084789
67315	657.2155688622754	1102.5935162094763
67385	281.9660678642714	1044.7381546134663
67463	669.191616766467	887.1321695760599
67554	725.0798403193612	1293.1172069825436
67620	662.2055888223553	1087.6309226932667
67677	543.443113772455	1007.8304239401497
67752	599.3313373253493	944.9875311720698
67827	188.15369261477048	887.1321695760599
67896	802.9241516966068	1216.3092269326683
67975	668.1936127744511	1138.5037406483789
68048	648.2335329341316	1011.8204488778055
68122	647.2355289421158	1066.6832917705735
68182	500.5289421157685	1132.5187032418953
68237	429.6706586826347	992.8678304239402
68331	-45.37924151696607	1016.8079800498754
68410	974.5808383233533	1265.1870324189526
68477	148.23353293413174	1123.5411471321695
68535	860.8083832335329	1080.648379052369
68612	639.2514970059881	1325.0374064837904
68686	335.85828343313375	940.0
68768	704.1217564870259	1231.2718204488776
68842	707.1157684630738	970.922693266833
68904	440.64870259481035	1255.2119700748128
68971	629.2714570858283	1100.5985037406483
69035	854.820359281437	1422.7930174563592
69084	842.8443113772455	1269.1770573566084
69142	709.1117764471057	1125.5361596009975
69220	855.8183632734531	1190.374064837905
69272	776.9760479041917	1207.3316708229424
69322	953.622754491018	1268.1795511221944
69404	490.5489021956088	968.927680798005
69488	703.12375249501	1316.0598503740648
69564	738.0538922155688	1092.6184538653367
69645	568.3932135728542	1098.6034912718203
69720	614.3013972055888	1039.7506234413963
69798	280.96806387225547	1043.7406483790523
69857	558.4131736526946	1183.3915211970075
69933	308.91217564870254	1173.416458852868
70027	661.2075848303392	1228.2793017456358
70104	317.89421157684626	1146.4837905236907
70176	839.8502994011976	1152.4688279301745
70249	281.9660678642714	1296.1097256857854
70323	931.6666666666666	1254.214463840399
70388	-65.33932135728543	1281.1471321695758
70465	935.6586826347306	1192.369077306733
70538	556.4171656686626	1258.2044887780548
70611	732.065868263473	1128.5286783042393
70678	636.2574850299401	1212.3192019950125
70763	814.9001996007984	1196.3591022443889
70807	647.2355289421158	1332.0199501246882
70868	787.9540918163672	1216.3092269326683
70937	324.88023952095807	1162.4438902743143
71009	442.6447105788423	1213.3167082294265
71082	617.2954091816367	1099.6009975062343
71148	802.9241516966068	1016.8079800498754
71220	796.9361277445109	1265.1870324189526
71305	602.3253493013972	1154.4638403990025
71381	688.1536926147704	1238.2543640897754
71462	715.0998003992016	1142.493765586035
71553	479.5708582834331	1140.498753117207
71629	664.2015968063872	1115.5610972568577
71701	703.12375249501	1224.28927680798
71773	748.0339321357286	1073.6658354114713
71850	401.7265469061876	1163.441396508728
71932	950.62874251497	1072.6683291770573
72012	406.71656686626744	1285.1371571072318
72081	731.0678642714571	1084.638403990025
72143	266.9960079840319	1143.491271820449
72200	629.2714570858283	1214.3142144638405
72272	521.4870259481038	1203.3416458852867
72354	377.7744510978044	1066.6832917705735
72428	851.8263473053892	1260.1995012468826
72505	654.2215568862275	1026.783042394015
72573	541.4471057884232	1111.571072319202
72638	652.2255489021956	1029.7755610972567
72720	348.8323353293413	1169.4264339152119
72808	619.2914171656686	1031.7705735660845
72886	308.91217564870254	1140.498753117207
72962	246.03792415169661	1004.8379052369077
73037	225.0798403193613	981.8952618453866
73117	512.5049900199601	1119.5511221945135
73184	630.2694610778443	1062.6932668329177
73251	997.5349301397205	1218.304239401496
73311	910.7085828343313	1354.9625935162094
73370	537.4550898203593	1063.6907730673317
73436	379.7704590818363	1070.6733167082293
73500	800.9281437125749	1139.5012468827929
73583	303.92215568862275	940.997506234414
73665	625.2794411177645	1125.5361596009975
73744	426.6766467065868	1067.6807980049875
73808	396.7365269461078	982.8927680798005
73890	240.04990019960078	1264.1895261845386
73978	566.3972055888223	1027.7805486284287
74055	719.0918163672654	1077.6558603491271
74135	472.5848303393213	1143.491271820449
74202	668.1936127744511	1175.4114713216957
74273	-106.25748502994011	997.8553615960101
74344	740.0499001996009	996.8578553615961
74418	102.32534930139721	1041.7456359102243
74508	525.4790419161677	1073.6658354114713
74588	374.78043912175644	1163.441396508728
74660	591.3473053892216	1260.1995012468826
74724	526.4770459081835	1046.7331670822941
74792	491.5469061876247	1236.2593516209477
74850	474.5808383233533	1054.713216957606
74923	720.0898203592814	1209.3266832917705
75009	676.1776447105789	1129.5261845386533
75078	713.1037924151697	1030.7730673316707
75138	748.0339321357286	1165.436408977556
75222	659.2115768463074	1042.7431421446383
75306	660.2095808383234	1204.3391521197007
75376	640.2495009980039	1011.8204488778055
75451	67.39520958083833	1427.7805486284287
75523	-141.187624750499	1406.8329177057356
75606	159.21157684630737	1360.9476309226932
75693	668.1936127744511	1422.7930174563592
75773	433.6626746506986	1153.4663341645885
75869	809.9101796407185	1079.650872817955
75931	903.7225548902196	1223.291770573566
76014	688.1536926147704	967.9301745635911
76089	69.39121756487026	1048.7281795511221
76153	541.4471057884232	1119.5511221945135
76223	445.6387225548902	1155.4613466334165
76302	714.1017964071856	1049.725685785536
76378	705.1197604790419	1142.493765586035
76452	855.8183632734531	1296.1097256857854
76525	375.7784431137724	1181.3965087281795
76587	598.3333333333333	1070.6733167082293
76647	534.4610778443114	1193.366583541147
76730	854.820359281437	1038.7531172069823
76802	582.3652694610778	1142.493765586035
76879	785.9580838323353	1306.0847880299252
76943	723.0838323353294	1198.3541147132169
77024	815.8982035928144	1080.648379052369
77101	429.6706586826347	1273.1670822942642
77183	663.2035928143713	1127.5311720698253
77275	329.87025948103786	1014.8129675810474
77352	606.317365269461	1152.4688279301745
77432	790.948103792415	1274.1645885286782
77504	598.3333333333333	932.0199501246883
77586	626.2774451097805	1199.3516209476309
77649	355.8183632734531	908.0798004987532
77711	468.5928143712574	1015.8104738154615
77783	313.9021956087824	1086.6334164588527
77855	688.1536926147704	1121.5461346633415
77945	331.8662674650698	1244.2394014962592
78020	737.0558882235529	1199.3516209476309
78098	736.057884231537	1166.43391521197
78174	631.2674650698602	1004.8379052369077
78235	690.1497005988023	1060.6982543640897
78304	195.13972055888223	1135.511221945137
78392	692.1457085828343	1086.6334164588527
78460	449.63073852295406	1005.8354114713218
78523	881.7664670658683	1137.506234413965
78590	712.1057884231536	955.9600997506235
78665	579.3712574850299	1036.7581047381545
78736	276.9760479041916	1268.1795511221944
78806	489.55089820359274	936.0099750623442
78877	685.1596806387225	1163.441396508728
78946	550.4291417165668	894.1147132169576
79006	779.9700598802394	1171.4214463840397
79073	533.4630738522955	1126.5336658354113
79148	669.191616766467	1107.581047381546
79223	319.8902195608782	1081.645885286783
79295	670.189620758483	1036.7581047381545
79367	544.4411177644711	1146.4837905236907
79440	826.87624750499	1097.6059850374063
79504	19.491017964071858	1007.8304239401497
79565	921.6866267465069	1079.650872817955
79638	291.9461077844311	915.0623441396508
79711	826.87624750499	1205.3366583541147
79800	364.8003992015968	1054.713216957606
79883	832.8642714570857	1127.5311720698253
79960	521.4870259481038	1054.713216957606
80038	556.4171656686626	1013.8154613466334
80104	662.2055888223553	801.3466334164589
80160	164.20159680638724	1081.645885286783
80239	396.7365269461078	997.8553615960101
80318	627.2754491017963	1001.8453865336659
80396	364.8003992015968	987.8802992518704
80474	449.63073852295406	1045.7356608478801
80556	698.1337325349301	1156.4588528678303
80625	616.2974051896207	1076.6583541147131
80709	101.32734530938124	1029.7755610972567
80778	706.1177644710579	1183.3915211970075
80835	374.78043912175644	906.0847880299253
80908	602.3253493013972	1049.725685785536
80991	111.30738522954093	1005.8354114713218
81084	656.2175648702595	1081.645885286783
81158	660.2095808383234	990.8728179551123
81238	509.5109780439121	966.9326683291772
81301	581.3672654690619	1160.448877805486
81378	574.38123752495	1167.4314214463839
81440	469.59081836327346	1093.6159600997505
81516	1041.4471057884232	1172.418952618454
81585	642.245508982036	1206.3341645885287
81655	827.874251497006	1017.8054862842894
81733	203.12375249500997	984.8877805486284
81805	643.2435129740519	1044.7381546134663
81890	476.5768463073852	1200.3491271820446
81966	469.59081836327346	1044.7381546134663
82042	383.76247504990016	1171.4214463840397
82115	790.948103792415	1122.5436408977555
82187	300.9281437125748	1147.4812967581047
82254	617.2954091816367	1104.588528678304
82302	516.497005988024	1047.7306733167081
82359	742.0459081836327	1052.7182044887782
82434	443.64271457085823	1138.5037406483789
82520	336.8562874251497	1028.7780548628427
82598	497.53493013972053	1082.643391521197
82673	667.1956087824351	996.8578553615961
82742	576.377245508982	923.0423940149626
82815	445.6387225548902	936.0099750623442
82899	86.35728542914171	962.9426433915212
82984	564.4011976047904	1110.573566084788
83063	559.4111776447106	1066.6832917705735
83139	739.0518962075848	1166.43391521197
83208	72.38522954091816	1072.6683291770573
83280	574.38123752495	1128.5286783042393
83341	580.3692614770459	1024.788029925187
83403	587.3552894211576	1044.7381546134663
83465	545.439121756487	1089.6259351620947
83533	696.1377245508982	1096.6084788029925
83593	700.1297405189621	1053.715710723192
83661	404.72055888223554	1058.7032418952617
83707	235.05988023952096	1057.7057356608477
83753	621.2874251497005	1240.2493765586034
83839	298.9321357285429	1046.7331670822941
83914	103.32335329341318	1173.416458852868
83964	493.5429141716566	1137.506234413965
84026	322.8842315369261	1068.6783042394013
84090	372.78443113772454	1062.6932668329177
84154	457.61477045908185	1264.1895261845386
84230	540.4491017964071	1171.4214463840397
84313	444.6407185628742	1151.4713216957605
84381	645.2395209580837	1144.488778054863
84455	394.74051896207584	929.0274314214464
84544	680.1696606786427	910.0748129675811
84622	611.3073852295408	1037.7556109725685
84701	807.9141716566866	1150.4738154613465
84773	-135.19960079840317	1228.2793017456358
84849	356.81636726546907	1334.0149625935162
84929	724.0818363273453	1122.5436408977555
85003	570.3892215568862	1029.7755610972567
85066	668.1936127744511	1087.6309226932667
85138	900.7285429141716	912.069825436409
85211	899.7305389221557	1203.3416458852867
85292	730.0698602794411	1069.6758104738153
85369	629.2714570858283	1045.7356608478801
85438	1010.508982035928	1126.5336658354113
85525	366.7964071856287	1115.5610972568577
85592	535.4590818363273	915.0623441396508
85669	486.5568862275449	1077.6558603491271
85748	635.2594810379242	1272.1695760598504
85820	818.8922155688623	1167.4314214463839
85897	819.8902195608782	1168.4289276807979
85983	991.5469061876247	1117.5561097256857
86068	624.2814371257484	1184.3890274314215
86132	749.0319361277444	1081.645885286783
86192	566.3972055888223	1092.6184538653367
86271	720.0898203592814	1017.8054862842894
86347	890.748502994012	959.9501246882793
86432	881.7664670658683	1011.8204488778055
86506	861.806387225549	1219.30174563591
86577	849.8303393213572	1055.71072319202
86651	966.5968063872256	1041.7456359102243
86723	824.880239520958	899.1022443890275
86786	773.9820359281437	931.0224438902743
86862	698.1337325349301	875.1620947630922
86922	1075.379241516966	955.9600997506235
86994	876.7764471057884	1211.3216957605982
87084	1013.5029940119759	1115.5610972568577
87152	1043.443113772455	1113.56608478803
87225	638.253493013972	960.9476309226933
87296	1082.365269461078	1184.3890274314215
87367	1013.5029940119759	1049.725685785536
87448	936.6566866267465	1343.9900249376558
87517	784.9600798403194	1316.0598503740648
87580	1126.2774451097803	974.9127182044888
87653	687.1556886227545	1065.6857855361595
87727	499.5309381237525	1090.6234413965085
87801	1076.377245508982	1333.0174563591022
87897	925.6786427145707	1319.0523690773066
87978	787.9540918163672	1316.0598503740648
88047	881.7664670658683	975.9102244389029
88108	678.1736526946107	1165.436408977556
88185	367.7944111776447	1260.1995012468826
88268	720.0898203592814	1115.5610972568577
88341	159.21157684630737	959.9501246882793
88399	707.1157684630738	1149.4763092269325
88456	635.2594810379242	1281.1471321695758
88537	1097.3353293413172	1154.4638403990025
88609	820.8882235528941	1277.15710723192
88677	661.2075848303392	1072.6683291770573
88739	714.1017964071856	1267.1820448877804
88811	865.7984031936128	1132.5187032418953
88873	742.0459081836327	1121.5461346633415
88934	730.0698602794411	993.8653366583541
88997	889.750499001996	1061.6957605985035
89071	592.3453093812375	1059.7007481296757
89134	442.6447105788423	938.0049875311721
89190	824.880239520958	1032.7680798004988
89261	551.4271457085828	1251.221945137157
89338	770.9880239520958	971.9201995012469
89410	790.948103792415	1020.7980049875312
89483	945.6387225548903	1058.7032418952617
89552	1198.1337325349302	1033.7655860349128
89625	1244.0419161676646	942.9925187032419
89689	1142.2455089820357	1079.650872817955
89751	1503.5229540918162	1181.3965087281795
89817	1188.1536926147705	969.925187032419
89869	964.6007984031936	1147.4812967581047
89950	1377.7744510978043	1019.8004987531173
90017	1254.0219560878243	1177.4064837905237
90103	1253.0239520958085	1091.6209476309225
90201	1252.0259481037924	1144.488778054863
90279	1256.0179640718563	1178.4039900249375
90343	836.8562874251497	1031.7705735660845
90406	1019.491017964072	868.1795511221945
90481	1250.0299401197606	1083.640897755611
90554	1112.3053892215569	1151.4713216957605
90625	1266.9960079840318	1001.8453865336659
90697	1300.9281437125749	1123.5411471321695
90767	867.7944111776446	972.9177057356608
90824	912.7045908183632	935.0124688279301
90886	843.8423153692614	999.850374064838
90956	612.3053892215569	1002.8428927680798
91019	414.7005988023952	858.204488778055
91065	793.942115768463	993.8653366583541
91122	376.7764471057884	959.9501246882793
91181	223.08383233532933	925.0374064837905
91256	332.8642714570858	1008.8279301745637
91342	543.443113772455	897.1072319201996
91420	509.5109780439121	938.0049875311721
91490	653.2235528942115	987.8802992518704
91578	196.1377245508982	1124.5386533665835
91647	795.9381237524949	1083.640897755611
91718	837.8542914171657	1142.493765586035
91790	696.1377245508982	899.1022443890275
91858	87.35528942115768	837.2568578553617
91936	1101.3273453093811	1145.4862842892767
92008	604.3213572854291	951.9700748129676
92076	484.56087824351295	965.9351620947632
92151	447.6347305389221	1076.6583541147131
92215	414.7005988023952	973.9152119700748
92280	617.2954091816367	1019.8004987531173
92357	509.5109780439121	1023.790523690773
92420	783.9620758483034	1103.5910224438903
92471	48.433133732534934	930.0249376558604
92520	344.8403193612774	1107.581047381546
92605	303.92215568862275	996.8578553615961
92693	223.08383233532933	931.0224438902743
92783	537.4550898203593	1145.4862842892767
92847	440.64870259481035	1032.7680798004988
92923	494.54091816367264	1155.4613466334165
93014	562.4051896207585	1077.6558603491271
93094	845.8383233532934	1192.369077306733
93164	529.4710578842315	1019.8004987531173
93241	1113.3033932135727	1089.6259351620947
93313	1060.4091816367265	968.927680798005
93390	1171.1876247504988	1138.5037406483789
93465	1154.2215568862275	993.8653366583541
93531	1047.435129740519	1259.2019950124686
93590	1511.5069860279439	1150.4738154613465
93675	1397.7345309381237	1254.214463840399
93739	1019.491017964072	1191.371571072319
93802	1090.3493013972056	1070.6733167082293
93870	958.6127744510978	931.0224438902743
93952	557.4151696606787	986.8827930174565
94032	766.9960079840318	1248.229426433915
94111	460.6087824351297	600.8478802992519
94190	314.90019960079843	794.3640897755612
94270	584.3612774451097	841.2468827930174
94341	660.2095808383234	895.1122194513715
94407	805.9181636726547	1022.793017456359
94481	647.2355289421158	1062.6932668329177
94544	743.0439121756486	938.0049875311721
94623	671.187624750499	1118.5536159600997
94734	750.0299401197605	1086.6334164588527
94802	748.0339321357286	964.9376558603491
94874	968.5928143712574	1073.6658354114713
94948	598.3333333333333	867.1820448877806
95012	1072.385229540918	1121.5461346633415
95082	1244.0419161676646	1054.713216957606
95166	1256.0179640718563	1141.4962593516207
95240	1344.8403193612774	1115.5610972568577
95304	1115.2994011976048	1052.7182044887782
95373	1091.3473053892214	1076.6583541147131
95449	921.6866267465069	1019.8004987531173
95519	500.5289421157685	1084.638403990025
95578	743.0439121756486	1036.7581047381545
95650	545.439121756487	999.850374064838
95721	501.52694610778434	935.0124688279301
95796	621.2874251497005	947.9800498753118
95875	664.2015968063872	1042.7431421446383
95938	557.4151696606787	1132.5187032418953
96001	619.2914171656686	1035.7605985037405
96077	403.7225548902195	1013.8154613466334
96156	594.3413173652694	1045.7356608478801
96233	397.7345309381237	1032.7680798004988
96320	779.9700598802394	957.9551122194514
96398	443.64271457085823	887.1321695760599
96476	178.17365269461078	1013.8154613466334
96546	732.065868263473	1091.6209476309225
96628	75.37924151696606	1032.7680798004988
96694	728.0738522954091	1134.513715710723
96765	561.4071856287425	1151.4713216957605
96857	430.66866267465065	896.1097256857856
96925	623.2834331337325	942.9925187032419
96994	631.2674650698602	836.2593516209478
97077	592.3453093812375	882.14463840399
97138	552.4251497005987	806.3341645885288
97187	545.439121756487	858.204488778055
97247	673.1836327345309	1017.8054862842894
97339	574.38123752495	1024.788029925187
97416	688.1536926147704	1047.7306733167081
97481	411.70658682634723	887.1321695760599
97551	567.3952095808384	952.9675810473815
97633	771.9860279441117	1268.1795511221944
97710	630.2694610778443	1149.4763092269325
97786	426.6766467065868	883.1421446384039
97859	1033.4630738522953	945.9850374064839
97935	943.6427145708583	1060.6982543640897
98006	1330.8682634730537	1029.7755610972567
98077	1169.1916167664672	1235.2618453865337
98142	809.9101796407185	880.1496259351621
98216	1015.4990019960079	1060.6982543640897
98281	1037.4550898203593	1094.6134663341645
98341	595.3393213572854	1064.6882793017455
98404	289.95009980039913	1139.5012468827929
98468	388.75249500998	1207.3316708229424
98536	735.0598802395209	1127.5311720698253
98599	458.6127744510978	1130.523690773067
98675	477.5748502994012	999.850374064838
98773	756.0179640718563	937.0074812967582
98847	606.317365269461	871.1720698254364
98932	593.3433133732534	1031.7705735660845
99006	669.191616766467	957.9551122194514
99075	694.1417165668662	883.1421446384039
99135	591.3473053892216	1022.793017456359
99206	604.3213572854291	1007.8304239401497
99278	673.1836327345309	1066.6832917705735
99337	673.1836327345309	937.0074812967582
99409	606.317365269461	897.1072319201996
99472	509.5109780439121	1232.2693266832919
99542	456.6167664670658	874.1645885286782
99593	496.53692614770455	991.8703241895262
99669	361.80638722554886	798.354114713217
99754	442.6447105788423	1018.8029925187033
99836	506.51696606786425	968.927680798005
99911	195.13972055888223	956.9576059850375
99988	1092.3453093812375	1031.7705735660845
100052	538.4530938123753	1028.7780548628427
100123	512.5049900199601	1146.4837905236907
100201	569.3912175648702	1065.6857855361595
100285	576.377245508982	739.5012468827931
100361	826.87624750499	1161.4463840399
100437	617.2954091816367	964.9376558603491
100516	411.70658682634723	959.9501246882793
100588	446.6367265469062	967.9301745635911
100670	190.1497005988024	1230.2743142144636
100739	620.2894211576846	1062.6932668329177
100812	416.69660678642714	1088.6284289276807
100894	711.1077844311377	1103.5910224438903
100971	569.3912175648702	1080.648379052369
101052	632.2654690618762	923.0423940149626
101123	509.5109780439121	998.852867830424
101190	447.6347305389221	933.0174563591022
101256	539.4510978043911	1066.6832917705735
101329	874.7804391217566	891.1221945137157
101410	1009.5109780439122	1116.5586034912717
101476	1367.7944111776449	1240.2493765586034
101549	966.5968063872256	1257.2069825436408
101624	1248.0339321357285	1198.3541147132169
101700	1153.2235528942117	1171.4214463840397
101780	1186.1576846307385	1083.640897755611
101856	643.2435129740519	1106.583541147132
101921	896.7365269461077	1110.573566084788
102000	270.9880239520958	1221.296758104738
102083	723.0838323353294	1057.7057356608477
102173	483.56287425149696	1220.299251870324
102256	421.686626746507	974.9127182044888
102332	646.2375249500998	1204.3391521197007
102407	641.2475049900199	1060.6982543640897
102495	550.4291417165668	1245.2369077306732
102564	687.1556886227545	1094.6134663341645
102653	-286.8962075848304	940.997506234414
102722	596.3373253493014	964.9376558603491
102784	479.5708582834331	853.216957605985
102834	530.4690618762475	1032.7680798004988
102907	652.2255489021956	1159.4513715710723
102966	471.58682634730536	1022.793017456359
103034	105.31936127744511	1040.7481296758103
103081	365.7984031936127	1029.7755610972567
103128	511.5069860279441	1024.788029925187
103203	514.500998003992	881.147132169576
103291	579.3712574850299	1124.5386533665835
103372	537.4550898203593	1060.6982543640897
103437	596.3373253493014	1191.371571072319
103496	575.3792415169661	1093.6159600997505
103566	646.2375249500998	1085.635910224439
103643	511.5069860279441	694.6134663341646
103727	298.9321357285429	1174.4139650872817
103796	767.9940119760479	1144.488778054863
103851	-22.425149700598798	1175.4114713216957
103904	25.479041916167667	1005.8354114713218
103950	122.28542914171658	1138.5037406483789
104004	141.24750499001996	1094.6134663341645
104088	-19.431137724550897	1091.6209476309225
104156	618.2934131736528	940.997506234414
104229	683.1636726546906	986.8827930174565
104313	982.564870259481	1214.3142144638405
104390	1279.9700598802394	1131.521197007481
104464	1246.0379241516966	1244.2394014962592
104539	989.5508982035927	1095.6109725685785
104598	1405.7185628742513	1253.216957605985
104692	1320.8882235528943	1152.4688279301745
104770	1227.0758483033933	1179.4014962593515
104841	1043.443113772455	1222.294264339152
104912	1070.3892215568862	936.0099750623442
104983	1048.433133732535	994.8628428927681
105053	1260.00998003992	1320.0498753117206
105131	960.6087824351297	1244.2394014962592
105197	961.6067864271457	1105.586034912718
105276	1143.243512974052	1275.1620947630922
105338	1164.2015968063872	1378.9027431421446
105407	862.8043912175648	1058.7032418952617
105460	1095.3393213572856	1149.4763092269325
105508	1024.4810379241517	1269.1770573566084
105562	1219.0918163672654	1154.4638403990025
105639	1291.9461077844312	1162.4438902743143
105715	1256.0179640718563	1165.436408977556
105779	1352.8243512974052	1311.0723192019948
105847	1184.1616766467064	1053.715710723192
105927	1168.193612774451	1084.638403990025
106014	1240.0499001996009	1211.3216957605982
106087	1459.6107784431138	1145.4862842892767
106159	1054.4211576846308	1088.6284289276807
