time	x	y
834271	1078.107421875	514.1173959445038
834326	999.091796875	522.9967982924226
834365	998.33203125	523.8847385272145
834392	1000.611328125	569.1696905016008
834416	901.08203125	609.1270010672358
834439	901.08203125	609.1270010672358
834463	944.388671875	498.1344717182497
834489	990.734375	474.1600853788687
834514	945.908203125	567.3938100320171
834540	980.09765625	501.6862326574173
834566	1034.80078125	525.6606189967982
834591	925.39453125	490.1430096051227
834615	896.5234375	557.6264674493062
834642	1002.130859375	443.9701173959445
834665	943.62890625	525.6606189967982
834690	943.62890625	570.0576307363928
834713	952.74609375	494.58271077908216
834739	895.763671875	466.1686232657417
834764	917.796875	494.58271077908216
834785	976.298828125	490.1430096051227
834810	917.037109375	530.1003201707578
834843	941.349609375	468.83244397011737
834866	942.109375	485.7033084311633
834891	964.142578125	545.1953041622198
834926	954.265625	521.2209178228388
834951	968.701171875	531.8762006403415
834976	910.19921875	466.1686232657417
834999	940.58984375	506.1259338313767
835026	891.96484375	508.78975453575237
835053	958.064453125	538.9797225186766
835075	933.751953125	499.9103521878335
835100	877.529296875	556.7385272145144
835126	994.533203125	519.4450373532551
835153	879.80859375	496.35859124866596
835176	914.7578125	483.0394877267876
835201	994.533203125	467.0565635005336
835226	923.115234375	483.0394877267876
835251	976.298828125	559.4023479188901
835277	913.23828125	580.7129135538954
835300	880.568359375	553.1867662753468
835324	869.171875	514.1173959445038
835351	915.517578125	489.25506937033083
835374	958.82421875	472.38420490928496
835399	880.568359375	522.1088580576308
836938	617.689453125	545.1953041622198
836988	564.505859375	432.42689434364996
837014	578.181640625	490.1430096051227
837040	532.595703125	455.51334044823903
837068	575.90234375	516.7812166488794
837090	522.71875	485.7033084311633
837114	606.29296875	486.59124866595516
837138	591.857421875	521.2209178228388
837162	527.27734375	467.0565635005336
837195	656.4375	447.52187833511204
837218	578.94140625	522.9967982924226
837242	552.349609375	510.56563500533616
837265	464.216796875	378.2625400213447
837295	509.04296875	454.62540021344716
837320	491.568359375	427.9871931696905
837373	473.333984375	450.1856990394877
837396	554.62890625	449.29775880469583
837422	561.466796875	445.7459978655283
837445	541.712890625	490.1430096051227
837471	581.98046875	412.89220917822837
837495	540.193359375	542.5314834578442
837520	595.65625	438.64247598719317
837546	595.65625	438.64247598719317
837571	675.431640625	245.07150480256135
837595	536.39453125	130.5272145144077
837619	627.56640625	-72.8110992529349
837642	630.60546875	-89.68196371398079
837664	547.03125	-127.86339381003202
837692	563.74609375	-82.57844183564568
837723	600.974609375	-135.85485592315902
837755	568.3046875	-160.71718249733192
837791	562.2265625	-173.14834578441835
837824	588.818359375	-46.17289220917823
837855	517.400390625	-26.63820704375667
837892	575.90234375	490.1430096051227
837927	537.154296875	561.1782283884738
837958	584.259765625	533.6520811099252
837981	505.244140625	584.264674493063
838003	475.61328125	481.26360725720383
838029	561.466796875	512.3415154749199
838052	592.6171875	486.59124866595516
838078	537.9140625	519.4450373532551
838100	573.623046875	443.08217716115263
839648	66.099609375	459.9530416221985
839697	149.673828125	470.60832443970116
839726	149.673828125	470.60832443970116
839765	143.595703125	507.0138740661686
839802	129.16015625	489.25506937033083
839825	114.724609375	499.0224119530416
839848	114.724609375	499.0224119530416
839881	145.875	439.53041622198504
839907	168.66796875	515.0053361792956
839933	132.19921875	538.9797225186766
839956	158.791015625	481.26360725720383
839981	82.0546875	400.46104589114196
840006	158.791015625	475.9359658484525
840031	158.791015625	475.9359658484525
840055	113.96484375	477.7118463180363
840081	237.046875	465.28068303094983
840104	130.6796875	463.50480256136603
840128	126.12109375	445.7459978655283
840150	99.529296875	448.40981856990396
840181	205.896484375	464.39274279615796
840204	123.841796875	483.9274279615795
840229	83.57421875	483.0394877267876
840255	83.57421875	483.0394877267876
840277	136.7578125	459.0651013874066
840303	136.7578125	459.0651013874066
840328	66.859375	452.84951974386337
840353	114.724609375	484.81536819637137
840379	72.9375	417.33191035218783
840403	125.361328125	430.65101387406617
840427	125.361328125	430.65101387406617
840448	104.087890625	422.65955176093917
840474	63.060546875	535.4279615795091
840498	31.91015625	578.0490928495198
840523	104.087890625	534.5400213447172
840547	204.376953125	627.7737459978655
840574	187.662109375	716.5677694770544
840598	163.349609375	607.3511205976521
840621	249.203125	650.8601921024547
840644	166.388671875	610.9028815368197
840669	98.009765625	634.8772678762007
840694	292.509765625	612.6787620064034
840719	175.505859375	593.1440768409818
840743	163.349609375	602.0234791889008
840769	158.03125	599.3596584845251
840792	150.43359375	592.25613660619
842322	1026.443359375	728.110992529349
842369	926.9140625	827.5602988260406
842401	936.03125	796.4823906083244
842450	970.98046875	720.119530416222
842475	970.98046875	720.119530416222
842498	986.17578125	791.1547491995731
842522	771.921875	895.0437566702241
842551	685.30859375	990.0533617929563
842575	919.31640625	800.034151547492
842597	961.86328125	809.8014941302027
842621	930.712890625	717.4557097118463
842643	647.3203125	967.854855923159
842669	949.70703125	765.4044823906083
842692	927.673828125	700.5848452508004
842719	972.5	761.8527214514407
842745	844.859375	882.6125933831377
842771	818.267578125	844.4311632870864
842797	874.490234375	816.017075773746
842819	917.037109375	906.5869797225187
842844	918.556640625	832.0
842867	901.841796875	810.6894343649947
842893	919.31640625	783.1632870864461
842917	904.12109375	764.5165421558164
842940	926.9140625	760.9647812166488
842965	948.1875	752.08537886873
842989	717.21875	935.0010672358591
843013	982.376953125	790.2668089647811
843035	977.05859375	797.3703308431163
843059	964.142578125	818.6808964781217
843084	997.572265625	799.1462113127001
843108	834.22265625	835.5517609391676
843131	834.22265625	835.5517609391676
843154	927.673828125	775.1718249733191
843179	879.80859375	805.3617929562433
843203	776.48046875	902.1472785485593
843226	915.517578125	786.7150480256137
843252	679.23046875	1017.5795090715047
843276	657.95703125	996.2689434364994
843301	885.88671875	837.3276414087513
843328	975.5390625	789.3788687299893
843353	888.92578125	777.8356456776947
843377	976.298828125	728.9989327641408
843402	969.4609375	781.3874066168623
843424	866.1328125	808.9135538954109
843449	851.697265625	845.3191035218783
843471	886.646484375	832.0
845011	31.91015625	178.4759871931697
845067	104.087890625	180.25186766275345
845100	96.490234375	101.22518676627534
845132	166.388671875	110.99252934898612
845164	143.595703125	88.7940234791889
845197	145.875	94.12166488794023
845237	96.490234375	133.19103521878336
845270	0.759765625	64.8196371398079
845320	107.126953125	128.7513340448239
845354	107.88671875	128.7513340448239
845383	142.076171875	29.302027748132335
845417	88.892578125	80.8025613660619
845453	88.892578125	72.8110992529349
845479	74.45703125	89.68196371398079
845503	35.708984375	76.36286019210246
845528	322.900390625	211.32977588046958
845554	422.4296875	625.1099252934898
845577	216.533203125	728.9989327641408
845602	259.080078125	696.145144076841
845627	294.029296875	576.273212379936
845654	237.806640625	308.1152614727855
845681	131.439453125	157.16542155816435
845706	187.662109375	130.5272145144077
845730	145.875	31.965848452508006
845756	158.791015625	11.543223052294557
845779	155.751953125	68.37139807897545
845805	217.29296875	91.45784418356456
845830	175.505859375	67.48345784418356
845855	69.138671875	86.13020277481323
845879	177.78515625	123.42369263607257
845905	154.9921875	110.10458911419424
845928	148.154296875	101.22518676627534
845951	113.96484375	161.6051227321238
845977	194.5	91.45784418356456
846003	156.51171875	120.7598719316969
846028	181.583984375	103.88900747065101
846051	161.830078125	134.07897545357523
846073	147.39453125	147.3980789754536
846102	149.673828125	87.90608324439701
846128	159.55078125	73.6990394877268
846151	156.51171875	94.12166488794023
847695	250.72265625	734.3265741728922
847737	357.849609375	796.4823906083244
847763	336.576171875	837.3276414087513
847786	335.056640625	792.9306296691568
847808	356.330078125	755.6371398078975
847833	323.66015625	801.8100320170757
847856	322.900390625	732.5506937033084
847882	395.078125	811.5773745997866
847906	316.822265625	832.8879402347919
847939	253.76171875	799.1462113127001
847965	253.76171875	799.1462113127001
847986	313.783203125	823.1205976520811
848023	310.744140625	874.6211312700107
848048	304.666015625	889.7161152614727
848074	295.548828125	764.5165421558164
848099	271.99609375	808.9135538954109
848123	302.38671875	768.068303094984
848147	241.60546875	832.0
848172	272.755859375	797.3703308431163
848194	302.38671875	799.1462113127001
848217	404.955078125	832.8879402347919
848242	224.130859375	785.8271077908217
848267	224.130859375	785.8271077908217
848289	364.6875	816.9050160085379
848312	281.11328125	832.8879402347919
848336	281.873046875	878.1728922091783
848361	281.873046875	878.1728922091783
848386	282.6328125	870.1814300960513
848409	289.470703125	874.6211312700107
848434	167.1484375	779.6115261472785
848460	167.1484375	779.6115261472785
848482	347.97265625	811.5773745997866
848507	200.578125	795.5944503735325
848534	362.408203125	809.8014941302027
848558	362.408203125	809.8014941302027
848583	277.314453125	837.3276414087513
848605	216.533203125	875.5090715048026
848628	227.9296875	841.7673425827107
848655	192.98046875	819.5688367129136
848680	306.185546875	821.3447171824973
848710	289.470703125	808.025613660619
848735	275.03515625	802.6979722518677
848760	180.064453125	833.7758804695837
848790	300.8671875	859.5261472785486
848816	394.318359375	810.6894343649947
848842	306.9453125	825.7844183564567
850369	922.35546875	47.948772678762005
850408	947.427734375	90.56990394877268
850435	983.13671875	118.98399146211312
850486	980.09765625	55.05229455709712
850514	1018.845703125	51.50053361792956
850539	979.337890625	97.67342582710779
850561	876.76953125	61.26787620064034
850585	999.091796875	-15.094983991462113
850610	1031.76171875	21.310565635005336
850636	1031.76171875	21.310565635005336
850658	917.037109375	-41.73319103521878
850682	1004.41015625	60.37993596584845
850709	1086.46484375	125.19957310565634
850734	1051.515625	131.41515474919956
850758	944.388671875	85.24226254002134
850786	979.337890625	37.29348986125934
850809	979.337890625	37.29348986125934
850834	963.3828125	-9.767342582710778
850859	929.953125	-5.327641408751334
850884	963.3828125	63.93169690501601
850909	959.583984375	37.29348986125934
850933	970.220703125	48.836712913553896
850958	1048.4765625	65.70757737459978
850982	915.517578125	178.4759871931697
851008	907.16015625	47.060832443970114
851033	1041.638671875	35.51760939167556
851058	1000.611328125	106.55282817502668
851083	957.3046875	69.25933831376734
851106	1046.95703125	87.01814300960513
851129	1056.07421875	78.13874066168623
851153	1045.4375	67.48345784418356
851178	1045.4375	67.48345784418356
851200	1000.611328125	17.75880469583778
851225	1043.91796875	141.18249733191035
851251	995.29296875	43.50907150480256
851277	1031.001953125	-25.75026680896478
851302	1021.125	39.957310565635005
851325	1012.767578125	83.46638207043756
851348	1047.716796875	83.46638207043756
851374	1047.716796875	83.46638207043756
851396	1037.83984375	68.37139807897545
851419	1066.7109375	28.414087513340448
851442	979.337890625	48.836712913553896
851470	949.70703125	79.91462113127001
851501	942.109375	75.47491995731056
