time	x	y
1	979.7153024911033	22.79111111111111
27	1000.1779359430604	104.56888888888889
50	955.693950177936	92.12444444444444
89	1148.7544483985766	120.56888888888888
112	1095.3736654804272	112.56888888888889
135	1011.7437722419928	121.45777777777778
160	999.2882562277581	63.68000000000001
186	804.4483985765125	67.23555555555556
209	550.8896797153026	231.67999999999998
233	600.711743772242	137.45777777777778
258	606.9395017793595	101.01333333333334
281	616.7259786476868	152.5688888888889
304	614.0569395017794	182.7911111111111
325	599.8220640569396	190.7911111111111
351	552.6690391459075	122.34666666666665
375	572.2419928825623	168.5688888888889
400	532.2064056939502	142.7911111111111
422	599.8220640569396	159.67999999999998
447	430.7829181494662	206.7911111111111
471	356.9395017793594	169.45777777777778
496	356.9395017793594	169.45777777777778
523	251.067615658363	168.5688888888889
548	323.13167259786474	217.45777777777775
573	249.28825622775798	13.013333333333335
599	149.644128113879	79.67999999999999
622	187.01067615658363	36.12444444444444
646	209.2526690391459	-26.986666666666665
671	228.8256227758007	13.013333333333335
697	144.30604982206404	-3.875555555555555
724	120.28469750889678	-74.09777777777778
748	-80.7829181494662	45.90222222222222
770	-122.59786476868328	79.67999999999999
793	-41.63701067615659	29.902222222222225
817	46.441281138790025	-32.32
840	-17.615658362989333	-67.87555555555555
874	76.69039145907472	21.013333333333335
907	114.05693950177935	73.45777777777778
940	-21.1743772241993	-43.87555555555556
974	-19.395017793594317	-104.32
1007	60.67615658362988	-67.87555555555555
1040	156.7615658362989	-21.653333333333332
1074	239.5017793594306	-18.986666666666665
1107	299.1103202846975	-49.20888888888889
1141	248.3985765124555	-29.653333333333332
1174	154.98220640569394	-2.9866666666666664
1207	324.9110320284697	-4.764444444444444
1241	379.1814946619217	-54.54222222222222
1274	396.9750889679715	-64.32
1307	358.71886120996436	-72.32
1341	369.3950177935943	-52.76444444444445
1366	337.3665480427046	59.23555555555555
1392	391.6370106761566	-13.653333333333334
1416	561.5658362989324	-110.54222222222224
1441	521.5302491103203	-26.097777777777775
1464	324.9110320284697	54.791111111111114
1491	431.6725978647687	-54.54222222222222
1516	241.28113879003558	64.56888888888889
1542	355.16014234875445	15.68
1566	347.153024911032	6.791111111111111
1589	466.37010676156586	-69.65333333333334
1612	372.06405693950177	10.346666666666666
1641	377.4021352313167	-116.76444444444445
1663	386.29893238434164	-49.20888888888889
1691	285.7651245551601	-2.9866666666666664
1725	177.22419928825622	-42.09777777777778
1758	239.5017793594306	70.79111111111112
1791	156.7615658362989	-25.208888888888886
1825	213.70106761565836	45.013333333333335
1858	282.20640569395016	-103.43111111111112
1891	190.56939501779357	-26.986666666666665
1925	140.7473309608541	-23.43111111111111
1958	157.65124555160142	-61.653333333333336
1991	193.23843416370107	-42.09777777777778
2025	114.05693950177935	19.235555555555557
2058	139.85765124555158	-54.54222222222222
2091	46.441281138790025	-39.431111111111115
2125	64.23487544483984	42.346666666666664
2158	21.530249110320273	-13.653333333333334
2192	9.96441281138789	-89.2088888888889
2225	267.0818505338078	31.680000000000003
2258	216.3701067615658	38.79111111111111
2292	336.47686832740214	-3.875555555555555
2325	369.3950177935943	-6.542222222222222
2358	399.644128113879	-42.09777777777778
2392	353.38078291814946	50.346666666666664
2416	287.5444839857651	19.235555555555557
2440	287.5444839857651	19.235555555555557
2463	236.83274021352312	65.45777777777778
2488	356.04982206405697	-28.764444444444443
2511	333.80782918149464	12.124444444444444
2538	394.30604982206404	-60.76444444444444
2562	291.1032028469751	11.235555555555555
2585	435.2313167259787	-55.43111111111111
2610	364.05693950177937	-42.986666666666665
2634	274.19928825622776	-1.2088888888888882
2660	266.1921708185053	63.68000000000001
2692	380.9608540925267	29.013333333333335
2726	330.2491103202847	74.34666666666668
2759	381.8505338078292	57.45777777777777
2784	905.8718861209965	221.01333333333332
2807	801.779359430605	245.0133333333333
2830	1045.5516014234877	596.1244444444444
2859	1033.9857651245552	599.68
2883	1041.9928825622776	609.4577777777778
2907	1067.79359430605	610.3466666666667
2933	1170.996441281139	539.2355555555556
2960	951.2455516014236	503.67999999999995
2983	1201.2455516014236	493.90222222222224
3008	916.5480427046264	579.2355555555555
3035	1069.5729537366549	520.5688888888889
3062	1086.4768683274021	523.2355555555555
3088	879.1814946619218	629.0133333333333
3111	1124.7330960854094	649.4577777777778
3134	1079.3594306049822	642.3466666666666
3158	1102.491103202847	570.3466666666667
3181	973.4875444839857	544.5688888888889
3209	1033.0960854092527	620.1244444444444
3232	1019.7508896797154	560.5688888888889
3257	1009.964412811388	533.0133333333333
3280	959.252669039146	627.2355555555555
3304	430.7829181494662	406.7911111111111
3326	298.220640569395	207.68
3352	408.5409252669039	57.45777777777777
3377	303.55871886120997	47.68
3402	269.75088967971527	21.013333333333335
3428	126.51245551601423	93.90222222222222
3451	245.72953736654804	77.90222222222224
3475	262.6334519572954	75.23555555555555
3499	17.971530249110312	-49.20888888888889
3522	20.640569395017785	-23.43111111111111
3545	33.09608540925266	-87.43111111111112
3576	65.12455516014235	-102.54222222222222
3602	84.69750889679715	-94.54222222222222
3628	33.98576512455515	50.346666666666664
3655	-6.939501779359441	-134.54222222222222
3680	-66.54804270462634	-89.2088888888889
3702	73.13167259786475	-35.87555555555556
3724	121.17437722419929	27.235555555555557
3760	156.7615658362989	-82.98666666666666
3783	129.1814946619217	-17.208888888888886
3808	41.992882562277565	-26.097777777777775
3831	90.03558718861208	-20.764444444444443
3857	272.4199288256228	0.5688888888888894
3880	272.4199288256228	0.5688888888888894
3903	239.5017793594306	-26.097777777777775
3928	229.7153024911032	12.124444444444444
3960	194.12811387900356	-106.98666666666668
3994	195.01779359430606	4.124444444444445
4027	107.82918149466191	17.45777777777778
4060	187.01067615658363	-42.986666666666665
4094	259.9644128113879	78.7911111111111
4127	201.2455516014235	28.124444444444446
4160	323.13167259786474	42.346666666666664
4194	404.98220640569394	-43.87555555555556
4227	287.5444839857651	17.45777777777778
4260	353.38078291814946	-50.98666666666667
4310	291.1032028469751	-34.09777777777778
4340	240.3914590747331	-13.653333333333334
4366	183.45195729537366	-61.653333333333336
4394	337.3665480427046	-55.43111111111111
4427	268.8612099644128	-29.653333333333332
4455	204.80427046263344	37.90222222222222
4491	31.316725978647675	-30.54222222222222
4516	31.316725978647675	-30.54222222222222
4539	109.6085409252669	11.235555555555555
4578	143.41637010676155	-4.764444444444444
4603	70.46263345195729	16.56888888888889
4629	142.52669039145908	-38.54222222222222
4655	98.04270462633451	38.79111111111111
4677	135.40925266903915	-50.98666666666667
4700	41.10320284697508	-36.76444444444444
4726	260.8540925266904	-80.32000000000001
4761	275.97864768683274	-43.87555555555556
4787	173.66548042704625	-68.76444444444444
4811	-42.526690391459084	16.56888888888889
4836	18.8612099644128	-47.431111111111115
4863	23.309608540925257	-57.208888888888886
4889	6.405693950177926	-0.3199999999999995
4914	104.27046263345196	-18.097777777777775
4940	-98.57651245551602	-19.875555555555554
4978	-76.33451957295374	24.56888888888889
5004	-32.74021352313168	-15.43111111111111
5031	-13.16725978647688	40.568888888888885
5056	-6.939501779359441	-66.09777777777778
5081	-4.2704626334519675	-146.98666666666668
5105	-14.94661921708186	-38.54222222222222
5132	-41.63701067615659	3.235555555555556
5158	49.1103202846975	-142.54222222222225
5183	126.51245551601423	-97.2088888888889
5206	-43.416370106761576	-24.32
5230	54.448398576512446	-7.431111111111111
5254	-32.74021352313168	15.68
5277	40.21352313167259	-29.653333333333332
5299	259.9644128113879	-120.32000000000001
5328	162.09964412811388	-67.87555555555555
5352	181.67259786476868	-18.986666666666665
5377	168.32740213523132	-81.20888888888888
5403	170.10676156583628	-52.76444444444445
5430	73.13167259786475	-18.097777777777775
5457	106.93950177935942	-29.653333333333332
5482	99.8220640569395	85.90222222222222
5508	134.51957295373666	24.56888888888889
5532	296.44128113879003	71.67999999999999
5559	320.4626334519573	-54.54222222222222
5584	340.9252669039146	-74.98666666666666
5607	360.4982206405694	-42.09777777777778
5630	341.8149466192171	8.568888888888889
5656	400.53380782918146	14.79111111111111
5680	556.2277580071175	-44.76444444444444
5704	416.5480427046263	-78.54222222222222
5729	429.8932384341637	-26.986666666666665
5753	407.65124555160145	-54.54222222222222
5779	415.65836298932385	35.23555555555555
5806	450.35587188612095	-1.2088888888888882
5829	381.8505338078292	1.4577777777777783
5862	391.6370106761566	-9.20888888888889
5885	391.6370106761566	-9.20888888888889
5917	407.65124555160145	61.01333333333333
5951	417.43772241992883	51.23555555555556
5984	380.9608540925267	-39.431111111111115
6019	459.252669039146	27.235555555555557
6047	395.19572953736656	15.68
6086	309.7864768683274	5.013333333333334
6113	475.2669039145908	-10.986666666666666
6149	511.743772241993	-2.097777777777777
6177	505.51601423487546	67.23555555555556
6210	631.8505338078292	32.56888888888889
6245	571.3523131672599	150.7911111111111
6279	531.3167259786478	68.12444444444445
6312	463.70106761565836	61.90222222222223
6346	498.3985765124556	119.67999999999999
6379	760.8540925266905	30.791111111111114
6413	583.8078291814946	109.9022222222222
6446	713.7010676156584	58.34666666666667
6479	579.3594306049823	137.45777777777778
6503	711.0320284697509	-17.208888888888886
6526	558.0071174377225	-29.653333333333332
6551	820.4626334519573	-3.875555555555555
6579	796.4412811387901	-14.542222222222223
6613	610.4982206405695	70.79111111111112
6638	749.2882562277581	45.90222222222222
6663	663.8790035587189	74.34666666666668
6688	663.8790035587189	74.34666666666668
6713	604.270462633452	115.23555555555554
6737	926.3345195729538	19.235555555555557
6762	739.5017793594307	3.235555555555556
6785	677.2241992882563	6.791111111111111
6811	618.5053380782919	97.45777777777778
6836	661.2099644128115	50.346666666666664
6863	570.4626334519573	106.34666666666668
6888	410.32028469750884	97.45777777777778
6911	663.8790035587189	-44.76444444444444
6937	623.8434163701068	-17.208888888888886
6960	654.0925266903915	-2.9866666666666664
6982	582.9181494661923	59.23555555555555
7005	646.0854092526691	131.23555555555555
7031	783.9857651245552	136.56888888888886
7054	888.9679715302492	100.12444444444444
7079	822.2419928825623	69.01333333333334
7103	783.0960854092527	37.01333333333333
7130	953.0249110320285	-24.32
7163	872.9537366548044	-18.097777777777775
7187	922.7758007117438	11.235555555555555
7213	901.423487544484	45.013333333333335
7237	821.3523131672599	-41.208888888888886
7263	879.1814946619218	-80.32000000000001
7286	896.0854092526691	29.013333333333335
7310	950.355871886121	61.90222222222223
7335	832.0284697508897	81.45777777777778
7361	946.797153024911	92.12444444444444
7387	941.4590747330961	3.235555555555556
7414	961.9217081850534	-35.87555555555556
7440	789.3238434163702	39.68
7466	911.2099644128115	-54.54222222222222
7489	911.2099644128115	-54.54222222222222
7514	977.9359430604983	-13.653333333333334
7537	1002.846975088968	109.01333333333334
7562	1030.4270462633451	80.56888888888889
7588	1058.896797153025	62.79111111111111
7615	1106.9395017793595	43.23555555555556
7639	939.6797153024912	16.56888888888889
7663	1064.2348754448399	-13.653333333333334
7685	958.3629893238434	101.90222222222222
7710	1134.5195729537368	-76.76444444444445
7735	929.0035587188612	92.12444444444444
7757	1038.4341637010677	53.013333333333335
7779	1120.284697508897	-24.32
7805	1120.284697508897	-8.32
7828	1165.658362989324	21.013333333333335
7855	1196.797153024911	26.346666666666668
7881	1245.729537366548	11.235555555555555
7905	1233.2740213523132	84.12444444444445
7927	1137.1886120996442	69.90222222222222
7951	1147.8647686832742	54.791111111111114
7974	1213.7010676156583	0.5688888888888894
8001	1213.7010676156583	0.5688888888888894
8022	809.7864768683274	75.23555555555555
8048	146.08540925266902	-14.542222222222223
8071	56.22775800711743	101.90222222222222
8095	0.1779359430604881	93.90222222222222
8118	-62.09964412811389	169.45777777777778
8143	5.516014234875435	40.568888888888885
8168	-1.6014234875444942	100.12444444444444
8196	-22.06405693950179	162.34666666666666
8223	-18.505338078291825	131.23555555555555
8246	-23.84341637010677	61.01333333333333
8269	-23.84341637010677	61.01333333333333
8298	-157.29537366548044	-56.32
8331	50.889679715302485	-15.43111111111111
8364	-1.6014234875444942	-12.764444444444445
8398	-14.056939501779368	25.45777777777778
8431	11.743772241992874	83.23555555555555
8465	-115.48042704626334	77.90222222222224
8498	4.626334519572944	-16.319999999999997
8531	10.854092526690382	19.235555555555557
8565	-67.43772241992883	146.34666666666664
8598	-67.43772241992883	146.34666666666664
8631	-20.28469750889681	34.34666666666667
8665	49.1103202846975	29.902222222222225
8691	49.999999999999986	5.013333333333334
8716	74.91103202846975	-4.764444444444444
8741	25.088967971530238	173.9022222222222
8767	25.088967971530238	173.9022222222222
8791	83.80782918149465	0.5688888888888894
8814	-42.526690391459084	98.34666666666666
8839	280.4270462633452	-37.653333333333336
8865	259.0747330960854	-14.542222222222223
8887	98.93238434163699	85.01333333333334
8912	211.03202846975088	-12.764444444444445
8935	179.8932384341637	39.68
8961	189.67971530249108	102.79111111111112
8983	167.43772241992883	83.23555555555555
9008	167.43772241992883	83.23555555555555
9033	360.4982206405694	-43.87555555555556
9065	374.7330960854092	148.12444444444444
9089	371.17437722419925	112.56888888888889
9112	458.36298932384346	52.12444444444444
9137	458.36298932384346	52.12444444444444
9165	293.7722419928825	59.23555555555555
9199	418.3274021352313	56.56888888888889
9232	370.2846975088968	14.79111111111111
9265	321.35231316725975	44.12444444444444
9299	361.38790035587186	60.12444444444445
9332	420.9964412811388	3.235555555555556
9357	380.0711743772242	189.01333333333332
9385	434.34163701067615	150.7911111111111
9410	462.8113879003559	142.7911111111111
9434	396.9750889679715	122.34666666666665
9460	456.5836298932385	176.5688888888889
9483	493.0604982206406	86.7911111111111
9510	321.35231316725975	99.23555555555555
9535	389.8576512455516	52.12444444444444
9559	440.56939501779357	132.12444444444444
9586	439.6797153024911	70.79111111111112
9612	526.8683274021353	143.67999999999998
9636	539.3238434163702	54.791111111111114
9662	501.9572953736655	101.90222222222222
9685	686.1209964412812	131.23555555555555
9716	686.1209964412812	131.23555555555555
9738	703.0249110320285	42.346666666666664
9766	692.3487544483986	132.12444444444444
9799	695.017793594306	169.45777777777778
9833	688.7900355871886	66.34666666666666
9858	611.3879003558719	157.01333333333332
9885	665.6583629893239	193.45777777777778
9938	680.7829181494662	102.79111111111112
9963	791.1032028469751	127.67999999999999
9988	785.7651245551602	94.79111111111112
10013	788.4341637010676	134.7911111111111
10036	882.7402135231317	107.23555555555555
10061	810.6761565836299	141.9022222222222
10086	734.1637010676158	45.90222222222222
10116	920.1067615658363	104.56888888888889
10142	895.1957295373666	118.79111111111109
10168	848.0427046263346	109.9022222222222
10193	824.0213523131673	91.23555555555556
10216	816.0142348754449	68.12444444444445
10245	929.0035587188612	91.23555555555556
10269	878.2918149466192	51.23555555555556
10294	818.6832740213523	44.12444444444444
10320	857.829181494662	104.56888888888889
10350	1016.1921708185054	120.56888888888888
10383	904.0925266903915	27.235555555555557
10411	855.1601423487544	99.23555555555555
10436	855.1601423487544	99.23555555555555
10459	867.6156583629894	213.9022222222222
10485	924.5551601423489	79.67999999999999
10509	916.5480427046264	98.34666666666666
10531	919.2170818505339	96.56888888888889
10559	894.3060498220641	110.7911111111111
10582	958.3629893238434	127.67999999999999
10606	759.0747330960854	51.23555555555556
10633	881.8505338078292	110.7911111111111
10660	899.6441281138791	-1.2088888888888882
10687	1095.3736654804272	3.235555555555556
10711	1040.2135231316727	-36.76444444444444
10738	1058.0071174377224	-6.542222222222222
10763	970.8185053380784	56.56888888888889
10788	974.3772241992883	61.90222222222223
10817	1060.67615658363	37.01333333333333
10850	999.2882562277581	13.013333333333335
10884	899.6441281138791	45.013333333333335
10917	934.3416370106762	19.235555555555557
10951	342.70462633451956	202.34666666666666
10984	184.34163701067615	237.90222222222218
11017	187.01067615658363	143.67999999999998
11051	39.323843416370096	89.45777777777778
11084	2.8469750889679615	-13.653333333333334
11117	73.13167259786475	64.56888888888889
11151	5.516014234875435	78.7911111111111
11184	-6.939501779359441	56.56888888888889
11210	-163.52313167259788	85.90222222222222
11235	-30.07117437722421	25.45777777777778
11262	-62.09964412811389	205.9022222222222
11287	42.882562277580064	67.23555555555556
11311	-50.533807829181505	29.902222222222225
11335	-154.62633451957296	94.79111111111112
11358	27.758007117437714	124.12444444444444
11381	88.25622775800711	-10.986666666666666
11405	129.1814946619217	115.23555555555554
11434	33.09608540925266	58.34666666666667
11468	-39.857651245551615	1.4577777777777783
11501	39.323843416370096	100.12444444444444
11534	135.40925266903915	124.12444444444444
11568	106.04982206405693	168.5688888888889
11601	-99.46619217081852	121.45777777777778
11634	-121.7081850533808	39.68
11668	-121.7081850533808	154.34666666666666
11701	-110.1423487544484	204.1244444444444
11735	-15.836298932384352	71.67999999999999
11759	292.88256227758006	103.67999999999999
11786	365.83629893238435	53.013333333333335
11808	359.6085409252669	140.12444444444444
11831	292.88256227758006	120.56888888888888
11855	275.97864768683274	65.45777777777778
11880	227.93594306049823	112.56888888888889
11906	335.5871886120996	84.12444444444445
11928	404.0925266903915	173.9022222222222
11953	404.0925266903915	173.9022222222222
11978	155.87188612099644	99.23555555555555
12004	285.7651245551601	54.791111111111114
12026	254.62633451957294	63.68000000000001
12051	356.04982206405697	92.12444444444444
12076	276.86832740213526	45.013333333333335
12100	373.84341637010675	132.12444444444444
12124	375.62277580071174	89.45777777777778
12150	517.0818505338078	128.56888888888886
12173	365.83629893238435	-17.208888888888886
12202	357.8291814946619	95.67999999999999
12235	483.27402135231324	137.45777777777778
12268	453.02491103202846	83.23555555555555
12307	379.1814946619217	161.45777777777778
12335	473.4875444839858	-61.653333333333336
12357	528.6476868327402	23.68
12385	445.9074733096085	129.45777777777775
12409	493.9501779359431	125.01333333333334
12432	542.8825622775802	53.90222222222222
12456	581.1387900355872	53.013333333333335
12485	567.7935943060498	58.34666666666667
12519	592.7046263345196	44.12444444444444
12552	711.0320284697509	-7.431111111111111
12585	584.6975088967972	95.67999999999999
12609	595.3736654804271	152.5688888888889
12631	719.0391459074733	69.01333333333334
12656	658.540925266904	89.45777777777778
12685	644.3060498220641	115.23555555555554
12712	660.3202846975089	5.902222222222223
12735	659.4306049822064	65.45777777777778
12769	570.4626334519573	40.568888888888885
12802	692.3487544483986	139.23555555555552
12836	711.0320284697509	179.23555555555555
12861	914.7686832740214	125.9022222222222
12887	816.0142348754449	160.56888888888886
12919	855.1601423487544	152.5688888888889
12953	829.3594306049823	76.12444444444445
12986	730.6049822064057	141.01333333333332
13019	772.4199288256228	56.56888888888889
13042	794.6619217081851	161.45777777777778
13067	890.7473309608541	161.45777777777778
13103	791.1032028469751	133.01333333333332
13136	815.1245551601423	117.01333333333332
13169	809.7864768683274	157.01333333333332
13203	854.270462633452	79.67999999999999
13236	923.6654804270463	95.67999999999999
13260	863.1672597864768	118.79111111111109
13288	832.9181494661923	163.23555555555552
13312	854.270462633452	181.01333333333332
13337	943.2384341637011	117.01333333333332
13361	920.9964412811388	141.9022222222222
13383	964.5907473309609	149.9022222222222
13409	920.9964412811388	122.34666666666665
13436	992.1708185053382	52.12444444444444
13461	984.1637010676158	99.23555555555555
13485	946.797153024911	47.68
13510	963.7010676156584	130.34666666666666
13536	897.8647686832741	135.67999999999998
13559	1000.1779359430604	109.9022222222222
13582	972.5978647686833	134.7911111111111
13605	938.7900355871886	166.7911111111111
13637	1080.2491103202847	210.34666666666664
13670	1073.1316725978647	61.90222222222223
13703	1211.032028469751	88.56888888888889
13725	1189.679715302491	32.56888888888889
13750	1084.6975088967972	159.67999999999998
13774	735.0533807829181	85.90222222222222
13798	224.37722419928824	168.5688888888889
13824	283.0960854092527	133.9022222222222
13847	121.17437722419929	161.45777777777778
13871	69.5729537366548	129.45777777777775
13904	107.82918149466191	109.01333333333334
13937	45.55160142348753	194.34666666666664
13970	-81.67259786476869	255.68
14004	-24.73309608540926	132.12444444444444
14037	-158.18505338078293	227.23555555555555
14070	-142.17081850533808	207.68
14104	-116.37010676156585	183.68
14137	-31.850533807829194	201.45777777777778
14171	-59.43060498220642	222.79111111111112
14204	19.750889679715293	144.5688888888889
14228	-6.04982206405695	137.45777777777778
14253	190.56939501779357	156.1244444444444
14276	279.53736654804266	164.12444444444444
14300	96.26334519572953	211.23555555555552
14326	66.90391459074732	104.56888888888889
14354	47.33096085409252	91.23555555555556
14379	63.34519572953735	173.9022222222222
14406	140.7473309608541	175.67999999999998
14432	140.7473309608541	175.67999999999998
14455	5.516014234875435	155.23555555555555
14487	19.750889679715293	255.68
14521	284.87544483985766	99.23555555555555
14554	-20.28469750889681	146.34666666666664
14588	74.02135231316726	142.7911111111111
14621	187.90035587188612	171.23555555555555
14654	252.84697508896798	116.12444444444444
14679	275.97864768683274	91.23555555555556
14705	185.23131672597864	167.67999999999998
14728	258.1850533807829	139.23555555555552
14751	187.90035587188612	136.56888888888886
14774	130.07117437722417	186.34666666666666
14800	147.864768683274	204.1244444444444
14825	206.58362989323842	141.9022222222222
14848	283.98576512455514	140.12444444444444
14872	306.2277580071174	121.45777777777778
14897	306.2277580071174	121.45777777777778
14922	308.0071174377224	169.45777777777778
14946	282.20640569395016	157.01333333333332
14969	329.3594306049822	156.1244444444444
14995	319.57295373665477	130.34666666666666
15017	332.9181494661921	111.68
15040	352.491103202847	197.9022222222222
15063	396.085409252669	133.9022222222222
15090	397.864768683274	93.90222222222222
15112	317.7935943060498	85.01333333333334
15136	380.9608540925267	119.67999999999999
15162	380.9608540925267	119.67999999999999
15186	635.4092526690391	210.34666666666664
15213	618.5053380782919	158.7911111111111
15236	500.1779359430606	139.23555555555552
15260	507.2953736654805	130.34666666666666
15282	456.5836298932385	257.4577777777778
15308	466.37010676156586	157.01333333333332
15354	461.03202846975097	199.67999999999998
15379	530.4270462633452	93.90222222222222
15405	520.6405693950178	190.7911111111111
15427	569.5729537366549	149.9022222222222
15450	659.4306049822064	193.45777777777778
15488	624.7330960854093	165.9022222222222
15522	598.9323843416371	158.7911111111111
15555	592.7046263345196	154.34666666666666
15588	583.8078291814946	159.67999999999998
15617	625.6227758007118	165.9022222222222
15643	638.0782918149467	205.9022222222222
15668	640.7473309608541	182.7911111111111
15692	640.7473309608541	182.7911111111111
15717	598.0427046263346	218.34666666666664
15739	840.0355871886121	176.5688888888889
15764	737.7224199288257	135.67999999999998
15787	682.5622775800713	129.45777777777775
15812	714.5907473309609	210.34666666666664
15838	889.8576512455516	197.9022222222222
15864	889.8576512455516	197.9022222222222
15888	730.6049822064057	107.23555555555555
15912	775.0889679715302	197.9022222222222
15939	775.0889679715302	197.9022222222222
15963	867.6156583629894	150.7911111111111
15992	940.5693950177937	197.9022222222222
16014	804.4483985765125	183.68
16040	977.9359430604983	130.34666666666666
16065	977.9359430604983	130.34666666666666
16090	968.1494661921708	129.45777777777775
16122	914.7686832740214	133.9022222222222
16147	980.6049822064057	81.45777777777778
16173	965.4804270462633	218.34666666666664
16199	1046.44128113879	88.56888888888889
16224	1010.8540925266905	74.34666666666668
16256	965.4804270462633	77.90222222222224
16282	1137.1886120996442	105.45777777777778
16307	999.2882562277581	157.9022222222222
16330	1074.91103202847	132.12444444444444
16360	872.9537366548044	69.90222222222222
16386	997.508896797153	121.45777777777778
16408	624.7330960854093	193.45777777777778
16433	664.7686832740214	218.34666666666664
16458	173.66548042704625	293.9022222222222
16483	147.864768683274	305.4577777777778
16509	33.09608540925266	313.4577777777777
16535	70.46263345195729	181.01333333333332
16558	83.80782918149465	167.67999999999998
16583	113.16725978647686	239.67999999999998
16608	221.7081850533808	184.56888888888886
16632	-26.512455516014246	211.23555555555552
16657	127.40213523131672	185.45777777777778
16682	-89.6797153024911	160.56888888888886
16704	70.46263345195729	130.34666666666666
16728	-11.387900355871896	165.01333333333332
16753	54.448398576512446	202.34666666666666
16780	48.22064056939501	83.23555555555555
16805	158.5409252669039	122.34666666666665
16830	108.7188612099644	162.34666666666666
16854	20.640569395017785	226.34666666666666
16879	60.67615658362988	138.34666666666666
16902	-5.160142348754459	181.01333333333332
16927	-5.160142348754459	181.01333333333332
16949	-58.540925266903926	190.7911111111111
16975	-15.836298932384352	224.56888888888886
17007	-88.79003558718863	165.9022222222222
17030	-6.04982206405695	153.45777777777775
17055	-46.085409252669045	221.90222222222224
17080	-1.6014234875444942	188.12444444444444
17103	-25.622775800711754	196.12444444444444
17127	120.28469750889678	188.12444444444444
17154	155.87188612099644	236.12444444444444
17180	9.0747330960854	250.34666666666666
17205	136.2989323843416	205.01333333333332
17230	136.2989323843416	205.01333333333332
17253	139.85765124555158	253.01333333333332
17279	48.22064056939501	206.7911111111111
17303	-62.09964412811389	251.23555555555552
17328	-44.30604982206407	254.7911111111111
17357	200.35587188612098	227.23555555555555
17390	287.5444839857651	166.7911111111111
17415	211.03202846975088	286.7911111111111
17440	162.09964412811388	190.7911111111111
17463	178.1138790035587	181.01333333333332
17489	221.7081850533808	329.4577777777778
17513	192.34875444839858	273.4577777777778
17540	368.5053380782918	214.79111111111112
17574	396.085409252669	178.34666666666666
17607	390.7473309608541	167.67999999999998
17641	347.153024911032	152.5688888888889
17674	285.7651245551601	293.0133333333333
17707	224.37722419928824	246.7911111111111
17732	361.38790035587186	189.01333333333332
17757	372.06405693950177	173.01333333333332
17783	403.20284697508896	241.45777777777778
17808	420.9964412811388	243.23555555555555
17835	353.38078291814946	227.23555555555555
17858	438.7900355871886	222.79111111111112
17885	340.0355871886121	196.12444444444444
17910	562.455516014235	253.01333333333332
17935	550.0	217.45777777777775
17957	585.5871886120997	197.9022222222222
17983	463.70106761565836	218.34666666666664
18007	586.4768683274021	229.01333333333332
18041	586.4768683274021	229.01333333333332
18074	691.4590747330961	189.01333333333332
18108	605.1601423487544	218.34666666666664
18141	646.9750889679716	231.67999999999998
18174	570.4626334519573	193.45777777777778
18208	549.1103202846975	266.34666666666664
18241	589.1459074733096	322.34666666666664
18275	625.6227758007118	274.34666666666664
18308	750.1779359430606	218.34666666666664
18331	750.1779359430606	218.34666666666664
18356	657.6512455516015	230.7911111111111
18408	842.7046263345196	203.23555555555552
18458	729.7153024911033	280.56888888888886
18498	753.7366548042705	298.3466666666667
18529	842.7046263345196	287.68
18564	751.067615658363	297.4577777777778
18593	670.1067615658363	234.34666666666666
18633	714.5907473309609	206.7911111111111
18664	793.7722419928826	293.9022222222222
18702	842.7046263345196	256.56888888888886
18733	880.9608540925268	259.23555555555555
18771	995.7295373665481	218.34666666666664
18804	943.2384341637011	222.79111111111112
18837	891.6370106761566	238.7911111111111
18870	869.3950177935943	275.23555555555555
18903	966.3701067615659	232.56888888888886
18937	953.0249110320285	176.5688888888889
18965	953.0249110320285	261.90222222222224
18997	933.4519572953736	237.90222222222218
19042	1050.0	221.01333333333332
19092	1130.9608540925267	164.12444444444444
19142	980.6049822064057	165.9022222222222
19177	999.2882562277581	240.56888888888886
19211	947.6868327402136	249.45777777777778
19259	840.9252669039147	271.67999999999995
19309	958.3629893238434	229.90222222222224
19347	977.9359430604983	251.23555555555552
19375	919.2170818505339	200.5688888888889
19399	855.1601423487544	237.90222222222218
19422	417.43772241992883	313.4577777777777
19445	259.9644128113879	541.9022222222222
19470	227.93594306049823	508.12444444444446
19494	290.2135231316726	393.4577777777778
19519	290.2135231316726	393.4577777777778
19544	39.323843416370096	495.68
19567	37.54448398576511	381.90222222222224
19591	68.6832740213523	320.56888888888886
19626	47.33096085409252	210.34666666666664
19659	-22.06405693950179	257.4577777777778
19693	-46.085409252669045	246.7911111111111
19726	-80.7829181494662	295.68
19760	-103.91459074733098	186.34666666666666
19793	-70.9964412811388	227.23555555555555
19826	-95.01779359430607	221.01333333333332
19852	33.09608540925266	206.7911111111111
19876	21.530249110320273	237.01333333333335
19910	-1.6014234875444942	239.67999999999998
19943	79.3594306049822	206.7911111111111
19976	68.6832740213523	306.34666666666664
20010	80.24911032028469	246.7911111111111
20043	63.34519572953735	269.90222222222224
20076	103.38078291814945	336.56888888888886
20103	107.82918149466191	300.1244444444444
20127	116.72597864768683	333.0133333333333
20151	138.0782918149466	290.3466666666667
20177	155.87188612099644	313.4577777777777
20200	218.14946619217082	239.67999999999998
20224	258.1850533807829	245.0133333333333
20247	178.1138790035587	369.4577777777778
20269	165.65836298932382	285.0133333333333
20295	203.91459074733095	316.1244444444444
20320	238.6120996441281	284.12444444444446
20344	259.9644128113879	264.5688888888889
20368	284.87544483985766	287.68
20393	335.5871886120996	337.4577777777778
20427	291.1032028469751	334.7911111111111
20460	378.29181494661924	282.34666666666664
20494	390.7473309608541	305.4577777777778
20527	341.8149466192171	311.68
20560	369.3950177935943	319.68
20594	286.65480427046265	285.0133333333333
20627	423.66548042704625	373.90222222222224
20650	327.5800711743772	389.0133333333333
20672	404.98220640569394	232.56888888888886
20699	420.1067615658363	293.0133333333333
20722	464.5907473309609	268.1244444444444
20747	289.3238434163701	256.56888888888886
20769	291.99288256227754	293.9022222222222
20796	195.90747330960852	247.67999999999998
20842	304.44839857651243	348.1244444444444
20867	324.02135231316726	349.0133333333333
20893	364.94661921708183	285.9022222222222
20918	212.81138790035587	235.23555555555555
20944	149.644128113879	259.23555555555555
20971	187.01067615658363	285.9022222222222
20995	309.7864768683274	314.34666666666664
21020	146.08540925266902	323.23555555555555
21046	199.4661921708185	309.90222222222224
21077	180.78291814946618	318.7911111111111
21111	415.65836298932385	253.9022222222222
21137	262.6334519572954	300.1244444444444
21162	333.80782918149464	322.34666666666664
21195	424.5551601423487	228.12444444444444
21228	336.47686832740214	275.23555555555555
21261	309.7864768683274	305.4577777777778
21294	283.0960854092527	234.34666666666666
21328	346.2633451957295	268.1244444444444
21361	304.44839857651243	221.90222222222224
21395	366.7259786476868	249.45777777777778
21428	402.31316725978644	309.90222222222224
21461	429.0035587188612	221.01333333333332
21500	418.3274021352313	323.23555555555555
21525	483.27402135231324	265.4577777777777
21547	483.27402135231324	265.4577777777777
21571	487.7224199288257	310.7911111111111
21594	597.153024911032	273.4577777777778
21619	453.02491103202846	331.23555555555555
21644	430.7829181494662	381.90222222222224
21670	431.6725978647687	289.4577777777778
21694	485.9430604982207	237.90222222222218
21715	516.1921708185054	267.23555555555555
21742	611.3879003558719	245.0133333333333
21767	610.4982206405695	336.56888888888886
21791	610.4982206405695	336.56888888888886
21813	410.32028469750884	317.0133333333333
21845	402.31316725978644	252.1244444444444
21872	536.6548042704626	264.5688888888889
21895	453.02491103202846	334.7911111111111
21928	457.473309608541	306.34666666666664
21962	541.1032028469751	325.90222222222224
21995	622.9537366548044	232.56888888888886
22029	662.9893238434164	353.4577777777778
22078	632.7402135231317	261.90222222222224
22112	741.2811387900357	259.23555555555555
22138	752.8469750889681	233.45777777777778
22161	697.6868327402136	245.0133333333333
22182	729.7153024911033	339.23555555555555
22208	641.6370106761566	304.56888888888886
22234	813.3451957295374	267.23555555555555
22262	828.4697508896797	290.3466666666667
22295	776.8683274021353	249.45777777777778
22319	776.8683274021353	249.45777777777778
22343	840.0355871886121	211.23555555555552
22368	793.7722419928826	258.34666666666664
22390	742.1708185053382	269.90222222222224
22413	791.1032028469751	253.9022222222222
22437	759.9644128113879	282.34666666666664
22461	808.0071174377225	285.9022222222222
22486	803.55871886121	253.9022222222222
22512	804.4483985765125	247.67999999999998
22546	825.8007117437722	277.90222222222224
22579	792.8825622775802	260.1244444444444
22612	911.2099644128115	253.9022222222222
22646	878.2918149466192	246.7911111111111
22679	874.7330960854093	221.90222222222224
22712	848.0427046263346	283.23555555555555
22746	898.7544483985765	287.68
22779	934.3416370106762	362.34666666666664
22812	906.7615658362989	472.56888888888886
22846	1022.4199288256228	355.23555555555555
22871	977.9359430604983	365.90222222222224
22896	1025.0889679715303	356.1244444444444
22929	961.0320284697509	293.9022222222222
22954	1003.7366548042705	288.56888888888886
22980	1021.5302491103204	294.7911111111111
23006	911.2099644128115	286.7911111111111
23028	1002.846975088968	330.34666666666664
23054	944.1281138790036	324.12444444444446
23075	602.4911032028471	397.9022222222222
23099	383.62989323843414	450.34666666666664
23123	383.62989323843414	450.34666666666664
23147	174.55516014234874	454.79111111111104
23172	188.7900355871886	382.7911111111111
23199	188.7900355871886	382.7911111111111
23225	-31.850533807829194	386.34666666666664
23251	9.96441281138789	300.1244444444444
23280	-5.160142348754459	389.9022222222222
23313	79.3594306049822	301.9022222222222
23346	130.07117437722417	279.67999999999995
23380	1.0676156583629792	300.1244444444444
23413	-62.09964412811389	392.56888888888886
23447	172.77580071174376	242.34666666666666
23480	30.427046263345186	314.34666666666664
23513	76.69039145907472	353.4577777777778
23547	121.17437722419929	287.68
23572	116.72597864768683	317.90222222222224
23598	106.93950177935942	333.9022222222222
23630	225.26690391459073	414.7911111111111
23655	245.72953736654804	269.90222222222224
23680	149.644128113879	338.34666666666664
23703	186.12099644128114	365.90222222222224
23728	186.12099644128114	365.90222222222224
23752	197.6868327402135	325.90222222222224
23775	251.067615658363	322.34666666666664
23799	246.61921708185054	301.9022222222222
23824	261.7437722419929	282.34666666666664
23848	445.01779359430606	340.12444444444446
23871	362.2775800711744	325.0133333333333
23897	382.7402135231317	266.34666666666664
23924	387.1886120996441	373.90222222222224
23949	331.13879003558714	356.1244444444444
23973	282.20640569395016	357.90222222222224
23999	396.085409252669	413.0133333333333
24023	312.4555160142349	347.23555555555555
24047	425.44483985765123	306.34666666666664
24080	570.4626334519573	294.7911111111111
24114	478.82562277580075	309.90222222222224
24147	417.43772241992883	406.7911111111111
24181	569.5729537366549	362.34666666666664
24214	453.9145907473309	374.7911111111111
24248	454.80427046263344	360.5688888888889
24281	470.81850533807835	380.12444444444446
24314	630.9608540925268	342.7911111111111
24348	529.5373665480428	383.67999999999995
24381	525.0889679715302	321.4577777777778
24414	731.4946619217083	333.0133333333333
24448	553.55871886121	335.67999999999995
24481	582.0284697508897	363.23555555555555
24514	376.5124555160142	333.0133333333333
24548	494.8398576512456	381.90222222222224
24574	399.644128113879	354.3466666666667
24598	399.644128113879	354.3466666666667
24623	268.8612099644128	413.9022222222222
24650	325.80071174377224	397.0133333333333
24676	176.33451957295372	342.7911111111111
24715	3.7366548042704526	455.68
24748	193.23843416370107	394.3466666666667
24781	100.71174377224199	366.7911111111111
24815	49.1103202846975	353.4577777777778
24848	112.27758007117437	352.56888888888886
24881	-75.44483985765126	298.3466666666667
24915	-117.25978647686834	381.0133333333333
24948	-39.857651245551615	321.4577777777778
24987	31.316725978647675	305.4577777777778
25015	23.309608540925257	309.90222222222224
25048	64.23487544483984	320.56888888888886
25082	-19.395017793594317	306.34666666666664
25107	-95.01779359430607	385.4577777777778
25134	-22.953736654804278	331.23555555555555
25165	-52.31316725978648	328.56888888888886
25198	86.47686832740213	358.7911111111111
25232	148.7544483985765	364.1244444444444
25265	129.1814946619217	370.34666666666664
25298	112.27758007117437	331.23555555555555
25332	163.87900355871884	332.12444444444446
25365	42.882562277580064	337.4577777777778
25398	36.65480427046263	440.5688888888889
25432	45.55160142348753	462.79111111111104
25465	187.01067615658363	446.79111111111115
25501	373.84341637010675	371.23555555555555
25532	239.5017793594306	345.4577777777778
25582	259.9644128113879	388.12444444444446
25618	340.0355871886121	389.0133333333333
25649	309.7864768683274	341.9022222222222
25699	364.05693950177937	358.7911111111111
25749	439.6797153024911	365.90222222222224
25799	410.32028469750884	402.3466666666667
25836	385.4092526690391	301.9022222222222
25868	386.29893238434164	376.56888888888886
25916	388.9679715302491	341.0133333333333
25949	373.84341637010675	391.68
25982	260.8540925266904	378.34666666666664
26016	458.36298932384346	341.0133333333333
26049	458.36298932384346	341.0133333333333
26083	525.9786476868328	442.34666666666664
26116	529.5373665480428	401.4577777777777
26149	456.5836298932385	396.1244444444444
26183	543.7722419928826	450.34666666666664
26216	506.405693950178	347.23555555555555
26258	540.2135231316726	403.23555555555555
26285	693.2384341637011	427.23555555555555
26309	621.1743772241994	381.0133333333333
26335	704.8042704626336	408.56888888888886
26362	638.0782918149467	409.4577777777777
26388	713.7010676156584	304.56888888888886
26415	713.7010676156584	304.56888888888886
26442	704.8042704626336	365.90222222222224
26469	591.814946619217	379.23555555555555
26492	708.3629893238434	357.0133333333333
26519	704.8042704626336	389.0133333333333
26550	803.55871886121	461.90222222222224
26583	735.9430604982207	364.1244444444444
26616	643.4163701067615	350.7911111111111
26650	713.7010676156584	376.56888888888886
26683	742.1708185053382	390.7911111111111
26716	718.1494661921708	376.56888888888886
26750	757.2953736654805	414.7911111111111
26783	775.9786476868328	384.56888888888886
26817	869.3950177935943	369.4577777777778
26850	759.0747330960854	445.0133333333333
26884	748.3985765124555	389.0133333333333
26917	883.6298932384342	294.7911111111111
26941	874.7330960854093	337.4577777777778
26969	907.6512455516015	333.9022222222222
27000	872.0640569395018	413.9022222222222
27034	959.252669039146	300.1244444444444
27067	785.7651245551602	367.68
27100	875.6227758007118	307.23555555555555
27134	822.2419928825623	388.12444444444446
27167	911.2099644128115	369.4577777777778
27200	945.017793594306	283.23555555555555
27234	945.9074733096086	244.1244444444444
27267	854.270462633452	398.7911111111111
27300	927.2241992882563	389.9022222222222
27334	654.0925266903915	376.56888888888886
27367	146.97508896797152	414.7911111111111
27401	-0.711743772242003	386.34666666666664
27434	-28.291814946619226	391.68
27467	17.08185053380782	438.79111111111115
27501	-30.960854092526702	337.4577777777778
27534	-54.982206405693965	326.79111111111115
27567	-19.395017793594317	407.67999999999995
27601	-62.98932384341638	387.23555555555555
27627	34.87544483985764	415.67999999999995
27668	82.02846975088967	333.0133333333333
27701	22.419928825622765	382.7911111111111
27734	15.302491103202836	349.9022222222222
27768	25.97864768683273	354.3466666666667
27801	248.3985765124555	357.0133333333333
27834	332.02846975088966	373.0133333333333
27868	104.27046263345196	413.9022222222222
27901	216.3701067615658	354.3466666666667
27935	192.34875444839858	366.7911111111111
27968	130.96085409252666	369.4577777777778
28001	183.45195729537366	407.67999999999995
28039	153.20284697508896	328.56888888888886
28068	32.20640569395017	343.68
28101	113.16725978647686	342.7911111111111
28135	132.74021352313167	333.9022222222222
28168	149.644128113879	324.12444444444446
28201	213.70106761565836	348.1244444444444
28235	393.4163701067616	420.1244444444444
28268	308.0071174377224	425.4577777777778
28302	388.9679715302491	420.1244444444444
28335	246.61921708185054	368.56888888888886
28368	258.1850533807829	441.4577777777778
28402	192.34875444839858	425.4577777777778
28424	289.3238434163701	365.0133333333333
28452	391.6370106761566	383.67999999999995
28485	310.6761565836299	310.7911111111111
28518	346.2633451957295	436.1244444444444
28552	337.3665480427046	369.4577777777778
28585	252.84697508896798	421.0133333333333
28612	445.9074733096085	444.1244444444444
28640	332.02846975088966	379.23555555555555
28668	337.3665480427046	436.1244444444444
28695	495.7295373665481	328.56888888888886
28721	468.14946619217085	409.4577777777777
28744	400.53380782918146	392.56888888888886
28768	507.2953736654805	433.4577777777778
28791	551.779359430605	425.4577777777778
28813	372.95373665480423	433.4577777777778
28838	478.82562277580075	325.90222222222224
28864	511.743772241993	411.23555555555555
28889	449.4661921708185	444.1244444444444
28919	564.2348754448399	397.0133333333333
28952	517.0818505338078	409.4577777777777
28985	521.5302491103203	412.12444444444446
29019	545.5516014234876	390.7911111111111
29052	563.3451957295374	372.1244444444444
29085	652.3131672597865	322.34666666666664
29119	556.2277580071175	463.68
29152	727.0462633451957	369.4577777777778
29186	703.0249110320285	392.56888888888886
29212	757.2953736654805	421.0133333333333
29238	724.3772241992883	382.7911111111111
29260	700.355871886121	392.56888888888886
29286	766.1921708185054	381.90222222222224
29309	723.4875444839857	373.90222222222224
29332	766.1921708185054	381.90222222222224
29354	743.0604982206406	415.67999999999995
29377	760.8540925266905	413.0133333333333
29403	742.1708185053382	399.68
29426	664.7686832740214	406.7911111111111
29451	775.0889679715302	379.23555555555555
29475	744.8398576512456	417.4577777777778
29503	778.6476868327402	491.2355555555555
29536	769.7508896797154	438.79111111111115
29570	657.6512455516015	469.01333333333326
29603	764.4128113879004	436.1244444444444
29636	732.3843416370107	386.34666666666664
29670	740.3914590747331	391.68
29703	656.7615658362989	439.68
29736	711.0320284697509	418.3466666666667
29770	760.8540925266905	365.90222222222224
29803	759.0747330960854	394.3466666666667
29836	755.5160142348755	357.0133333333333
29870	860.4982206405695	430.79111111111115
29903	968.1494661921708	345.4577777777778
29937	961.9217081850534	305.4577777777778
29970	867.6156583629894	370.34666666666664
30003	953.914590747331	301.9022222222222
30028	884.5195729537368	320.56888888888886
30051	914.7686832740214	302.7911111111111
30076	961.9217081850534	319.68
30102	999.2882562277581	368.56888888888886
30128	937.9003558718862	355.23555555555555
30154	1043.7722419928825	265.4577777777777
30187	994.8398576512456	365.90222222222224
30220	917.4377224199288	460.1244444444444
30254	888.9679715302492	440.5688888888889
30287	704.8042704626336	374.7911111111111
30320	273.30960854092524	544.5688888888889
30354	118.5053380782918	573.0133333333333
30387	-34.51957295373666	533.0133333333333
30420	24.199288256227746	474.34666666666664
30454	1.0676156583629792	466.34666666666664
30487	-82.56227758007118	526.7911111111111
30520	-28.291814946619226	465.4577777777778
30554	-3.3807829181494764	502.7911111111111
30587	-58.540925266903926	517.0133333333333
30620	40.21352313167259	464.56888888888886
30654	119.39501779359429	436.1244444444444
30687	122.06405693950177	380.12444444444446
30712	114.94661921708183	385.4577777777778
30735	69.5729537366548	423.67999999999995
30758	82.02846975088967	421.9022222222222
30787	170.10676156583628	381.90222222222224
30821	117.61565836298932	389.0133333333333
30854	-1.6014234875444942	454.79111111111104
30887	109.6085409252669	413.0133333333333
30913	-22.953736654804278	415.67999999999995
30940	-123.48754448398577	462.79111111111104
30967	-55.87188612099645	395.23555555555555
30993	-17.615658362989333	436.1244444444444
31015	-105.69395017793595	420.1244444444444
31040	-0.711743772242003	482.34666666666664
31067	-30.960854092526702	376.56888888888886
31093	-29.181494661921718	476.12444444444446
31121	25.088967971530238	522.3466666666667
31154	116.72597864768683	384.56888888888886
31188	-7.829181494661932	429.0133333333333
31221	38.434163701067604	449.4577777777778
31254	17.971530249110312	402.3466666666667
31288	33.09608540925266	402.3466666666667
31321	100.71174377224199	380.12444444444446
31355	327.5800711743772	371.23555555555555
31388	182.56227758007114	362.34666666666664
31421	160.3202846975089	406.7911111111111
31455	219.0391459074733	469.90222222222224
31488	325.80071174377224	390.7911111111111
31521	277.7580071174377	323.23555555555555
31555	231.49466192170817	421.0133333333333
31588	354.270462633452	399.68
31622	283.0960854092527	349.9022222222222
31663	457.473309608541	354.3466666666667
31689	371.17437722419925	421.9022222222222
31722	376.5124555160142	393.4577777777778
31755	325.80071174377224	380.12444444444446
31778	346.2633451957295	480.56888888888886
31805	359.6085409252669	445.0133333333333
31838	330.2491103202847	376.56888888888886
31872	330.2491103202847	376.56888888888886
31905	493.0604982206406	482.34666666666664
31931	470.81850533807835	373.0133333333333
31956	512.6334519572954	372.1244444444444
31980	464.5907473309609	418.3466666666667
32011	378.29181494661924	379.23555555555555
32045	511.743772241993	374.7911111111111
32081	451.2455516014235	444.1244444444444
32115	533.0960854092527	447.68
32153	561.5658362989324	423.67999999999995
32205	558.0071174377225	401.4577777777777
32239	601.6014234875445	399.68
32276	548.220640569395	365.0133333333333
32305	548.220640569395	365.0133333333333
32356	726.1565836298934	471.68
32406	675.4448398576512	386.34666666666664
32442	755.5160142348755	461.0133333333334
32472	631.8505338078292	409.4577777777777
32506	709.252669039146	400.56888888888886
32539	630.0711743772242	387.23555555555555
32572	638.0782918149467	359.68
32606	661.2099644128115	413.9022222222222
32639	678.1138790035588	416.5688888888889
32673	606.9395017793595	494.7911111111111
32706	711.0320284697509	462.79111111111104
32739	741.2811387900357	389.0133333333333
32773	605.1601423487544	505.4577777777777
32806	692.3487544483986	379.23555555555555
32839	694.1281138790036	411.23555555555555
32873	776.8683274021353	438.79111111111115
32906	862.2775800711744	412.12444444444446
32939	862.2775800711744	412.12444444444446
32973	778.6476868327402	434.34666666666664
33006	760.8540925266905	354.3466666666667
33040	737.7224199288257	458.34666666666664
33073	850.711743772242	395.23555555555555
33097	772.4199288256228	432.5688888888889
33121	836.4768683274021	394.3466666666667
33148	740.3914590747331	455.68
33174	892.5266903914592	394.3466666666667
33198	733.2740213523132	433.4577777777778
33224	1005.5160142348756	363.23555555555555
33248	859.608540925267	345.4577777777778
33272	1045.5516014234877	376.56888888888886
33297	963.7010676156584	396.1244444444444
33320	898.7544483985765	424.5688888888889
33344	1047.3309608540926	398.7911111111111
33373	854.270462633452	364.1244444444444
33407	824.0213523131673	431.67999999999995
33440	543.7722419928826	413.0133333333333
33473	497.50889679715306	493.90222222222224
33507	449.4661921708185	422.7911111111111
33540	540.2135231316726	423.67999999999995
33574	533.9857651245552	461.0133333333334
33607	547.3309608540926	465.4577777777778
33640	526.8683274021353	391.68
33674	526.8683274021353	391.68
33707	474.3772241992883	533.9022222222222
33740	324.02135231316726	460.1244444444444
33774	236.83274021352312	420.1244444444444
33807	401.423487544484	403.23555555555555
33841	406.7615658362989	525.0133333333333
33874	179.8932384341637	378.34666666666664
33907	173.66548042704625	486.7911111111111
33941	100.71174377224199	457.4577777777778
33974	62.45551601423487	365.0133333333333
34007	-15.836298932384352	525.9022222222222
34041	52.66903914590746	543.68
34074	87.36654804270462	485.0133333333333
34097	38.434163701067604	470.7911111111111
34124	85.58718861209962	434.34666666666664
34148	-70.10676156583631	475.2355555555555
34174	-62.09964412811389	485.0133333333333
34208	77.58007117437721	445.9022222222222
34241	14.412811387900346	445.9022222222222
34274	-153.73665480427047	533.0133333333333
34308	-114.59074733096087	439.68
34341	24.199288256227746	411.23555555555555
34374	252.84697508896798	367.68
34408	279.53736654804266	467.2355555555556
34441	142.52669039145908	440.5688888888889
34474	248.3985765124555	371.23555555555555
34508	202.13523131672596	347.23555555555555
34541	273.30960854092524	426.3466666666667
34574	151.42348754448398	442.34666666666664
34608	166.54804270462634	472.56888888888886
34641	164.76868327402133	424.5688888888889
34675	123.84341637010675	367.68
34699	242.17081850533805	428.1244444444444
34724	278.6476868327402	476.12444444444446
34748	212.81138790035587	409.4577777777777
34773	334.69750889679716	488.56888888888886
34799	359.6085409252669	401.4577777777777
34823	306.2277580071174	458.34666666666664
34848	274.19928825622776	470.7911111111111
34871	218.14946619217082	526.7911111111111
34895	346.2633451957295	440.5688888888889
34919	489.5017793594306	421.9022222222222
34944	409.4306049822064	485.0133333333333
34972	470.81850533807835	423.67999999999995
34997	423.66548042704625	461.0133333333334
35025	374.7330960854092	430.79111111111115
35051	354.270462633452	433.4577777777778
35076	476.15658362989325	464.56888888888886
35108	378.29181494661924	504.56888888888886
35142	453.02491103202846	554.3466666666666
35175	297.3309608540925	461.0133333333334
35209	249.28825622775798	461.0133333333334
35242	282.20640569395016	451.23555555555555
35275	367.61565836298934	445.0133333333333
35309	276.86832740213526	425.4577777777778
35342	179.0035587188612	463.68
35375	184.34163701067615	333.9022222222222
35409	138.0782918149466	356.1244444444444
35442	180.78291814946618	303.68
35475	135.40925266903915	341.9022222222222
35509	153.20284697508896	385.4577777777778
35542	93.59430604982205	416.5688888888889
35576	-6.939501779359441	350.7911111111111
35609	-75.44483985765126	421.9022222222222
35642	86.47686832740213	220.12444444444444
35676	-3.3807829181494764	403.23555555555555
35709	72.24199288256226	397.9022222222222
35742	18.8612099644128	282.34666666666664
35776	23.309608540925257	346.3466666666667
35809	-59.43060498220642	355.23555555555555
35843	-13.16725978647688	324.12444444444446
35876	-27.402135231316738	445.0133333333333
35909	66.90391459074732	395.23555555555555
35943	59.78647686832739	416.5688888888889
35976	120.28469750889678	393.4577777777778
36009	214.59074733096085	341.0133333333333
36043	58.007117437722414	268.1244444444444
36076	227.04626334519574	371.23555555555555
36101	269.75088967971527	379.23555555555555
36127	250.17793594306048	397.9022222222222
36159	251.95729537366546	375.67999999999995
36193	273.30960854092524	396.1244444444444
36226	273.30960854092524	396.1244444444444
36260	290.2135231316726	361.4577777777777
36293	347.153024911032	375.67999999999995
36326	598.9323843416371	357.90222222222224
36360	557.1174377224199	299.2355555555555
36393	475.2669039145908	361.4577777777777
36417	456.5836298932385	395.23555555555555
36444	408.5409252669039	357.90222222222224
36470	460.14234875444845	323.23555555555555
36494	452.13523131672594	372.1244444444444
36518	545.5516014234876	415.67999999999995
36543	545.5516014234876	415.67999999999995
36565	353.38078291814946	381.0133333333333
36590	386.29893238434164	321.4577777777778
36617	565.1245551601423	349.0133333333333
36641	687.0106761565836	339.23555555555555
36665	666.5480427046264	354.3466666666667
36692	666.5480427046264	355.23555555555555
36716	681.6725978647687	351.68
36739	662.9893238434164	397.9022222222222
36765	645.1957295373666	365.90222222222224
36791	585.5871886120997	380.12444444444446
36813	634.5195729537368	372.1244444444444
36837	654.982206405694	391.68
36863	685.2313167259787	341.9022222222222
36887	680.7829181494662	347.23555555555555
36912	687.9003558718862	411.23555555555555
36937	694.1281138790036	346.3466666666667
36959	694.1281138790036	346.3466666666667
36984	723.4875444839857	369.4577777777778
37010	735.9430604982207	349.9022222222222
37036	653.202846975089	417.4577777777778
37062	717.2597864768684	408.56888888888886
37088	717.2597864768684	368.56888888888886
37113	665.6583629893239	399.68
37158	762.6334519572954	358.7911111111111
37184	734.1637010676158	350.7911111111111
37206	748.3985765124555	356.1244444444444
37231	714.5907473309609	421.9022222222222
37259	765.3024911032029	405.0133333333333
37281	765.3024911032029	405.0133333333333
37306	877.4021352313167	293.9022222222222
37328	846.2633451957296	331.23555555555555
37352	961.9217081850534	357.0133333333333
37377	924.5551601423489	335.67999999999995
37400	970.8185053380784	300.1244444444444
37425	970.8185053380784	300.1244444444444
37449	902.3131672597865	354.3466666666667
37478	884.5195729537368	321.4577777777778
37503	991.2811387900357	303.68
37527	859.608540925267	335.67999999999995
37550	756.405693950178	370.34666666666664
37574	211.03202846975088	419.23555555555555
37599	232.38434163701066	598.7911111111111
37628	65.12455516014235	664.5688888888889
37661	162.98932384341634	549.9022222222222
37694	-119.03914590747331	550.7911111111111
37728	73.13167259786475	482.34666666666664
37761	52.66903914590746	420.1244444444444
37795	-38.967971530249116	422.7911111111111
37828	-55.87188612099645	394.3466666666667
37861	88.25622775800711	407.67999999999995
37895	-20.28469750889681	368.56888888888886
37928	0.1779359430604881	416.5688888888889
37961	92.70462633451956	431.67999999999995
37995	151.42348754448398	303.68
38028	97.15302491103202	285.0133333333333
38061	205.69395017793593	381.0133333333333
38095	44.66192170818505	449.4577777777778
38128	135.40925266903915	385.4577777777778
38162	308.0071174377224	357.0133333333333
38195	203.02491103202846	380.12444444444446
38228	148.7544483985765	372.1244444444444
38262	255.5160142348754	405.0133333333333
38295	413.87900355871886	427.23555555555555
38328	354.270462633452	506.3466666666667
38362	384.5195729537366	404.12444444444446
38395	425.44483985765123	397.9022222222222
38428	407.65124555160145	446.79111111111115
38462	296.44128113879003	348.1244444444444
38495	275.0889679715303	349.9022222222222
38531	437.9003558718861	370.34666666666664
38562	358.71886120996436	445.9022222222222
38598	296.44128113879003	422.7911111111111
38629	358.71886120996436	352.56888888888886
38679	235.94306049822063	362.34666666666664
38729	297.3309608540925	410.3466666666667
38779	178.1138790035587	478.7911111111111
38816	362.2775800711744	464.56888888888886
38844	308.0071174377224	387.23555555555555
38870	219.0391459074733	382.7911111111111
38894	265.30249110320284	408.56888888888886
38917	244.83985765124555	389.9022222222222
38946	387.1886120996441	381.0133333333333
38979	273.30960854092524	441.4577777777778
39012	160.3202846975089	469.90222222222224
39046	169.2170818505338	436.1244444444444
39079	166.54804270462634	473.4577777777778
39112	322.2419928825623	379.23555555555555
39137	189.67971530249108	357.90222222222224
39159	370.2846975088968	344.56888888888886
39181	278.6476868327402	461.90222222222224
39207	230.60498220640568	385.4577777777778
39230	282.20640569395016	404.12444444444446
39263	222.59786476868325	405.0133333333333
39285	237.72241992882562	445.9022222222222
39312	56.22775800711743	409.4577777777777
39335	88.25622775800711	463.68
39362	58.007117437722414	447.68
39387	56.22775800711743	501.90222222222224
39414	132.74021352313167	458.34666666666664
39446	83.80782918149465	486.7911111111111
39480	82.91814946619216	477.01333333333326
39513	97.15302491103202	442.34666666666664
39546	205.69395017793593	463.68
39580	187.01067615658363	501.0133333333333
39613	386.29893238434164	362.34666666666664
39646	305.3380782918149	466.34666666666664
39680	298.220640569395	402.3466666666667
39713	268.8612099644128	399.68
39738	352.491103202847	430.79111111111115
39762	246.61921708185054	475.2355555555555
39787	363.16725978647685	440.5688888888889
39813	360.4982206405694	492.12444444444446
39847	611.3879003558719	492.12444444444446
39880	400.53380782918146	458.34666666666664
39914	376.5124555160142	500.12444444444446
39947	357.8291814946619	465.4577777777778
39980	355.16014234875445	415.67999999999995
40013	461.03202846975097	441.4577777777778
40047	581.1387900355872	493.90222222222224
40080	604.270462633452	346.3466666666667
40114	590.9252669039147	461.0133333333334
40147	582.9181494661923	368.56888888888886
40180	665.6583629893239	414.7911111111111
40214	552.6690391459075	421.0133333333333
40247	541.1032028469751	385.4577777777778
40272	535.7651245551602	413.9022222222222
40294	443.2384341637011	368.56888888888886
40321	401.423487544484	529.4577777777778
40345	327.5800711743772	431.67999999999995
40370	327.5800711743772	431.67999999999995
40395	420.9964412811388	411.23555555555555
40422	390.7473309608541	482.34666666666664
40447	444.12811387900354	507.23555555555555
40471	473.4875444839858	559.68
40497	473.4875444839858	559.68
40531	410.32028469750884	467.2355555555556
40564	325.80071174377224	432.5688888888889
40590	348.932384341637	520.5688888888889
40615	406.7615658362989	469.90222222222224
40640	390.7473309608541	505.4577777777777
40664	602.4911032028471	473.4577777777778
40689	430.7829181494662	386.34666666666664
40712	466.37010676156586	458.34666666666664
40735	466.37010676156586	458.34666666666664
40764	541.9928825622776	456.56888888888886
40797	540.2135231316726	536.5688888888889
40831	344.48398576512454	382.7911111111111
40864	364.94661921708183	439.68
40898	348.932384341637	442.34666666666664
40931	374.7330960854092	364.1244444444444
40964	318.6832740213523	446.79111111111115
40998	400.53380782918146	360.5688888888889
41023	270.6405693950178	443.23555555555555
41047	478.82562277580075	366.7911111111111
41072	383.62989323843414	374.7911111111111
41098	438.7900355871886	417.4577777777778
41124	431.6725978647687	362.34666666666664
41146	469.92882562277583	392.56888888888886
41173	347.153024911032	363.23555555555555
41198	347.153024911032	363.23555555555555
41231	322.2419928825623	360.5688888888889
41265	331.13879003558714	433.4577777777778
41298	455.69395017793596	535.68
41331	823.1316725978648	556.1244444444444
41365	914.7686832740214	897.4577777777778
41398	848.0427046263346	1092.1244444444446
41431	928.1138790035588	1029.0133333333333
41455	903.202846975089	933.0133333333334
41482	987.7224199288257	974.7911111111111
41509	977.9359430604983	976.5688888888891
41534	1088.2562277580073	895.68
41559	858.7188612099644	1196.1244444444444
41585	1079.3594306049822	917.0133333333334
41610	1066.9039145907473	911.6800000000002
41635	1006.405693950178	854.791111111111
41657	1227.0462633451957	698.3466666666667
41684	1061.5658362989325	741.9022222222222
41715	1091.8149466192172	701.9022222222222
41749	1005.5160142348756	820.1244444444445
41782	987.7224199288257	829.0133333333333
41815	1106.0498220640568	764.1244444444444
41849	1034.8754448398577	737.4577777777778
41882	1251.9572953736656	613.0133333333333
41915	1041.1032028469751	682.3466666666667
41949	1090.9252669039147	667.2355555555556
41982	1041.1032028469751	739.2355555555556
42015	1105.1601423487546	747.2355555555556
42049	956.5836298932385	801.4577777777778
42071	1251.0676156583631	710.7911111111111
42096	962.811387900356	823.6800000000001
42123	1154.9822064056941	727.68
42148	1119.3950177935942	808.5688888888889
42173	1101.6014234875445	724.1244444444444
42198	1022.4199288256228	872.568888888889
42224	1151.423487544484	763.2355555555556
42248	1058.0071174377224	722.3466666666667
42273	932.5622775800713	852.1244444444445
42297	1110.4982206405693	872.568888888889
42320	954.8042704626336	836.1244444444445
42346	714.5907473309609	947.2355555555556
42374	334.69750889679716	1233.457777777778
42397	342.70462633451956	1119.68
42442	264.4128113879004	1059.2355555555557
42473	305.3380782918149	997.0133333333334
42499	364.94661921708183	1077.9022222222222
42525	509.96441281138794	1110.7911111111114
42550	348.932384341637	974.7911111111111
42573	341.8149466192171	1026.3466666666668
42598	370.2846975088968	979.2355555555556
42623	227.93594306049823	1024.568888888889
42648	440.56939501779357	982.7911111111111
42672	369.3950177935943	983.6800000000001
42694	290.2135231316726	964.1244444444446
42720	212.81138790035587	988.1244444444444
42745	267.0818505338078	1022.7911111111111
42768	318.6832740213523	1041.457777777778
42794	220.8185053380783	1018.3466666666668
42817	394.30604982206404	984.5688888888891
42839	312.4555160142349	933.0133333333334
42864	356.04982206405697	921.4577777777779
42887	349.8220640569395	1000.5688888888891
42912	262.6334519572954	982.7911111111111
42933	388.9679715302491	1015.6800000000001
42966	427.2241992882562	904.5688888888888
43016	425.44483985765123	905.4577777777778
43041	346.2633451957295	927.6800000000002
43062	519.7508896797154	874.3466666666667
43086	471.7081850533808	983.6800000000001
43116	450.35587188612095	958.7911111111111
43142	437.9003558718861	1161.457777777778
43166	535.7651245551602	920.568888888889
43191	469.92882562277583	953.4577777777779
43216	555.338078291815	927.6800000000002
43241	422.7758007117437	894.7911111111111
43264	429.8932384341637	918.7911111111111
43300	363.16725978647685	899.2355555555555
43325	414.7686832740213	1006.7911111111111
43348	416.5480427046263	902.7911111111111
43374	338.2562277580071	987.2355555555556
43396	272.4199288256228	1008.5688888888889
43421	405.87188612099646	923.2355555555557
43444	464.5907473309609	998.7911111111111
43470	466.37010676156586	947.2355555555556
43496	464.5907473309609	907.2355555555555
43520	481.4946619217082	908.1244444444444
43544	479.7153024911032	946.3466666666667
43573	601.6014234875445	879.68
43596	284.87544483985766	960.568888888889
43620	402.31316725978644	941.0133333333334
43648	402.31316725978644	941.0133333333334
43673	461.9217081850534	976.5688888888891
43696	422.7758007117437	870.791111111111
43718	896.0854092526691	709.0133333333333
43742	1004.626334519573	628.1244444444444
43766	1190.5693950177936	382.7911111111111
43790	1226.1565836298932	249.45777777777778
43815	1201.2455516014236	373.90222222222224
43842	1399.6441281138789	297.4577777777778
43868	1243.0604982206405	362.34666666666664
43891	1108.7188612099646	439.68
43916	1228.8256227758009	397.9022222222222
43938	1211.9217081850536	364.1244444444444
43965	1299.1103202846975	367.68
43990	1278.6476868327404	369.4577777777778
44016	1309.7864768683273	354.3466666666667
44041	1315.1245551601426	399.68
44068	1219.9288256227758	497.4577777777777
44091	1142.526690391459	518.7911111111111
44116	1515.302491103203	394.3466666666667
44142	1332.0284697508898	397.0133333333333
44166	1288.4341637010677	372.1244444444444
44191	1293.7722419928825	336.56888888888886
44215	1293.7722419928825	336.56888888888886
44240	1265.302491103203	420.1244444444444
44268	1115.8362989323844	411.23555555555555
44294	1214.590747330961	506.3466666666667
44319	1214.590747330961	506.3466666666667
44340	1142.526690391459	493.0133333333333
44365	1154.9822064056941	506.3466666666667
44390	1273.3096085409252	629.9022222222222
44415	1204.8042704626334	615.68
44438	1106.9395017793595	770.3466666666667
44461	1283.0960854092527	561.4577777777778
44485	1187.9003558718862	527.68
44507	1314.2348754448399	501.90222222222224
44530	1194.1281138790036	477.90222222222224
44554	1300.8896797153025	403.23555555555555
44579	1117.6156583629893	554.3466666666666
44604	1240.3914590747331	494.7911111111111
44630	1197.6868327402135	525.9022222222222
44655	1241.2811387900356	529.4577777777778
44685	1189.679715302491	476.12444444444446
44710	1275.0889679715303	523.2355555555555
44735	1108.7188612099646	460.1244444444444
44768	1274.1992882562279	520.5688888888889
44802	1293.7722419928825	471.68
44825	1243.0604982206405	524.1244444444444
44851	1315.1245551601426	465.4577777777778
44902	1362.2775800711745	594.3466666666667
44935	1148.7544483985766	615.68
44968	1219.9288256227758	493.0133333333333
45005	1130.0711743772242	757.0133333333333
45034	1214.590747330961	623.68
45085	1165.658362989324	633.4577777777778
45119	1321.3523131672598	549.0133333333333
45152	1139.8576512455516	669.0133333333333
45202	1292.88256227758	515.2355555555555
45236	1251.9572953736656	595.2355555555555
45269	1243.0604982206405	775.6800000000001
45319	1275.9786476868328	573.9022222222222
45355	1216.370106761566	592.5688888888889
45382	1178.1138790035588	707.2355555555555
45408	1156.761565836299	652.1244444444444
45432	1320.4626334519573	580.1244444444444
45455	1296.44128113879	621.0133333333333
45486	1277.7580071174377	658.3466666666666
45511	1227.0462633451957	674.3466666666667
45534	1172.7758007117438	615.68
