time	x	y
1	802.5511945392492	823.598719316969
60	690.7764505119454	845.7972251867662
91	241.9709897610922	822.7449306296692
118	41.459044368600686	638.3265741728922
156	180.53754266211604	640.8879402347919
182	34.63310580204779	531.6029882604055
210	237.7047781569966	540.1408751334045
241	254.76962457337888	585.3916755602988
272	201.01535836177476	569.1696905016008
298	240.26450511945396	673.3319103521878
330	143.8481228668942	576.8537886872998
357	158.35324232081913	427.44076840981853
386	-101.88566552901024	351.45357524012803
415	263.30204778157	444.51654215581647
442	108.01194539249147	438.54002134471716
475	233.43856655290105	418.9028815368197
507	135.31569965870307	471.837780149413
536	174.56484641638227	460.73852721451436
563	176.27133105802048	400.9733191035219
594	67.90955631399318	377.0672358591248
624	-89.08703071672355	117.51547491995731
657	-91.6467576791809	122.63820704375665
694	-5.4692832764505095	22.744930629669156
725	52.551194539249146	197.77161152614727
759	95.21331058020478	170.45037353255069
792	155.7935153583618	152.52081109925294
823	84.12116040955632	-43.850586979722515
851	77.29522184300342	-11.406616862326574
884	59.37713310580205	-75.44076840981857
919	112.27815699658704	105.5624332977588
950	141.28839590443687	219.97011739594447
981	103.74573378839591	137.15261472785485
1013	230.87883959044373	88.48665955176094
1046	195.89590443686006	278.8815368196371
1083	321.32252559726965	492.32870864461046
1118	301.69795221843003	357.43009605122734
1154	351.1860068259386	408.65741728922086
1186	302.5511945392492	267.78228388473855
1218	314.49658703071674	298.51867662753466
1261	260.74232081911265	221.6776947705443
1296	253.91638225255974	254.1216648879402
1330	436.51023890784984	49.21237993596585
1364	291.4590443686007	29.5752401280683
1397	314.49658703071674	229.3617929562433
1435	257.32935153583617	85.07150480256136
1469	400.67406143344715	222.5314834578442
1507	405.7935153583618	81.65635005336179
1540	340.94709897610926	30.4290288153682
1571	340.94709897610926	30.4290288153682
1607	316.20307167235495	344.6232657417289
1642	818.7627986348123	372.7982924226254
1674	600.3327645051195	463.299893276414
1707	348.6262798634813	297.6648879402348
1745	261.59556313993176	173.01173959445035
1779	380.19624573378843	180.6958377801494
1815	325.58873720136523	106.41622198505868
1862	353.7457337883959	153.3745997865528
1900	307.6706484641639	142.2753468516542
1937	375.0767918088738	188.37993596584843
1972	362.27815699658703	220.82390608324437
2008	324.73549488054607	158.4973319103522
2082	264.1552901023891	237.89967982924227
2120	294.8720136518771	252.41408751334043
2158	112.27815699658704	196.91782283884737
2197	246.23720136518773	108.12379935965848
2235	248.79692832764508	134.59124866595516
2266	232.58532423208194	101.29348986125935
2297	395.55460750853246	79.948772678762
2326	218.080204778157	91.90181430096051
2358	268.42150170648466	168.7427961579509
2389	233.43856655290105	73.97225186766275
2422	326.44197952218434	132.8836712913554
2462	280.36689419795226	67.1419423692636
2494	326.44197952218434	111.53895410885804
2525	369.95733788395904	173.86552828175027
2561	334.12116040955635	119.22305229455708
2602	379.3430034129693	154.2283884738527
2637	230.0255972696246	111.53895410885804
2673	218.93344709897613	-1.1611526147278544
2702	353.7457337883959	81.65635005336179
2732	157.5	149.10565635005335
2759	145.5546075085324	173.01173959445035
2787	218.080204778157	104.7086446104589
2818	234.29180887372016	-2.0149413020277476
2846	215.52047781569965	125.19957310565634
2872	121.66382252559728	190.94130202774812
2899	255.622866894198	71.41088580576307
2927	181.39078498293514	237.89967982924227
2954	167.73890784982936	196.06403415154747
2988	164.3259385665529	132.02988260405547
3015	192.4829351535836	147.39807897545356
3044	172.00511945392492	261.8057630736393
3079	157.5	16.768409818569904
3108	150.67406143344712	235.33831376734256
3133	150.67406143344712	235.33831376734256
3163	146.40784982935153	166.18143009605123
3196	194.18941979522182	136.29882604055496
3226	142.99488054607508	108.97758804695839
3253	276.1006825938567	115.80789754535752
3284	239.41126279863485	201.18676627534686
3317	251.35665529010242	200.33297758804696
3344	181.39078498293514	91.90181430096051
3372	222.34641638225258	178.13447171824973
3401	172.00511945392492	272.05122732123795
3428	247.09044368600686	42.3820704375667
3459	106.30546075085324	32.990394877267875
3487	156.6467576791809	149.10565635005335
3513	230.0255972696246	122.63820704375665
3538	334.12116040955635	62.87299893276415
3570	312.7901023890785	142.2753468516542
3597	259.88907849829354	178.9882604055496
3623	196.74914675767917	197.77161152614727
3650	252.20989761092156	212.28601921024546
3678	239.41126279863485	190.08751334044823
3705	239.41126279863485	190.08751334044823
3730	255.622866894198	292.5421558164354
3759	203.57508532423208	111.53895410885804
3786	176.27133105802048	358.2838847385272
3813	239.41126279863485	411.2187833511205
3842	360.5716723549489	341.2081109925293
3871	291.4590443686007	324.13233724653145
3898	329.85494880546077	330.1088580576307
3926	246.23720136518773	320.7171824973319
3952	282.0733788395905	201.18676627534686
3982	237.7047781569966	213.99359658484522
4008	215.52047781569965	168.7427961579509
4034	251.35665529010242	191.79509071504802
4062	268.42150170648466	149.10565635005335
4090	143.8481228668942	108.12379935965848
4117	167.73890784982936	127.76093916755602
4143	182.24402730375428	155.0821771611526
4170	276.1006825938567	34.69797225186767
4199	249.6501706484642	127.76093916755602
4227	196.74914675767917	165.3276414087513
4264	234.29180887372016	257.5368196371398
4295	138.72866894197952	62.01921024546425
4325	67.05631399317406	216.5549626467449
4362	344.3600682593857	332.6702241195304
4402	267.56825938566556	-40.43543223052294
4437	287.1928327645051	167.0352187833511
4467	243.6774744027304	88.48665955176094
4498	249.6501706484642	167.889007470651
4535	280.36689419795226	193.5026680896478
4570	322.17576791808875	169.5965848452508
4603	201.01535836177476	189.23372465314833
4643	275.24744027303757	193.5026680896478
4679	374.22354948805463	163.62006403415154
4711	344.3600682593857	131.1760939167556
4744	308.52389078498294	168.7427961579509
4778	338.3873720136519	147.39807897545356
4817	249.6501706484642	94.46318036286019
4852	253.0631399317406	257.5368196371398
4897	399.820819112628	226.80042689434364
4934	157.5	156.7897545357524
4970	518.4215017064847	104.7086446104589
5002	361.4249146757679	150.81323372465314
5033	215.52047781569965	243.02241195304163
5071	424.56484641638224	236.19210245464245
5104	151.5273037542662	59.45784418356457
5135	202.72184300341297	70.55709711846319
5167	283.7798634812287	105.5624332977588
5199	438.2167235494881	104.7086446104589
5236	323.88225255972696	57.75026680896478
5270	374.22354948805463	165.3276414087513
5306	235.9982935153584	78.24119530416223
5340	408.35324232081916	12.49946638207044
5370	279.5136518771331	163.62006403415154
5402	410.0597269624574	120.93062966915686
5434	284.6331058020478	100.43970117395943
5465	238.55802047781572	112.39274279615795
5502	184.8037542662116	186.67235859124864
5534	167.73890784982936	111.53895410885804
5567	192.4829351535836	132.02988260405547
5601	269.27474402730377	182.40341515474918
5634	363.1313993174062	106.41622198505868
5669	270.12798634812293	233.6307363927428
5702	125.07679180887371	162.76627534685164
5737	211.2542662116041	219.97011739594447
5776	210.40102389078498	222.5314834578442
5808	157.5	199.47918890074706
5841	109.7184300341297	140.56776947705444
5873	193.33617747440275	173.86552828175027
5908	259.03583617747444	126.05336179295622
5940	217.2269624573379	90.19423692636073
5972	337.53412969283283	103.00106723585914
6007	263.30204778157	85.92529348986126
6038	400.67406143344715	135.44503735325506
6082	343.5068259385666	128.61472785485591
6120	454.4283276450512	245.5837780149413
6154	456.13481228668945	307.0565635005336
6190	457.84129692832767	190.94130202774812
6223	511.5955631399318	202.89434364994662
6254	442.48293515358364	239.60725720384204
6285	526.1006825938566	283.15048025613663
6318	461.25426621160415	181.5496264674493
6346	568.7627986348123	318.1558164354322
6375	441.62969283276453	262.6595517609391
6406	489.4112627986348	334.3778014941302
6436	520.1279863481228	278.0277481323372
6466	588.3873720136519	223.38527214514406
6498	502.2098976109215	330.1088580576307
6531	604.5989761092151	215.70117395944504
6563	584.9744027303755	142.2753468516542
6595	612.2781569965871	412.9263607257204
6625	420.29863481228676	243.02241195304163
6665	634.462457337884	322.4247598719317
6699	530.3668941979522	310.47171824973316
6729	537.1928327645052	169.5965848452508
6757	491.1177474402731	193.5026680896478
6785	554.2576791808874	324.9861259338314
6813	545.7252559726962	272.05122732123795
6843	545.7252559726962	272.05122732123795
6871	600.3327645051195	104.7086446104589
6897	516.7150170648465	142.2753468516542
6920	538.8993174061434	145.69050160085376
6950	582.4146757679182	159.35112059765206
6978	523.5409556313994	205.4557097118463
7004	523.5409556313994	205.4557097118463
7031	549.9914675767918	107.2700106723586
7066	469.7866894197952	189.23372465314833
7105	509.0358361774744	125.19957310565634
7156	523.5409556313994	178.13447171824973
7182	484.29180887372013	208.01707577374597
7209	484.29180887372013	208.01707577374597
7239	503.91638225255974	149.10565635005335
7267	515.0085324232082	208.87086446104587
7295	370.8105802047782	147.39807897545356
7324	251.35665529010242	162.76627534685164
7354	253.91638225255974	114.10032017075773
7383	172.85836177474403	138.86019210245465
7409	172.85836177474403	138.86019210245465
7437	270.98122866894204	137.15261472785485
7465	277.80716723549494	88.48665955176094
7493	227.46587030716725	111.53895410885804
7519	304.2576791808874	52.62753468516542
7546	226.61262798634814	189.23372465314833
7575	226.61262798634814	189.23372465314833
7602	282.0733788395905	167.889007470651
7633	383.60921501706486	191.79509071504802
7662	497.09044368600684	248.14514407684095
7689	539.7525597269624	186.67235859124864
7716	471.4931740614335	207.1632870864461
7744	592.6535836177475	268.6360725720384
7772	458.69453924914677	159.35112059765206
7798	463.81399317406147	280.5891141942369
7827	557.6706484641638	369.38313767342584
7854	506.47610921501706	183.25720384204908
7884	603.7457337883959	359.991462113127
7914	574.7354948805461	272.90501600853787
7942	672.858361774744	243.87620064034152
7973	618.2508532423209	197.77161152614727
8001	624.2235494880546	255.82924226254002
8028	774.3941979522184	257.5368196371398
8055	689.0699658703072	78.24119530416223
8083	744.5307167235495	161.05869797225185
8110	687.363481228669	95.31696905016008
8139	740.2645051194539	50.06616862326574
8167	424.56484641638224	105.5624332977588
8194	206.13481228668942	208.87086446104587
8222	295.7252559726963	240.46104589114194
8248	261.59556313993176	235.33831376734256
8277	293.16552901023897	211.43223052294556
8308	392.99488054607514	271.1974386339381
8336	320.46928327645054	226.80042689434364
8368	439.92320819112626	289.1270010672359
8398	244.53071672354952	106.41622198505868
8428	166.03242320819112	149.95944503735325
8458	165.179180887372	157.64354322305226
8489	318.7627986348123	130.32230522945568
8525	283.7798634812287	174.71931696905014
8557	158.35324232081913	316.44823906083246
8590	210.40102389078498	175.57310565635004
8632	254.76962457337888	172.15795090715048
8665	135.31569965870307	166.18143009605123
8697	128.4897610921502	198.62540021344716
8730	142.99488054607508	80.8025613660619
8759	126.78327645051196	161.05869797225185
8790	60.230375426621166	292.5421558164354
8824	145.5546075085324	216.5549626467449
8856	259.88907849829354	190.08751334044823
8888	159.2064846416382	247.29135538954105
8925	98.62627986348123	155.0821771611526
8959	147.26109215017067	171.30416221985055
8992	119.95733788395904	253.26787620064036
9025	187.36348122866895	265.2209178228388
9062	176.27133105802048	397.5581643543223
9101	320.46928327645054	259.2443970117396
9144	233.43856655290105	151.667022411953
9178	71.32252559726963	193.5026680896478
9209	158.35324232081913	347.1846318036286
9240	195.04266211604096	178.9882604055496
9276	125.07679180887371	92.7556029882604
9312	202.72184300341297	163.62006403415154
9347	251.35665529010242	274.61259338313766
9379	225.75938566552904	278.8815368196371
9409	171.1518771331058	215.70117395944504
9441	238.55802047781572	117.51547491995731
9478	155.7935153583618	257.5368196371398
9512	199.30887372013652	444.51654215581647
9544	157.5	386.45891141942366
9577	447.60238907849833	339.50053361792953
9613	339.240614334471	283.15048025613663
9653	337.53412969283283	238.75346851654214
9689	365.6911262798635	253.26787620064036
9726	369.95733788395904	188.37993596584843
9763	360.5716723549489	239.60725720384204
9800	266.71501706484645	299.3724653148345
9836	265.00853242320824	122.63820704375665
9869	287.1928327645051	99.58591248665955
9905	183.09726962457339	230.2155816435432
9937	255.622866894198	177.28068303094983
9966	338.3873720136519	124.34578441835644
9998	263.30204778157	217.4087513340448
10031	186.51023890784984	143.1291355389541
10064	229.1723549488055	237.89967982924227
10101	324.73549488054607	359.991462113127
10133	205.2815699658703	214.84738527214512
10164	357.15870307167233	383.0437566702241
10201	270.12798634812293	254.1216648879402
10236	294.018771331058	245.5837780149413
10273	163.4726962457338	291.68836712913554
10307	273.54095563139936	301.0800426894344
10342	302.5511945392492	191.79509071504802
10378	319.61604095563143	262.6595517609391
10416	245.38395904436862	272.05122732123795
10458	358.8651877133106	232.7769477054429
10487	120.81058020477815	126.05336179295622
10518	337.53412969283283	255.82924226254002
10550	158.35324232081913	295.957310565635
10580	230.87883959044373	315.59445037353254
10608	202.72184300341297	234.4845250800427
10638	424.56484641638224	233.6307363927428
10670	305.1109215017065	198.62540021344716
10699	231.7320819112628	255.82924226254002
10727	410.9129692832765	311.3255069370331
10758	507.3293515358362	348.89220917822837
10795	525.2474402730376	308.76414087513336
10827	294.018771331058	286.56563500533616
10859	434.8037542662116	195.21024546424758
10890	354.598976109215	265.2209178228388
10919	241.9709897610922	103.85485592315902
10946	381.04948805460754	243.87620064034152
10972	372.5170648464164	303.64140875133404
11005	334.12116040955635	313.88687299893274
11035	330.7081911262799	134.59124866595516
11060	296.5784982935154	269.4898612593383
11093	323.0290102389079	386.45891141942366
11120	329.85494880546077	391.58164354322304
11148	329.85494880546077	391.58164354322304
11174	317.05631399317406	263.51334044823903
11201	364.83788395904435	264.36712913553896
11226	407.50000000000006	258.3906083244397
11253	367.3976109215017	237.04589114194238
11279	404.0870307167236	324.9861259338314
11307	323.88225255972696	272.90501600853787
11335	430.5375426621161	179.84204909284952
11362	423.7116040955632	147.39807897545356
11390	399.820819112628	225.94663820704372
11417	216.37372013651878	254.1216648879402
11443	216.37372013651878	254.1216648879402
11470	125.07679180887371	296.81109925293487
11499	218.080204778157	247.29135538954105
11526	59.37713310580205	187.52614727854854
11555	237.7047781569966	260.9519743863394
11581	237.7047781569966	260.9519743863394
11609	140.43515358361773	171.30416221985055
11637	217.2269624573379	176.42689434364993
11666	297.43174061433444	217.4087513340448
11693	367.3976109215017	231.92315901814297
11720	295.7252559726963	295.10352187833513
11746	295.7252559726963	295.10352187833513
11772	433.0972696245734	219.97011739594447
11799	384.46245733788396	120.93062966915686
11825	397.26109215017067	148.25186766275345
11852	412.61945392491475	295.957310565635
11878	412.61945392491475	295.957310565635
11908	483.4385665529011	226.80042689434364
11937	456.13481228668945	211.43223052294556
11964	468.08020477815705	238.75346851654214
11991	522.6877133105803	222.5314834578442
12018	537.1928327645052	363.4066168623266
12042	537.1928327645052	363.4066168623266
12069	450.1621160409557	327.54749199573104
12100	507.3293515358362	271.1974386339381
12127	613.1313993174061	313.88687299893274
12155	480.8788395904437	292.5421558164354
12182	520.1279863481228	335.2315901814301
12210	346.0665529010239	129.4685165421558
12266	360.5716723549489	135.44503735325506
12293	268.42150170648466	81.65635005336179
12326	243.6774744027304	282.2966915688367
12356	317.9095563139932	126.90715048025612
12387	331.561433447099	190.08751334044823
12415	331.561433447099	190.08751334044823
12443	225.75938566552904	250.70651013874064
12473	231.7320819112628	186.67235859124864
12504	227.46587030716725	258.3906083244397
12537	245.38395904436862	192.64887940234792
12573	246.23720136518773	201.18676627534686
12616	237.7047781569966	241.3148345784418
12653	288.8993174061434	166.18143009605123
12685	182.24402730375428	355.72251867662754
12716	245.38395904436862	266.0747065101387
12744	263.30204778157	241.3148345784418
12780	340.09385665529015	307.0565635005336
12814	293.16552901023897	161.05869797225185
12848	282.0733788395905	226.80042689434364
12880	382.7559726962458	254.1216648879402
12915	279.5136518771331	256.68303094983986
12946	356.3054607508533	116.6616862326574
12981	282.0733788395905	197.77161152614727
13013	439.92320819112626	289.98078975453575
13043	317.9095563139932	228.50800426894344
13077	180.53754266211604	199.47918890074706
13110	290.6058020477816	262.6595517609391
13141	398.9675767918089	470.9839914621131
13174	334.12116040955635	561.4855923159018
13206	433.9505119453925	349.7459978655283
13238	404.9402730375427	467.56883671291354
13273	320.46928327645054	310.47171824973316
13305	368.25085324232083	282.2966915688367
13335	349.4795221843004	327.54749199573104
13370	311.9368600682594	222.5314834578442
13409	384.46245733788396	167.0352187833511
13453	386.16894197952223	231.92315901814297
13487	317.9095563139932	266.0747065101387
13522	233.43856655290105	163.62006403415154
13556	391.28839590443687	228.50800426894344
13588	405.7935153583618	166.18143009605123
13624	232.58532423208194	205.4557097118463
13657	383.60921501706486	191.79509071504802
13693	316.20307167235495	220.82390608324437
13725	298.2849829351536	167.0352187833511
13762	479.1723549488055	211.43223052294556
13792	253.91638225255974	229.3617929562433
13829	214.66723549488054	185.81856990394877
13868	285.48634812286696	351.45357524012803
13906	230.87883959044373	248.99893276414087
13941	285.48634812286696	167.889007470651
13976	195.89590443686006	184.96478121664887
14008	317.9095563139932	143.1291355389541
14041	241.9709897610922	254.1216648879402
14083	283.7798634812287	254.97545357524012
14115	410.0597269624574	189.23372465314833
14148	414.3259385665529	191.79509071504802
14181	387.87542662116044	161.05869797225185
14212	462.96075085324236	246.43756670224118
14250	370.8105802047782	253.26787620064036
14286	390.4351535836178	277.1739594450373
14317	390.4351535836178	277.1739594450373
14359	441.62969283276453	310.47171824973316
14392	451.01535836177476	226.80042689434364
14427	448.45563139931744	199.47918890074706
14472	423.7116040955632	239.60725720384204
14510	549.1382252559728	235.33831376734256
14545	475.75938566552907	229.3617929562433
14578	518.4215017064847	251.56029882604054
14611	478.3191126279864	225.94663820704372
14642	410.9129692832765	168.7427961579509
14673	487.7047781569966	276.32017075773746
14707	532.9266211604096	256.68303094983986
14735	413.4726962457338	162.76627534685164
14762	520.981228668942	208.01707577374597
14791	477.4658703071673	178.13447171824973
14822	521.8344709897611	309.6179295624333
14850	521.8344709897611	309.6179295624333
14880	496.23720136518773	392.4354322305229
14909	696.7491467576792	452.2006403415155
14936	1183.0972696245733	775.7865528281751
14963	1172.0051194539249	622.9583778014942
14992	1154.9402730375427	577.7075773745997
15019	1167.7389078498293	534.1643543223051
15056	1241.117747440273	686.1387406616863
15084	1241.117747440273	686.1387406616863
15112	1170.2986348122865	509.40448239060834
15138	1245.3839590443686	716.0213447171825
15162	1224.0529010238909	559.778014941302
15191	1265.8617747440273	576.8537886872998
15221	1259.0358361774743	697.2379935965848
15247	1188.216723549488	653.6947705442902
15274	1244.5307167235494	698.9455709711846
15303	1166.88566552901	721.1440768409818
15331	1251.3566552901023	790.3009605122733
15357	1178.8310580204777	717.7289220917822
15384	1178.8310580204777	717.7289220917822
15412	1240.2645051194538	619.5432230522946
15440	1295.7252559726962	778.3479188900748
15467	1218.933447098976	750.1728922091783
15493	1177.1245733788396	762.9797225186766
15519	1177.1245733788396	762.9797225186766
15546	1183.9505119453925	722.8516542155817
15573	1125.0767918088736	752.7342582710779
15600	1285.486348122867	825.3062966915688
15640	1175.4180887372013	694.6766275346852
15672	1273.5409556313991	699.7993596584845
15707	1216.3737201365188	694.6766275346852
15739	1109.7184300341296	704.068303094984
15773	1247.9436860068258	735.6584845250801
15807	1210.401023890785	722.8516542155817
15839	1235.9982935153585	700.6531483457844
15873	1235.1450511945393	687.846318036286
15923	1267.5682593856654	640.034151547492
15956	1342.6535836177472	771.5176093916756
15984	1238.5580204778157	757.8569903948772
16023	1229.1723549488054	730.5357524012807
16048	1229.1723549488054	730.5357524012807
16078	724.0529010238909	523.9188900747065
16106	253.91638225255974	254.1216648879402
16131	282.0733788395905	152.52081109925294
16157	303.4044368600683	89.34044823906083
16181	315.3498293515359	154.2283884738527
16209	45.725255972696246	174.71931696905014
16236	275.24744027303757	119.22305229455708
16273	265.00853242320824	222.5314834578442
16300	190.7764505119454	168.7427961579509
16328	193.33617747440275	85.07150480256136
16352	255.622866894198	86.77908217716114
16380	249.6501706484642	167.889007470651
16405	229.1723549488055	365.96798292422625
16438	171.1518771331058	214.84738527214512
16466	165.179180887372	220.82390608324437
16493	120.81058020477815	273.7588046958378
16519	120.81058020477815	273.7588046958378
16548	166.03242320819112	231.92315901814297
16574	209.54778156996588	238.75346851654214
16603	255.622866894198	402.68089647812167
16636	346.0665529010239	554.6552828175027
16670	117.39761092150171	365.1141942369263
16701	302.5511945392492	239.60725720384204
16736	111.42491467576792	395.8505869797225
16767	112.27815699658704	283.15048025613663
16798	220.63993174061437	284.85805763073637
16829	387.0221843003413	191.79509071504802
16860	344.3600682593857	362.55282817502666
16894	220.63993174061437	191.79509071504802
16928	274.39419795221846	160.20490928495198
16959	313.64334470989763	227.65421558164354
16997	171.1518771331058	284.00426894343644
17030	367.3976109215017	217.4087513340448
17061	193.33617747440275	237.89967982924227
17099	308.52389078498294	206.3094983991462
17131	148.96757679180888	208.87086446104587
17164	272.68771331058025	285.7118463180363
17198	241.11774744027306	196.06403415154747
17228	125.93003412969284	226.80042689434364
17259	287.1928327645051	310.47171824973316
17292	333.26791808873725	237.89967982924227
17325	290.6058020477816	294.2497331910352
17358	318.7627986348123	316.44823906083246
17393	169.4453924914676	190.94130202774812
17428	330.7081911262799	186.67235859124864
17469	238.55802047781572	291.68836712913554
17549	208.69453924914677	296.81109925293487
17587	373.3703071672355	246.43756670224118
17623	325.58873720136523	183.25720384204908
17658	268.42150170648466	260.09818569903945
17689	238.55802047781572	234.4845250800427
17723	335.82764505119457	274.61259338313766
17758	418.5921501706485	143.98292422625397
17793	310.2303754266212	185.81856990394877
17833	250.5034129692833	297.6648879402348
17870	417.7389078498294	207.1632870864461
17902	229.1723549488055	217.4087513340448
17939	235.14505119453926	360.84525080042687
17971	339.240614334471	248.14514407684095
18004	291.4590443686007	284.85805763073637
18037	234.29180887372016	125.19957310565634
18075	226.61262798634814	161.05869797225185
18114	148.11433447098977	319.0096051227321
18146	321.32252559726965	202.89434364994662
18179	311.0836177474403	227.65421558164354
18216	399.820819112628	96.17075773745998
18254	426.2713310580205	318.1558164354322
18285	443.33617747440275	161.91248665955175
18315	388.72866894197955	296.81109925293487
18348	440.7764505119454	194.35645677694768
18379	360.5716723549489	261.8057630736393
18411	395.55460750853246	183.25720384204908
18443	502.2098976109215	193.5026680896478
18483	470.6399317406144	323.2785485592316
18517	552.5511945392492	272.90501600853787
18549	523.5409556313994	248.14514407684095
18590	346.0665529010239	201.18676627534686
18626	399.820819112628	152.52081109925294
18659	230.87883959044373	200.33297758804696
18692	303.4044368600683	269.4898612593383
18718	250.5034129692833	250.70651013874064
18751	215.52047781569965	103.85485592315902
18779	272.68771331058025	299.3724653148345
18807	281.22013651877137	309.6179295624333
18833	185.65699658703073	205.4557097118463
18860	230.0255972696246	205.4557097118463
18889	230.0255972696246	205.4557097118463
18917	223.19965870307172	253.26787620064036
18945	125.93003412969284	336.08537886872995
18973	323.0290102389079	383.0437566702241
19001	201.01535836177476	158.4973319103522
19028	293.16552901023897	313.88687299893274
19060	366.5443686006826	395.8505869797225
19087	379.3430034129693	290.8345784418356
19113	253.91638225255974	258.3906083244397
19140	278.660409556314	114.95410885805761
19166	307.6706484641639	301.0800426894344
19194	299.1382252559727	298.51867662753466
19221	283.7798634812287	319.863393810032
19259	192.4829351535836	246.43756670224118
19294	206.13481228668942	205.4557097118463
19323	206.13481228668942	205.4557097118463
19350	183.9505119453925	167.889007470651
19379	258.18259385665533	259.2443970117396
19409	300.844709897611	162.76627534685164
19438	314.49658703071674	106.41622198505868
19469	317.05631399317406	291.68836712913554
19494	324.73549488054607	321.5709711846318
19522	302.5511945392492	324.13233724653145
19549	246.23720136518773	187.52614727854854
19575	267.56825938566556	220.82390608324437
19600	272.68771331058025	238.75346851654214
19628	401.52730375426626	200.33297758804696
19657	462.1075085324232	240.46104589114194
19684	427.1245733788396	227.65421558164354
19711	392.141638225256	248.14514407684095
19739	380.19624573378843	172.15795090715048
19767	289.7525597269625	265.2209178228388
19796	307.6706484641639	205.4557097118463
19822	369.95733788395904	242.1686232657417
19859	142.99488054607508	155.0821771611526
19889	100.33276450511946	207.1632870864461
19915	111.42491467576792	181.5496264674493
19941	284.6331058020478	286.56563500533616
19968	206.13481228668942	207.1632870864461
19996	188.21672354948808	149.95944503735325
20022	182.24402730375428	242.1686232657417
20051	103.74573378839591	83.36392742796158
20077	188.21672354948808	192.64887940234792
20102	493.6774744027304	563.1931696905016
20128	721.4931740614335	605.0288153681963
20156	602.8924914675769	452.2006403415155
20184	179.68430034129693	362.55282817502666
20211	140.43515358361773	402.68089647812167
20239	124.22354948805462	237.89967982924227
20264	250.5034129692833	216.5549626467449
20292	382.7559726962458	272.05122732123795
20318	382.7559726962458	272.05122732123795
20344	294.018771331058	238.75346851654214
20373	256.47610921501706	211.43223052294556
20400	302.5511945392492	178.9882604055496
20430	169.4453924914676	223.38527214514406
20460	239.41126279863485	294.2497331910352
20488	239.41126279863485	233.6307363927428
20517	298.2849829351536	216.5549626467449
20544	104.59897610921502	321.5709711846318
20572	250.5034129692833	261.8057630736393
20601	179.68430034129693	233.6307363927428
20630	249.6501706484642	143.1291355389541
20660	227.46587030716725	205.4557097118463
20687	272.68771331058025	161.91248665955175
20716	149.820819112628	213.99359658484522
20746	154.08703071672355	147.39807897545356
20780	248.79692832764508	155.0821771611526
20812	346.0665529010239	179.84204909284952
20846	374.22354948805463	101.29348986125935
20882	421.1518771331058	267.78228388473855
20915	369.10409556313994	151.667022411953
20946	235.14505119453926	73.11846318036285
20979	436.51023890784984	158.4973319103522
21013	417.7389078498294	344.6232657417289
21044	340.94709897610926	143.1291355389541
21080	399.820819112628	363.4066168623266
21111	384.46245733788396	159.35112059765206
21147	466.3737201365188	123.49199573105656
21181	459.5477815699659	268.6360725720384
21214	489.4112627986348	166.18143009605123
21246	207.84129692832764	218.2625400213447
21279	160.91296928327645	362.55282817502666
21312	212.9607508532423	341.2081109925293
21344	227.46587030716725	282.2966915688367
21377	282.9266211604096	237.89967982924227
21409	200.16211604095562	305.34898612593383
21441	308.52389078498294	360.84525080042687
21479	230.0255972696246	311.3255069370331
21513	100.33276450511946	262.6595517609391
21546	399.820819112628	248.14514407684095
21580	231.7320819112628	345.4770544290288
21614	292.3122866894198	139.71398078975452
21661	189.9232081911263	222.5314834578442
21703	387.0221843003413	122.63820704375665
21735	302.5511945392492	226.80042689434364
21768	358.8651877133106	207.1632870864461
21800	333.26791808873725	102.14727854855923
21832	346.0665529010239	304.4951974386339
21867	345.21331058020485	286.56563500533616
21898	174.56484641638227	168.7427961579509
21930	284.6331058020478	186.67235859124864
21963	281.22013651877137	168.7427961579509
21999	252.20989761092156	213.99359658484522
22037	255.622866894198	201.18676627534686
22071	248.79692832764508	266.0747065101387
22103	305.1109215017065	180.6958377801494
22134	350.3327645051195	290.8345784418356
22167	228.31911262798639	178.9882604055496
22203	282.0733788395905	236.19210245464245
22238	217.2269624573379	184.96478121664887
22278	241.11774744027306	296.81109925293487
22311	335.82764505119457	52.62753468516542
22345	160.05972696245735	162.76627534685164
22374	325.58873720136523	182.40341515474918
22406	492.8242320819113	244.7299893276414
22446	430.5375426621161	219.1163287086446
22483	375.93003412969284	231.92315901814297
22517	409.20648464163827	206.3094983991462
22552	379.3430034129693	163.62006403415154
22591	354.598976109215	254.97545357524012
22624	368.25085324232083	83.36392742796158
22657	301.69795221843003	105.5624332977588
22690	489.4112627986348	335.2315901814301
22732	405.7935153583618	185.81856990394877
22796	441.62969283276453	118.3692636072572
22827	416.8856655290102	199.47918890074706
22865	360.5716723549489	243.02241195304163
22897	381.04948805460754	150.81323372465314
22929	333.26791808873725	113.24653148345783
22960	333.26791808873725	113.24653148345783
22991	307.6706484641639	153.3745997865528
23024	285.48634812286696	134.59124866595516
23054	202.72184300341297	99.58591248665955
23085	148.96757679180888	-17.38313767342583
23115	280.36689419795226	66.2881536819637
23144	206.98805460750856	264.36712913553896
23171	154.94027303754265	158.4973319103522
23198	224.0529010238908	321.5709711846318
23225	224.0529010238908	321.5709711846318
23250	288.8993174061434	204.60192102454639
23275	233.43856655290105	224.23906083244395
23302	240.26450511945396	335.2315901814301
23328	190.7764505119454	300.22625400213445
23355	230.87883959044373	299.3724653148345
23380	211.2542662116041	434.2710779082177
23408	96.919795221843	325.83991462113124
23436	186.51023890784984	374.50586979722516
23464	185.65699658703073	348.89220917822837
23492	176.27133105802048	394.9967982924226
23519	230.0255972696246	214.84738527214512
23546	278.660409556314	338.64674493062967
23572	230.0255972696246	418.0490928495197
23598	119.10409556313994	232.7769477054429
23625	119.10409556313994	232.7769477054429
23653	254.76962457337888	209.7246531483458
23682	189.06996587030716	301.93383137673425
23709	163.4726962457338	290.8345784418356
23737	338.3873720136519	415.48772678762003
23764	160.91296928327645	327.54749199573104
23791	160.91296928327645	327.54749199573104
23819	276.1006825938567	426.58697972251866
23846	270.98122866894204	389.87406616862324
23872	221.49317406143348	325.83991462113124
23900	240.26450511945396	307.9103521878335
23926	240.26450511945396	307.9103521878335
23952	138.72866894197952	351.45357524012803
23978	160.05972696245735	412.9263607257204
24006	290.6058020477816	425.7331910352188
24031	369.95733788395904	100.43970117395943
24062	369.95733788395904	100.43970117395943
24090	393.84812286689424	112.39274279615795
24117	445.042662116041	103.85485592315902
24143	466.3737201365188	173.86552828175027
24170	494.5307167235495	192.64887940234792
24198	560.2303754266212	203.74813233724655
24226	486.8515358361775	232.7769477054429
24252	396.40784982935156	161.05869797225185
24280	497.09044368600684	166.18143009605123
24307	538.0460750853242	121.78441835645677
24334	524.3941979522184	240.46104589114194
24359	524.3941979522184	240.46104589114194
24386	388.72866894197955	128.61472785485591
24413	516.7150170648465	46.65101387406617
24442	298.2849829351536	22.744930629669156
24469	359.7184300341297	89.34044823906083
24498	363.1313993174062	23.59871931696905
24525	379.3430034129693	166.18143009605123
24553	373.3703071672355	60.311632870864464
24579	398.1143344709898	245.5837780149413
24605	386.16894197952223	394.14300960512276
24632	396.40784982935156	163.62006403415154
24663	400.67406143344715	257.5368196371398
24690	606.3054607508533	356.5763073639274
24716	760.7423208191126	156.7897545357524
24744	757.3293515358363	243.02241195304163
24777	779.5136518771332	265.2209178228388
24811	802.5511945392492	139.71398078975452
24842	769.2747440273038	148.25186766275345
24869	796.5784982935154	142.2753468516542
24899	750.5034129692833	153.3745997865528
24928	821.3225255972698	231.92315901814297
24959	798.2849829351536	172.15795090715048
24995	821.3225255972698	103.85485592315902
25030	863.1313993174061	167.889007470651
25066	945.89590443686	237.89967982924227
25097	898.9675767918088	209.7246531483458
25129	803.4044368600682	207.1632870864461
25161	337.53412969283283	212.28601921024546
25192	589.240614334471	224.23906083244395
25227	511.5955631399318	234.4845250800427
25265	580.7081911262799	209.7246531483458
25299	539.7525597269624	274.61259338313766
25336	659.2064846416382	178.13447171824973
25372	706.9880546075086	243.02241195304163
25402	693.3361774744028	376.21344717182495
25433	549.9914675767918	97.87833511205977
25469	881.0494880546074	194.35645677694768
25507	763.30204778157	264.36712913553896
25537	871.6638225255973	205.4557097118463
25572	815.3498293515358	218.2625400213447
25603	799.1382252559728	202.04055496264672
25634	770.1279863481228	237.04589114194238
25669	622.5170648464165	330.1088580576307
25703	555.1109215017065	275.46638207043753
25737	644.7013651877133	216.5549626467449
25775	673.7116040955632	289.98078975453575
25810	635.315699658703	248.99893276414087
25843	691.6296928327646	250.70651013874064
25882	611.424914675768	284.85805763073637
25916	669.4453924914676	278.8815368196371
25944	640.4351535836178	171.30416221985055
25977	625.9300341296928	208.87086446104587
26010	672.858361774744	202.89434364994662
26042	369.10409556313994	267.78228388473855
26080	245.38395904436862	295.10352187833513
26118	274.39419795221846	349.7459978655283
26155	312.7901023890785	340.35432230522946
26189	236.8515358361775	352.30736392742796
26224	238.55802047781572	348.89220917822837
26255	286.339590443686	282.2966915688367
26289	367.3976109215017	389.0202774813234
26328	329.00170648464166	481.22945570971183
26358	220.63993174061437	421.46424759871934
26385	219.78668941979527	391.58164354322304
26420	151.5273037542662	514.5272145144077
26465	281.22013651877137	537.5795090715048
26498	273.54095563139936	410.36499466382065
26530	166.03242320819112	356.5763073639274
26568	195.89590443686006	383.897545357524
26600	295.7252559726963	330.1088580576307
26630	294.8720136518771	430.8559231590182
26666	270.12798634812293	464.153681963714
26701	272.68771331058025	381.33617929562433
26734	323.0290102389079	527.3340448239061
26764	241.9709897610922	546.9711846318037
26799	375.93003412969284	424.025613660619
26833	293.16552901023897	367.67556029882604
26870	236.8515358361775	400.119530416222
26899	382.7559726962458	253.26787620064036
26930	382.7559726962458	253.26787620064036
26959	454.4283276450512	332.6702241195304
26990	399.820819112628	387.3127001067236
27022	478.3191126279864	469.27641408751333
27052	309.37713310580205	506.8431163287086
27081	445.042662116041	405.24226254002133
27109	392.99488054607514	358.2838847385272
27137	413.4726962457338	300.22625400213445
27167	481.7320819112628	239.60725720384204
27196	474.9061433447099	319.863393810032
27226	464.6672354948806	257.5368196371398
27257	390.4351535836178	182.40341515474918
27285	536.3395904436861	214.84738527214512
27313	485.9982935153584	167.0352187833511
27342	329.00170648464166	301.0800426894344
27370	398.9675767918089	297.6648879402348
27400	514.1552901023891	300.22625400213445
27426	499.65017064846415	294.2497331910352
27454	410.0597269624574	286.56563500533616
27479	433.9505119453925	219.97011739594447
27504	358.0119453924915	228.50800426894344
27531	365.6911262798635	254.1216648879402
27560	562.7901023890786	203.74813233724655
27586	486.8515358361775	182.40341515474918
27613	490.264505119454	218.2625400213447
27639	445.8959044368601	491.47491995731053
27666	360.5716723549489	177.28068303094983
27695	357.15870307167233	189.23372465314833
27724	420.29863481228676	202.04055496264672
27777	469.7866894197952	450.49306296691566
27807	489.4112627986348	552.093916755603
27833	449.30887372013655	209.7246531483458
27861	449.30887372013655	209.7246531483458
27888	331.561433447099	435.12486659551763
27916	215.52047781569965	389.0202774813234
27946	348.6262798634813	342.06189967982925
27974	231.7320819112628	387.3127001067236
28003	291.4590443686007	391.58164354322304
28029	263.30204778157	445.37033084311634
28057	168.59215017064847	222.5314834578442
28087	61.08361774744028	243.87620064034152
28116	235.9982935153584	122.63820704375665
28143	167.73890784982936	322.4247598719317
28170	250.5034129692833	278.0277481323372
28200	301.69795221843003	201.18676627534686
28228	295.7252559726963	150.81323372465314
28266	308.52389078498294	80.8025613660619
28293	418.5921501706485	233.6307363927428
28323	406.6467576791809	151.667022411953
28350	279.5136518771331	11.645677694770546
28380	412.61945392491475	63.72678762006403
28409	468.08020477815705	32.13660618996798
28435	422.0051194539249	85.07150480256136
28463	409.20648464163827	143.1291355389541
28491	200.16211604095562	8.230522945570971
28521	284.6331058020478	-30.189967982924227
28550	346.0665529010239	-20.7982924226254
28576	270.98122866894204	-95.07790821771611
28604	358.8651877133106	-45.55816435432231
28632	358.8651877133106	-45.55816435432231
28662	288.8993174061434	21.037353255069373
28689	271.8344709897611	-29.336179295624333
28717	387.87542662116044	-80.56350053361793
28743	346.0665529010239	-41.28922091782284
28770	403.23378839590447	-23.359658484525077
28796	415.17918088737207	10.791889007470651
28823	377.6365187713311	-61.78014941302028
28851	391.28839590443687	-47.26574172892209
28888	409.20648464163827	-13.11419423692636
28918	359.7184300341297	-155.69690501600854
28946	550.8447098976109	-74.58697972251868
28976	388.72866894197955	-133.49839914621134
29008	356.3054607508533	21.891141942369263
29041	376.78327645051195	-37.874066168623266
29079	224.90614334470993	-152.28175026680896
29113	398.1143344709898	-113.00747065101389
29146	301.69795221843003	-141.18249733191038
29179	404.9402730375427	-52.388473852721454
29209	315.3498293515359	23.59871931696905
29240	270.12798634812293	84.21771611526148
29276	339.240614334471	-91.66275346851654
29312	523.5409556313994	-69.46424759871933
29344	375.93003412969284	-194.11739594450376
29376	454.4283276450512	-137.7673425827108
29407	444.18941979522185	-116.42262540021346
29444	538.8993174061434	-213.7545357524013
29483	462.1075085324232	-42.996798292422625
29518	429.68430034129693	23.59871931696905
29554	319.61604095563143	-137.7673425827108
29590	429.68430034129693	-175.33404482390608
29622	528.660409556314	9.938100320170758
29653	542.3122866894198	-232.53788687299894
29691	301.69795221843003	149.10565635005335
29724	329.00170648464166	-29.336179295624333
29756	236.8515358361775	-162.52721451440772
29787	529.5136518771332	-32.751334044823906
29820	600.3327645051195	-194.11739594450376
29852	420.29863481228676	-39.58164354322305
29890	445.8959044368601	-116.42262540021346
29932	497.09044368600684	-247.90608324439702
29967	456.98805460750856	-207.77801494130205
30002	410.9129692832765	-22.505869797225188
30037	485.1450511945393	61.165421558164354
30084	375.93003412969284	-166.79615795090717
30119	509.0358361774744	-57.511205976520806
30148	474.0529010238908	-175.33404482390608
30178	362.27815699658703	-71.1718249733191
30209	418.5921501706485	-25.92102454642476
30246	282.9266211604096	8.230522945570971
30277	505.622866894198	507.6969050160085
30312	339.240614334471	497.45144076840984
30343	340.94709897610926	202.89434364994662
30374	319.61604095563143	126.90715048025612
30407	245.38395904436862	91.04802561366063
30441	333.26791808873725	31.28281750266809
30472	481.7320819112628	176.42689434364993
30503	351.1860068259386	101.29348986125935
30540	364.83788395904435	138.00640341515472
30572	370.8105802047782	110.68516542155815
30604	456.98805460750856	39.82070437566702
30636	464.6672354948806	56.042689434365
30669	464.6672354948806	56.042689434365
30703	562.7901023890786	36.40554962646745
30737	570.4692832764505	67.9957310565635
30772	568.7627986348123	-2.0149413020277476
30805	557.6706484641638	271.1974386339381
30838	576.4419795221844	14.207043756670224
30874	337.53412969283283	275.46638207043753
30912	295.7252559726963	298.51867662753466
30944	431.3907849829352	195.21024546424758
30973	400.67406143344715	121.78441835645677
31003	428.8310580204778	248.14514407684095
31032	428.8310580204778	248.14514407684095
31064	342.6535836177475	206.3094983991462
31095	471.4931740614335	246.43756670224118
31126	493.6774744027304	167.889007470651
31154	422.8583617747441	305.34898612593383
31183	459.5477815699659	254.1216648879402
31214	422.0051194539249	60.311632870864464
31244	447.60238907849833	301.93383137673425
31285	403.23378839590447	263.51334044823903
31315	237.7047781569966	325.83991462113124
31344	227.46587030716725	240.46104589114194
31375	296.5784982935154	331.8164354322305
31402	296.5784982935154	331.8164354322305
31432	465.5204778156997	372.7982924226254
31461	320.46928327645054	338.64674493062967
31491	273.54095563139936	345.4770544290288
31524	206.98805460750856	251.56029882604054
31552	381.90273037542664	214.84738527214512
31579	304.2576791808874	237.04589114194238
31606	280.36689419795226	309.6179295624333
31634	415.17918088737207	345.4770544290288
31660	273.54095563139936	162.76627534685164
31686	346.919795221843	223.38527214514406
31713	235.14505119453926	243.87620064034152
31738	307.6706484641639	245.5837780149413
31765	191.6296928327645	239.60725720384204
31792	250.5034129692833	144.8367129135539
31820	323.88225255972696	282.2966915688367
31852	224.0529010238908	239.60725720384204
31884	311.0836177474403	174.71931696905014
31911	318.7627986348123	220.82390608324437
31938	375.93003412969284	237.04589114194238
31964	380.19624573378843	215.70117395944504
31990	423.7116040955632	83.36392742796158
32019	342.6535836177475	108.12379935965848
32046	265.86177474402734	219.1163287086446
32072	182.24402730375428	216.5549626467449
32098	182.24402730375428	216.5549626467449
32126	271.8344709897611	99.58591248665955
32155	337.53412969283283	301.93383137673425
32187	349.4795221843004	205.4557097118463
32212	247.09044368600686	130.32230522945568
32239	265.00853242320824	213.13980789754535
32266	265.00853242320824	213.13980789754535
32293	278.660409556314	130.32230522945568
32318	250.5034129692833	341.2081109925293
32344	183.9505119453925	226.80042689434364
32373	186.51023890784984	295.957310565635
32399	186.51023890784984	295.957310565635
32427	244.53071672354952	215.70117395944504
32453	361.4249146757679	233.6307363927428
32484	283.7798634812287	312.17929562433295
32514	195.04266211604096	333.5240128068303
32552	313.64334470989763	298.51867662753466
32614	282.0733788395905	325.83991462113124
32646	240.26450511945396	410.36499466382065
32671	221.49317406143348	309.6179295624333
32697	196.74914675767917	295.957310565635
32727	396.40784982935156	337.79295624332974
32756	252.20989761092156	300.22625400213445
32786	278.660409556314	343.769477054429
32812	275.24744027303757	367.67556029882604
32837	275.24744027303757	367.67556029882604
32862	207.84129692832764	439.39381003201703
32889	187.36348122866895	389.87406616862324
32918	282.9266211604096	367.67556029882604
32946	298.2849829351536	422.3180362860192
32976	119.10409556313994	317.30202774813233
33004	119.10409556313994	317.30202774813233
33031	148.96757679180888	373.6520811099253
33070	320.46928327645054	566.6083244397012
33103	939.0699658703071	453.0544290288153
33131	461.25426621160415	616.9818569903948
33159	323.0290102389079	324.9861259338314
33192	289.7525597269625	394.14300960512276
33222	424.56484641638224	258.3906083244397
33257	266.71501706484645	336.9391675560299
33290	254.76962457337888	300.22625400213445
33321	186.51023890784984	184.96478121664887
33353	325.58873720136523	302.7876200640341
33386	373.3703071672355	404.38847385272146
33420	333.26791808873725	321.5709711846318
33458	422.0051194539249	238.75346851654214
33494	363.1313993174062	231.92315901814297
33528	173.71160409556313	334.3778014941302
33559	297.43174061433444	250.70651013874064
33593	176.27133105802048	225.94663820704372
33623	259.88907849829354	343.769477054429
33653	398.9675767918089	154.2283884738527
33686	316.20307167235495	278.0277481323372
33723	352.89249146757686	435.12486659551763
33753	392.141638225256	298.51867662753466
33786	284.6331058020478	365.96798292422625
33816	256.47610921501706	359.1376734258271
33846	369.10409556313994	401.8271077908218
33880	356.3054607508533	254.97545357524012
33911	345.21331058020485	418.9028815368197
33944	342.6535836177475	362.55282817502666
33980	329.85494880546077	353.1611526147278
34015	271.8344709897611	412.0725720384205
34050	141.28839590443687	392.4354322305229
34083	207.84129692832764	392.4354322305229
34121	158.35324232081913	441.9551760939167
34156	256.47610921501706	438.54002134471716
34188	128.4897610921502	421.46424759871934
34219	234.29180887372016	387.3127001067236
34254	232.58532423208194	301.93383137673425
34287	226.61262798634814	337.79295624332974
34317	299.1382252559727	476.1067235859125
34354	177.1245733788396	365.1141942369263
34392	295.7252559726963	330.9626467449306
34428	240.26450511945396	417.1953041622198
34463	193.33617747440275	397.5581643543223
34500	258.18259385665533	442.8089647812167
34538	265.86177474402734	376.21344717182495
34571	111.42491467576792	351.45357524012803
34603	205.2815699658703	393.28922091782283
34635	215.52047781569965	360.84525080042687
34674	282.0733788395905	404.38847385272146
34704	282.0733788395905	404.38847385272146
34741	183.9505119453925	301.0800426894344
34771	183.9505119453925	301.0800426894344
34806	201.86860068259386	304.4951974386339
34838	295.7252559726963	375.3596584845251
34871	240.26450511945396	246.43756670224118
34911	253.0631399317406	261.8057630736393
34950	288.0460750853243	237.89967982924227
34981	298.2849829351536	182.40341515474918
35018	227.46587030716725	268.6360725720384
35050	282.9266211604096	296.81109925293487
35082	232.58532423208194	233.6307363927428
35115	383.60921501706486	254.97545357524012
35145	348.6262798634813	391.58164354322304
35174	206.13481228668942	286.56563500533616
35203	206.13481228668942	286.56563500533616
35240	202.72184300341297	134.59124866595516
35269	202.72184300341297	134.59124866595516
35300	282.0733788395905	360.84525080042687
35328	319.61604095563143	276.32017075773746
35360	251.35665529010242	296.81109925293487
35390	352.89249146757686	291.68836712913554
35423	187.36348122866895	342.9156883671291
35455	371.6638225255973	291.68836712913554
35485	401.52730375426626	312.17929562433295
35511	312.7901023890785	301.0800426894344
35537	335.82764505119457	373.6520811099253
35565	346.0665529010239	295.957310565635
35593	363.9846416382253	351.45357524012803
35618	241.11774744027306	344.6232657417289
35644	317.05631399317406	377.0672358591248
35673	412.61945392491475	333.5240128068303
35700	431.3907849829352	346.3308431163287
35727	494.5307167235495	311.3255069370331
35753	292.3122866894198	291.68836712913554
35782	326.44197952218434	271.1974386339381
35813	400.67406143344715	249.85272145144077
35839	400.67406143344715	249.85272145144077
35865	283.7798634812287	293.3959445037353
35892	176.27133105802048	256.68303094983986
35917	263.30204778157	195.21024546424758
35948	261.59556313993176	256.68303094983986
35973	261.59556313993176	256.68303094983986
36002	268.42150170648466	190.08751334044823
36028	243.6774744027304	249.85272145144077
36055	259.03583617747444	324.13233724653145
36088	304.2576791808874	383.897545357524
36113	300.844709897611	324.13233724653145
36142	295.7252559726963	268.6360725720384
36167	195.04266211604096	346.3308431163287
36197	347.77303754266217	236.19210245464245
36226	300.844709897611	303.64140875133404
36252	226.61262798634814	238.75346851654214
36278	341.80034129692837	301.93383137673425
36305	341.80034129692837	301.93383137673425
36332	329.00170648464166	274.61259338313766
36359	261.59556313993176	141.4215581643543
36385	326.44197952218434	305.34898612593383
36410	183.9505119453925	162.76627534685164
36436	183.9505119453925	202.04055496264672
36463	195.04266211604096	330.9626467449306
36491	245.38395904436862	130.32230522945568
36516	108.01194539249147	234.4845250800427
36542	173.71160409556313	237.89967982924227
36570	202.72184300341297	238.75346851654214
36598	261.59556313993176	69.7033084311633
36626	282.0733788395905	162.76627534685164
36656	206.13481228668942	148.25186766275345
36687	372.5170648464164	183.25720384204908
36716	248.79692832764508	211.43223052294556
36744	284.6331058020478	255.82924226254002
36771	221.49317406143348	260.09818569903945
36798	206.98805460750856	225.94663820704372
36827	225.75938566552904	159.35112059765206
36858	259.88907849829354	196.91782283884737
36884	158.35324232081913	315.59445037353254
36913	172.85836177474403	162.76627534685164
36940	218.080204778157	249.85272145144077
36967	250.5034129692833	179.84204909284952
36994	189.06996587030716	292.5421558164354
37021	119.10409556313994	202.04055496264672
37046	183.09726962457339	207.1632870864461
37078	240.26450511945396	197.77161152614727
37108	240.26450511945396	197.77161152614727
37137	128.4897610921502	297.6648879402348
37170	307.6706484641639	243.02241195304163
37199	327.2952218430034	188.37993596584843
37228	270.12798634812293	440.24759871931695
37258	288.8993174061434	281.4429028815368
37290	242.82423208191128	240.46104589114194
37319	327.2952218430034	182.40341515474918
37348	153.23378839590444	216.5549626467449
37383	311.9368600682594	149.10565635005335
37414	376.78327645051195	200.33297758804696
37446	178.83105802047783	153.3745997865528
37476	178.83105802047783	153.3745997865528
37510	245.38395904436862	232.7769477054429
37547	375.0767918088738	207.1632870864461
37578	301.69795221843003	253.26787620064036
37610	318.7627986348123	205.4557097118463
37649	396.40784982935156	165.3276414087513
37716	367.3976109215017	288.27321237993596
37753	397.26109215017067	58.60405549626467
37784	375.0767918088738	230.2155816435432
37815	349.4795221843004	209.7246531483458
37857	396.40784982935156	161.05869797225185
37897	331.561433447099	205.4557097118463
37930	520.981228668942	150.81323372465314
37968	449.30887372013655	188.37993596584843
38002	524.3941979522184	166.18143009605123
38033	578.1484641638226	77.38740661686234
38066	570.4692832764505	188.37993596584843
38101	574.7354948805461	196.06403415154747
38135	505.622866894198	83.36392742796158
38167	521.8344709897611	103.85485592315902
38198	493.6774744027304	166.18143009605123
38228	462.96075085324236	132.8836712913554
38257	579.8549488054607	156.7897545357524
38291	627.6365187713311	16.768409818569904
38323	282.0733788395905	69.7033084311633
38357	363.9846416382253	19.329775880469587
38388	177.1245733788396	146.5442902881537
38422	378.4897610921502	72.26467449306297
38459	391.28839590443687	146.5442902881537
38494	438.2167235494881	32.990394877267875
38527	253.0631399317406	200.33297758804696
38562	345.21331058020485	-1.1611526147278544
38596	180.53754266211604	151.667022411953
38629	55.110921501706486	271.1974386339381
38668	253.91638225255974	244.7299893276414
38700	215.52047781569965	193.5026680896478
38736	268.42150170648466	274.61259338313766
38772	218.93344709897613	159.35112059765206
38809	221.49317406143348	147.39807897545356
38841	212.10750853242322	248.99893276414087
38870	301.69795221843003	185.81856990394877
38903	223.19965870307172	181.5496264674493
38934	280.36689419795226	237.04589114194238
38970	345.21331058020485	199.47918890074706
39003	236.8515358361775	97.87833511205977
39038	284.6331058020478	190.94130202774812
39071	347.77303754266217	72.26467449306297
39108	253.0631399317406	74.82604055496265
39140	341.80034129692837	88.48665955176094
39173	243.6774744027304	87.63287086446104
39203	340.09385665529015	79.09498399146212
39234	230.87883959044373	90.19423692636073
39281	287.1928327645051	150.81323372465314
39329	328.14846416382255	31.28281750266809
39375	412.61945392491475	225.94663820704372
39409	176.27133105802048	143.98292422625397
39438	92.65358361774744	114.10032017075773
39465	281.22013651877137	187.52614727854854
39493	96.919795221843	132.8836712913554
39518	245.38395904436862	67.1419423692636
39545	285.48634812286696	-26.774813233724654
39571	285.48634812286696	-26.774813233724654
39600	270.98122866894204	115.80789754535752
39631	170.29863481228668	166.18143009605123
39658	286.339590443686	169.5965848452508
39685	257.32935153583617	202.04055496264672
39709	257.32935153583617	202.04055496264672
39734	340.09385665529015	268.6360725720384
39760	363.1313993174062	162.76627534685164
39787	327.2952218430034	104.7086446104589
39812	203.57508532423208	190.08751334044823
39839	270.12798634812293	239.60725720384204
39865	399.820819112628	65.43436499466382
39890	208.69453924914677	142.2753468516542
39915	271.8344709897611	84.21771611526148
39944	271.8344709897611	84.21771611526148
39974	358.8651877133106	62.87299893276415
40003	449.30887372013655	60.311632870864464
40028	343.5068259385666	195.21024546424758
40053	447.60238907849833	169.5965848452508
40079	429.68430034129693	63.72678762006403
40106	300.844709897611	120.93062966915686
40131	487.7047781569966	64.58057630736393
40156	423.7116040955632	160.20490928495198
40183	207.84129692832764	62.01921024546425
40208	247.94368600682594	97.02454642475988
40232	301.69795221843003	153.3745997865528
40259	410.9129692832765	112.39274279615795
40284	462.96075085324236	131.1760939167556
40309	462.96075085324236	131.1760939167556
40337	363.1313993174062	83.36392742796158
40362	386.16894197952223	79.09498399146212
40386	422.8583617747441	148.25186766275345
40411	422.8583617747441	148.25186766275345
40436	369.95733788395904	108.97758804695839
40463	330.7081911262799	250.70651013874064
40488	490.264505119454	167.0352187833511
40513	456.98805460750856	139.71398078975452
40538	389.58191126279866	166.18143009605123
40565	491.1177474402731	146.5442902881537
40591	728.3191126279863	280.5891141942369
40615	601.1860068259385	254.97545357524012
40640	601.1860068259385	254.97545357524012
40668	528.660409556314	137.15261472785485
40694	510.74232081911265	184.11099252934898
40720	609.7184300341297	132.02988260405547
40745	609.7184300341297	132.02988260405547
40772	515.8617747440272	67.9957310565635
40802	658.3532423208192	208.87086446104587
40827	468.93344709897616	54.33511205976521
40860	503.91638225255974	277.1739594450373
40888	537.1928327645052	247.29135538954105
40915	441.62969283276453	178.9882604055496
40941	496.23720136518773	136.29882604055496
40967	574.7354948805461	127.76093916755602
40998	610.5716723549488	254.1216648879402
41023	609.7184300341297	122.63820704375665
41048	544.018771331058	138.86019210245465
41072	525.2474402730376	208.87086446104587
41097	476.6126279863481	155.9359658484525
41122	529.5136518771332	135.44503735325506
41146	631.9027303754267	245.5837780149413
41171	631.9027303754267	245.5837780149413
41197	530.3668941979522	193.5026680896478
41228	664.325938566553	178.9882604055496
41255	574.7354948805461	190.94130202774812
41283	561.0836177474403	125.19957310565634
41316	580.7081911262799	144.8367129135539
41342	609.7184300341297	108.97758804695839
41371	655.7935153583618	95.31696905016008
41400	657.5	248.14514407684095
41432	672.005119453925	258.3906083244397
41460	768.4215017064847	172.15795090715048
41494	642.9948805460751	184.96478121664887
41521	144.70136518771332	178.9882604055496
41550	295.7252559726963	191.79509071504802
41579	295.7252559726963	191.79509071504802
41608	318.7627986348123	196.91782283884737
41641	224.90614334470993	152.52081109925294
41674	289.7525597269625	212.28601921024546
41707	284.6331058020478	153.3745997865528
41743	282.9266211604096	213.99359658484522
41772	351.1860068259386	184.96478121664887
41803	267.56825938566556	224.23906083244395
41836	282.9266211604096	208.87086446104587
41869	292.3122866894198	220.82390608324437
41902	339.240614334471	347.1846318036286
41932	223.19965870307172	231.92315901814297
41966	272.68771331058025	329.25506937033083
42000	401.52730375426626	408.65741728922086
42031	683.9505119453925	571.7310565635005
42062	666.0324232081911	647.718249733191
42093	519.2747440273038	329.25506937033083
42121	329.85494880546077	396.7043756670224
42151	423.7116040955632	302.7876200640341
42189	381.04948805460754	272.90501600853787
42219	354.598976109215	222.5314834578442
42253	410.9129692832765	295.957310565635
42284	329.00170648464166	305.34898612593383
42313	329.00170648464166	305.34898612593383
42344	439.92320819112626	208.87086446104587
42373	464.6672354948806	348.89220917822837
42403	475.75938566552907	353.1611526147278
42432	403.23378839590447	303.64140875133404
42463	375.0767918088738	171.30416221985055
42496	332.4146757679181	207.1632870864461
42532	297.43174061433444	289.98078975453575
42565	434.8037542662116	184.96478121664887
42598	311.0836177474403	186.67235859124864
42636	383.60921501706486	173.86552828175027
42688	353.7457337883959	307.9103521878335
42761	357.15870307167233	376.21344717182495
42790	378.4897610921502	281.4429028815368
42820	243.6774744027304	253.26787620064036
42849	289.7525597269625	196.06403415154747
42879	289.7525597269625	196.06403415154747
42910	244.53071672354952	162.76627534685164
42937	368.25085324232083	389.87406616862324
42966	276.1006825938567	202.89434364994662
42998	394.7013651877133	171.30416221985055
43029	410.9129692832765	111.53895410885804
43060	415.17918088737207	272.05122732123795
43095	261.59556313993176	257.5368196371398
43129	243.6774744027304	342.9156883671291
43158	397.26109215017067	242.1686232657417
43187	618.2508532423209	70.55709711846319
43214	618.2508532423209	70.55709711846319
43239	433.0972696245734	202.89434364994662
43278	522.6877133105803	245.5837780149413
43307	544.8720136518772	298.51867662753466
43333	544.8720136518772	217.4087513340448
43359	457.84129692832767	119.22305229455708
43386	515.0085324232082	202.04055496264672
43412	560.2303754266212	175.57310565635004
43437	481.7320819112628	219.1163287086446
43462	549.9914675767918	212.28601921024546
43493	474.0529010238908	309.6179295624333
43518	490.264505119454	275.46638207043753
43546	504.7696245733788	334.3778014941302
43576	569.6160409556314	190.94130202774812
43600	485.1450511945393	50.919957310565636
43625	535.4863481228668	330.9626467449306
43649	535.4863481228668	330.9626467449306
43675	561.9368600682594	243.87620064034152
43700	563.6433447098976	192.64887940234792
43723	381.90273037542664	301.93383137673425
43748	379.3430034129693	245.5837780149413
43774	317.9095563139932	283.15048025613663
43802	218.93344709897613	316.44823906083246
43835	416.0324232081912	232.7769477054429
43866	308.52389078498294	317.30202774813233
43894	320.46928327645054	307.0565635005336
43918	396.40784982935156	330.9626467449306
43943	404.9402730375427	272.05122732123795
43968	429.68430034129693	354.01494130202775
43994	325.58873720136523	260.09818569903945
44020	278.660409556314	250.70651013874064
44048	278.660409556314	250.70651013874064
44073	290.6058020477816	163.62006403415154
44099	345.21331058020485	268.6360725720384
44124	270.98122866894204	447.931696905016
44148	287.1928327645051	424.025613660619
44174	243.6774744027304	282.2966915688367
44199	369.10409556313994	274.61259338313766
44225	304.2576791808874	572.5848452508004
44252	444.18941979522185	337.79295624332974
44279	468.93344709897616	370.2369263607257
44305	346.0665529010239	503.42796157950903
44333	334.97440273037546	339.50053361792953
44363	523.5409556313994	239.60725720384204
44392	395.55460750853246	225.09284951974388
44417	257.32935153583617	416.34151547491996
44443	257.32935153583617	416.34151547491996
44479	637.0221843003413	599.906083244397
44507	964.6672354948804	501.7203842049093
44532	571.3225255972698	191.79509071504802
44558	327.2952218430034	295.10352187833513
44583	327.2952218430034	295.10352187833513
44608	394.7013651877133	206.3094983991462
44635	233.43856655290105	95.31696905016008
44664	475.75938566552907	149.10565635005335
44690	503.91638225255974	96.17075773745998
44714	454.4283276450512	76.53361792956244
44743	393.84812286689424	172.15795090715048
44775	339.240614334471	194.35645677694768
44802	497.943686006826	183.25720384204908
44828	406.6467576791809	202.89434364994662
44854	460.40102389078504	336.08537886872995
44880	320.46928327645054	256.68303094983986
44906	270.12798634812293	112.39274279615795
44933	360.5716723549489	272.05122732123795
44958	389.58191126279866	277.1739594450373
44986	404.9402730375427	301.0800426894344
45014	351.1860068259386	266.9284951974386
45046	237.7047781569966	199.47918890074706
45073	334.97440273037546	173.86552828175027
45099	417.7389078498294	337.79295624332974
45126	326.44197952218434	207.1632870864461
45153	423.7116040955632	256.68303094983986
45183	443.33617747440275	194.35645677694768
45211	356.3054607508533	163.62006403415154
45240	407.50000000000006	202.89434364994662
45269	378.4897610921502	235.33831376734256
45297	352.0392491467577	324.13233724653145
45324	300.844709897611	190.08751334044823
45356	268.42150170648466	231.92315901814297
45386	347.77303754266217	161.91248665955175
45416	302.5511945392492	223.38527214514406
45444	301.69795221843003	184.96478121664887
45477	330.7081911262799	443.6627534685165
45508	429.68430034129693	323.2785485592316
45541	371.6638225255973	266.9284951974386
45577	361.4249146757679	231.06937033084313
45608	302.5511945392492	320.7171824973319
45640	489.4112627986348	268.6360725720384
45680	452.721843003413	357.43009605122734
45713	386.16894197952223	406.9498399146211
45745	373.3703071672355	284.85805763073637
45774	355.4522184300342	310.47171824973316
45806	377.6365187713311	345.4770544290288
45839	412.61945392491475	312.17929562433295
45870	369.10409556313994	183.25720384204908
45908	418.5921501706485	243.87620064034152
45946	254.76962457337888	209.7246531483458
45978	432.24402730375425	476.1067235859125
46012	183.09726962457339	241.3148345784418
46048	315.3498293515359	346.3308431163287
46079	394.7013651877133	284.00426894343644
46110	561.0836177474403	350.59978655282816
46144	487.7047781569966	223.38527214514406
46178	413.4726962457338	301.93383137673425
46212	403.23378839590447	299.3724653148345
46244	391.28839590443687	239.60725720384204
46280	430.5375426621161	269.4898612593383
46310	326.44197952218434	361.6990394877268
46343	193.33617747440275	231.92315901814297
46373	276.1006825938567	267.78228388473855
46403	302.5511945392492	208.01707577374597
46434	270.98122866894204	332.6702241195304
46470	269.27474402730377	276.32017075773746
46505	217.2269624573379	309.6179295624333
46540	293.16552901023897	266.0747065101387
46580	244.53071672354952	295.10352187833513
46612	241.9709897610922	272.05122732123795
46647	220.63993174061437	398.41195304162216
46681	272.68771331058025	258.3906083244397
46715	177.1245733788396	284.00426894343644
46750	346.919795221843	381.33617929562433
46785	333.26791808873725	353.1611526147278
46815	366.5443686006826	302.7876200640341
46846	285.48634812286696	184.96478121664887
46878	318.7627986348123	201.18676627534686
46909	362.27815699658703	241.3148345784418
46939	261.59556313993176	362.55282817502666
46968	371.6638225255973	154.2283884738527
46999	393.84812286689424	255.82924226254002
47030	291.4590443686007	287.41942369263603
47065	284.6331058020478	441.9551760939167
47097	230.0255972696246	319.863393810032
47132	327.2952218430034	163.62006403415154
47162	271.8344709897611	506.8431163287086
47198	695.0426621160409	309.6179295624333
47233	1151.527303754266	661.3788687299893
47259	1158.353242320819	600.7598719316969
47286	1227.4658703071673	577.7075773745997
47312	1227.4658703071673	577.7075773745997
47339	1167.7389078498293	763.8335112059765
47367	1238.5580204778157	726.2668089647813
47395	1244.5307167235494	762.9797225186766
47424	1265.0085324232082	859.4578441835646
47450	1265.0085324232082	859.4578441835646
47475	1174.5648464163824	728.8281750266809
47503	1289.7525597269623	716.8751334044824
47548	1210.401023890785	800.5464247598718
47574	1299.9914675767918	786.8858057630736
47609	1215.5204778156997	751.0266808964781
47658	1230.8788395904435	822.7449306296692
47683	1230.8788395904435	822.7449306296692
47711	1247.090443686007	871.410885805763
47742	1201.0153583617746	792.008537886873
47767	1305.1109215017066	751.880469583778
47791	1158.353242320819	667.3553895410886
47815	1158.353242320819	667.3553895410886
47840	1344.3600682593858	704.068303094984
47864	1252.2098976109214	759.5645677694771
47889	1247.090443686007	805.6691568836713
47916	1247.090443686007	805.6691568836713
47945	1195.042662116041	781.7630736392742
47970	1046.5784982935154	789.4471718249733
47995	1291.4590443686006	739.0736392742796
48019	1289.7525597269623	703.2145144076841
48044	1159.206484641638	800.5464247598718
48072	1065.3498293515358	868.8495197438634
48099	1134.462457337884	778.3479188900748
48123	1169.4453924914676	681.8697972251867
48149	1146.4078498293516	691.2614727854856
48174	1064.4965870307167	749.3191035218783
48198	1246.2372013651877	787.7395944503736
48223	626.7832764505121	737.3660618996798
48246	724.9061433447099	789.4471718249733
48272	515.8617747440272	608.4439701173959
48296	393.84812286689424	-314.50160085378866
48320	-347.6194539249147	-130.93703308431165
48361	-667.5853242320818	1072.051227321238
48400	-1641.9880546075085	-153.98932764140875
48437	83.2679180887372	-199.2401280683031
48472	-972.1928327645052	167.889007470651
48509	582.4146757679182	12.49946638207044
48532	267.56825938566556	465.0074706510138
48556	172.00511945392492	362.55282817502666
48583	145.5546075085324	356.5763073639274
48608	355.4522184300342	109.83137673425827
48636	105.45221843003414	289.1270010672359
48667	-43.01194539249146	167.889007470651
48693	-138.57508532423208	257.5368196371398
48717	-177.82423208191125	249.85272145144077
48741	-250.34982935153582	62.01921024546425
48766	-327.1416382252559	171.30416221985055
48789	-452.56825938566556	16.768409818569904
48815	-351.0324232081911	135.44503735325506
48841	-544.7184300341297	-121.54535752401281
48866	-526.8003412969283	-240.22198505869795
48890	-563.48976109215	-173.6264674493063
48914	-625.7764505119454	-83.9786552828175
48939	-391.1348122866894	-56.657417289220916
48962	-494.377133105802	-163.38100320170759
48986	-494.377133105802	-163.38100320170759
49013	-512.2952218430033	11.645677694770546
49046	-572.8754266211604	-168.50373532550697
49072	-574.5819112627986	-95.07790821771611
49098	-520.8276450511945	-206.07043756670228
49133	-504.6160409556314	-209.48559231590184
49165	-431.2372013651877	-72.87940234791888
49191	-477.31228668941975	15.060832443970117
49219	-502.05631399317406	-5.430096051227321
49248	-508.0290102389078	-88.24759871931697
49272	-500.34982935153585	-86.54002134471718
49300	-507.1757679180887	-102.76200640341516
49329	-310.9300341296928	-9.699039487726788
49358	-464.51365187713304	-154.84311632870867
49385	-264.0017064846416	-20.7982924226254
49412	-448.30204778156997	-172.77267876200642
49445	-252.05631399317403	-113.00747065101389
49474	-471.339590443686	-297.42582710779084
49507	-406.4931740614334	-63.48772678762007
49542	-510.5887372013651	-239.3681963713981
49594	-496.93686006825936	-203.50907150480256
49621	-506.32252559726965	-262.4204909284952
49649	-574.5819112627986	-105.32337246531482
49681	-629.1894197952219	-3.7225186766275344
49709	-607.8583617747439	-137.7673425827108
49741	-569.462457337884	27.013874066168626
49776	-560.0767918088737	124.34578441835644
49804	-675.2645051194539	32.990394877267875
49834	-761.4419795221843	165.3276414087513
49863	-484.13822525597266	-63.48772678762007
49892	-674.4112627986349	-44.70437566702241
49922	-614.684300341297	64.58057630736393
49951	-576.2883959044368	54.33511205976521
49981	-680.3839590443686	9.084311632870865
50017	-559.2235494880546	142.2753468516542
50049	-530.2133105802047	-99.34685165421558
50080	-645.4010238907849	-96.7854855923159
50113	-681.2372013651877	-201.8014941302028
50146	-630.0426621160409	-3.7225186766275344
50178	-268.2679180887372	11.645677694770546
50207	15.008532423208194	256.68303094983986
50239	71.32252559726963	586.2454642475986
50277	39.75255972696246	451.3468516542155
50311	201.86860068259386	108.12379935965848
50350	398.9675767918089	169.5965848452508
50382	300.844709897611	18.47598719316969
50413	311.9368600682594	205.4557097118463
50441	234.29180887372016	201.18676627534686
50471	191.6296928327645	37.259338313767344
50505	253.91638225255974	135.44503735325506
50539	238.55802047781572	279.73532550693704
50574	253.0631399317406	194.35645677694768
50603	216.37372013651878	238.75346851654214
50640	299.9914675767918	138.86019210245465
50667	289.7525597269625	377.92102454642475
50697	243.6774744027304	218.2625400213447
50728	248.79692832764508	215.70117395944504
50759	239.41126279863485	240.46104589114194
50792	256.47610921501706	266.9284951974386
50826	189.9232081911263	174.71931696905014
50853	212.9607508532423	149.95944503735325
50883	281.22013651877137	39.82070437566702
50917	508.18259385665533	117.51547491995731
50949	398.1143344709898	108.12379935965848
50983	357.15870307167233	284.85805763073637
51020	353.7457337883959	158.4973319103522
51051	537.1928327645052	208.87086446104587
51086	484.29180887372013	238.75346851654214
51121	594.3600682593857	259.2443970117396
51153	419.4453924914676	201.18676627534686
51201	910.0597269624573	316.44823906083246
51234	1310.230375426621	559.778014941302
51268	1212.107508532423	784.3244397011739
51319	1086.6808873720136	856.8964781216648
51374	1313.6433447098975	729.6819637139807
51435	1160.9129692832764	742.4887940234792
51468	1210.401023890785	614.4204909284952
51501	1289.7525597269623	569.1696905016008
51535	1155.7935153583617	804.8153681963713
51568	1444.189419795222	644.3030949839914
51602	1314.4965870307167	723.7054429028816
51635	1294.0187713310581	482.0832443970117
51668	1139.5819112627985	788.5933831376734
51702	1177.1245733788396	749.3191035218783
51734	1207.8412969283277	694.6766275346852
51758	1250.503412969283	764.6872998932764
51781	1250.503412969283	764.6872998932764
51805	1356.3054607508532	769.8100320170757
51835	1242.824232081911	767.2486659551761
51865	1274.3941979522185	741.6350053361792
51887	1274.3941979522185	741.6350053361792
51918	1237.7047781569966	768.9562433297759
51941	1095.2133105802047	722.8516542155817
51965	1137.0221843003412	815.91462113127
51988	1137.0221843003412	815.91462113127
52011	1184.8037542662116	753.5880469583777
52036	1195.89590443686	785.1782283884738
52059	1123.3703071672353	841.5282817502667
52085	1110.5716723549488	750.1728922091783
52109	1171.1518771331057	729.6819637139807
52135	1175.4180887372013	759.5645677694771
52161	330.7081911262799	657.1099252934898
52185	330.7081911262799	657.1099252934898
52218	100.33276450511946	844.9434364994664
52241	197.6023890784983	573.4386339381003
52270	181.39078498293514	531.6029882604055
52295	75.58873720136519	467.56883671291354
52328	131.0494880546075	260.09818569903945
52385	206.98805460750856	299.3724653148345
52419	147.26109215017067	383.0437566702241
52444	127.63651877133105	301.0800426894344
52468	147.26109215017067	263.51334044823903
52496	272.68771331058025	409.51120597652084
52529	177.1245733788396	665.6478121664887
52557	339.240614334471	647.718249733191
52582	909.2064846416381	378.7748132337247
52613	316.20307167235495	610.1515474919958
52646	388.72866894197955	352.30736392742796
52678	235.9982935153584	640.8879402347919
52707	404.9402730375427	356.5763073639274
52735	396.40784982935156	453.9082177161153
52762	253.91638225255974	398.41195304162216
52788	288.0460750853243	319.863393810032
52812	246.23720136518773	522.2113127001066
52838	286.339590443686	493.1824973319103
52865	265.86177474402734	322.4247598719317
52890	265.86177474402734	322.4247598719317
52917	268.42150170648466	333.5240128068303
52942	394.7013651877133	449.6392742796158
52967	325.58873720136523	285.7118463180363
52991	319.61604095563143	328.40128068303096
53017	282.9266211604096	336.08537886872995
53043	207.84129692832764	319.863393810032
53068	305.1109215017065	487.20597652081113
53093	300.844709897611	333.5240128068303
53118	212.9607508532423	462.44610458911416
53147	270.98122866894204	367.67556029882604
53173	346.919795221843	349.7459978655283
53200	415.17918088737207	412.9263607257204
53226	278.660409556314	412.0725720384205
53267	140.43515358361773	484.6446104589115
53297	324.73549488054607	453.0544290288153
53336	179.68430034129693	573.4386339381003
53367	239.41126279863485	474.39914621131265
53395	247.94368600682594	359.991462113127
53422	317.9095563139932	430.0021344717182
53449	329.00170648464166	493.1824973319103
53481	334.97440273037546	430.8559231590182
53511	422.0051194539249	428.29455709711846
53540	264.1552901023891	424.87940234791887
53576	274.39419795221846	492.32870864461046
53606	303.4044368600683	351.45357524012803
53635	284.6331058020478	307.0565635005336
53664	288.8993174061434	419.7566702241195
53694	349.4795221843004	358.2838847385272
53727	148.11433447098977	356.5763073639274
53755	148.11433447098977	356.5763073639274
53785	259.88907849829354	263.51334044823903
53812	123.3703071672355	445.37033084311634
53838	314.49658703071674	439.39381003201703
53867	202.72184300341297	220.82390608324437
53896	218.080204778157	351.45357524012803
53936	229.1723549488055	419.7566702241195
53972	141.28839590443687	397.5581643543223
54002	265.00853242320824	341.2081109925293
54031	237.7047781569966	455.61579509071504
54069	254.76962457337888	450.49306296691566
54101	233.43856655290105	522.2113127001066
54134	311.9368600682594	366.8217716115261
54165	425.4180887372014	686.1387406616863
54197	479.1723549488055	646.0106723585913
54228	95.21331058020478	454.76200640341517
54258	95.21331058020478	454.76200640341517
54289	430.5375426621161	527.3340448239061
54322	412.61945392491475	534.1643543223051
54355	363.1313993174062	541.8484525080042
54390	387.87542662116044	448.78548559231587
54423	358.8651877133106	354.8687299893276
54453	329.85494880546077	472.69156883671286
54483	270.98122866894204	537.5795090715048
54520	247.94368600682594	494.8900747065101
54551	285.48634812286696	471.837780149413
54581	247.09044368600686	528.187833511206
54615	339.240614334471	482.0832443970117
54646	248.79692832764508	454.76200640341517
54676	300.844709897611	397.5581643543223
54708	331.561433447099	389.87406616862324
54740	282.9266211604096	394.9967982924226
54775	256.47610921501706	477.8143009605123
54808	304.2576791808874	442.8089647812167
54838	369.10409556313994	354.01494130202775
54870	245.38395904436862	411.2187833511205
54900	213.81399317406144	487.20597652081113
54937	230.87883959044373	422.3180362860192
54970	155.7935153583618	502.57417289220916
55005	188.21672354948808	422.3180362860192
55036	201.01535836177476	540.1408751334045
55073	266.71501706484645	410.36499466382065
55103	139.58191126279866	419.7566702241195
55137	294.8720136518771	520.5037353255069
55172	54.25767918088738	556.3628601921025
55199	224.0529010238908	459.8847385272145
55229	834.9744027303755	581.1227321237993
55256	834.9744027303755	581.1227321237993
55284	1171.1518771331057	627.2273212379936
55311	1137.0221843003412	711.752401280683
55338	1173.7116040955632	730.5357524012807
55365	1091.800341296928	808.2305229455709
55393	1091.800341296928	808.2305229455709
55422	1108.8651877133104	640.8879402347919
55454	1238.5580204778157	699.7993596584845
