time	x	y
1	225.75938566552904	855.1889007470651
48	131.0494880546075	933.7374599786554
82	293.16552901023897	889.340448239061
116	157.5	940.5677694770545
139	119.10409556313994	963.6200640341516
164	207.84129692832764	978.1344717182499
188	112.27815699658704	898.7321237993598
212	214.66723549488054	948.2518676627535
237	179.68430034129693	946.5442902881538
261	131.0494880546075	965.3276414087514
289	150.67406143344712	986.6723585912487
317	12.448805460750856	925.1995731056563
343	95.21331058020478	1084.0042689434365
367	76.4419795221843	986.6723585912487
395	264.1552901023891	756.1494130202775
421	264.1552901023891	756.1494130202775
447	376.78327645051195	599.0522945570971
473	535.4863481228668	777.4941302027747
498	514.1552901023891	769.8100320170757
523	410.0597269624574	642.5955176093917
554	482.585324232082	731.3895410885806
583	487.7047781569966	727.974386339381
616	379.3430034129693	631.4962646744931
648	170.29863481228668	333.5240128068303
675	137.87542662116041	252.41408751334043
700	98.62627986348123	362.55282817502666
730	184.8037542662116	378.7748132337247
757	273.54095563139936	407.803628601921
783	88.38737201365188	386.45891141942366
812	-36.18600682593856	272.05122732123795
835	104.59897610921502	258.3906083244397
861	27.807167235494884	322.4247598719317
885	27.807167235494884	322.4247598719317
910	-46.424914675767916	156.7897545357524
942	96.0665529010239	267.78228388473855
971	-59.2235494880546	77.38740661686234
1000	-36.18600682593856	231.06937033084313
1029	31.220136518771334	149.95944503735325
1054	31.220136518771334	149.95944503735325
1080	-166.73208191126278	169.5965848452508
1110	-118.95051194539249	303.64140875133404
1135	3.063139931740617	231.06937033084313
1161	-196.59556313993173	140.56776947705444
1187	-196.59556313993173	140.56776947705444
1214	210.40102389078498	293.3959445037353
1249	211.2542662116041	398.41195304162216
1280	244.53071672354952	237.89967982924227
1313	250.5034129692833	202.04055496264672
1339	150.67406143344712	228.50800426894344
1364	235.14505119453926	383.0437566702241
1390	238.55802047781572	342.9156883671291
1417	69.61604095563139	318.1558164354322
1444	61.936860068259385	303.64140875133404
1475	-57.51706484641638	204.60192102454639
1500	96.0665529010239	294.2497331910352
1525	138.72866894197952	393.28922091782283
1551	87.53412969283276	212.28601921024546
1578	82.4146757679181	313.88687299893274
1603	-133.4556313993174	-45.55816435432231
1634	-281.06655290102384	41.52828175026681
1659	-281.06655290102384	41.52828175026681
1689	-202.56825938566553	-19.090715048025615
1717	-143.69453924914674	91.04802561366063
1741	-445.7423208191126	-101.90821771611527
1767	-332.2610921501706	-115.56883671291357
1794	-29.360068259385663	64.58057630736393
1819	-29.360068259385663	64.58057630736393
1849	-212.80716723549486	-4.576307363927428
1876	-321.1689419795222	23.59871931696905
1902	-349.32593856655285	-6.283884738527214
1930	-346.76621160409553	-155.69690501600854
1963	-385.16211604095565	-139.4749199573106
1991	-262.2952218430034	-92.51654215581644
2020	-300.69112627986345	-161.6734258271078
2047	-500.34982935153585	-60.926360725720386
2076	-413.3191126279863	21.891141942369263
2103	-234.13822525597266	-92.51654215581644
2131	-164.17235494880546	-199.2401280683031
2159	-164.17235494880546	-199.2401280683031
2182	-207.6877133105802	-264.9818569903949
2208	-25.0938566552901	-135.20597652081113
2231	-226.45904436860064	-167.64994663820704
2255	-124.06996587030716	-171.06510138740663
2279	-248.64334470989758	-124.96051227321239
2302	-43.01194539249146	-89.95517609391676
2325	-43.01194539249146	-89.95517609391676
2348	-314.34300341296927	-172.77267876200642
2371	-296.42491467576787	-113.86125933831377
2395	-20.827645051194537	-273.51974386339384
2417	-47.27815699658703	-224.00000000000003
2440	-116.39078498293514	-98.49306296691569
2467	95.21331058020478	28.72145144076841
2494	172.00511945392492	83.36392742796158
2517	172.00511945392492	83.36392742796158
2542	45.725255972696246	-14.821771611526147
2567	-17.414675767918084	-323.8932764140875
2592	-79.70136518771331	-334.9925293489862
2616	-263.1484641638225	-177.04162219850588
2640	-100.17918088737201	-282.05763073639275
2663	-77.14163822525596	-78.00213447171825
2686	-39.598976109215016	12.49946638207044
2731	265.00853242320824	13.353255069370332
2756	97.77303754266212	62.01921024546425
2779	-63.48976109215017	-223.1462113127001
2803	-142.84129692832764	-173.6264674493063
2826	-142.84129692832764	-173.6264674493063
2850	-116.39078498293514	-322.18569903948776
2875	-223.89931740614333	-372.5592315901814
2899	-10.588737201365184	-320.47812166488796
2921	-10.588737201365184	-320.47812166488796
2943	-74.58191126279863	-206.92422625400212
2966	-8.88225255972696	-237.6606189967983
2989	210.40102389078498	-52.388473852721454
3011	-113.83105802047781	-186.4332977588047
3034	32.92662116040956	-236.80683030949842
3067	31.220136518771334	-307.67129135538954
3095	119.10409556313994	-316.2091782283885
3118	119.10409556313994	-316.2091782283885
3140	60.230375426621166	-153.13553895410888
3163	303.4044368600683	161.05869797225185
3184	134.46245733788396	-41.28922091782284
3208	313.64334470989763	143.1291355389541
3231	258.18259385665533	199.47918890074706
3252	295.7252559726963	155.9359658484525
3277	352.89249146757686	248.14514407684095
3303	250.5034129692833	224.23906083244395
3327	250.5034129692833	224.23906083244395
3351	523.5409556313994	381.33617929562433
3376	415.17918088737207	305.34898612593383
3398	540.6058020477816	301.93383137673425
3421	270.12798634812293	-170.21131270010673
3443	602.8924914675769	281.4429028815368
3466	611.424914675768	202.04055496264672
3489	611.424914675768	202.04055496264672
3511	271.8344709897611	359.1376734258271
3535	216.37372013651878	-43.850586979722515
3557	294.018771331058	-100.20064034151548
3581	485.9982935153584	272.90501600853787
3603	471.4931740614335	338.64674493062967
3625	471.4931740614335	338.64674493062967
3651	385.3156996587031	48.35859124866595
3676	621.6638225255973	317.30202774813233
3703	644.7013651877133	384.7513340448239
3737	611.424914675768	368.5293489861259
3761	611.424914675768	368.5293489861259
3786	484.29180887372013	266.0747065101387
3809	441.62969283276453	334.3778014941302
3831	670.2986348122867	388.16648879402345
3854	670.2986348122867	388.16648879402345
3880	687.363481228669	384.7513340448239
3905	552.5511945392492	220.82390608324437
3934	236.8515358361775	-200.94770544290287
3965	410.0597269624574	52.62753468516542
3991	410.0597269624574	52.62753468516542
4018	485.9982935153584	16.768409818569904
4045	422.8583617747441	196.06403415154747
4072	498.7969283276451	85.92529348986126
4102	403.23378839590447	11.645677694770546
4132	648.9675767918089	180.6958377801494
4159	511.5955631399318	134.59124866595516
4189	723.1996587030717	415.48772678762003
4221	311.9368600682594	-137.7673425827108
4251	435.65699658703073	195.21024546424758
4284	-12.29522184300341	105.5624332977588
4316	-103.59215017064847	280.5891141942369
4342	-52.39761092150171	190.08751334044823
4368	-31.919795221843003	311.3255069370331
4394	-31.919795221843003	311.3255069370331
4419	-96.76621160409556	173.01173959445035
4447	-217.92662116040955	123.49199573105656
4475	-183.79692832764505	361.6990394877268
4503	-33.62627986348122	380.4823906083244
4529	-33.62627986348122	380.4823906083244
4552	17.568259385665534	438.54002134471716
4579	-187.2098976109215	180.6958377801494
4605	-63.48976109215017	221.6776947705443
4629	26.100682593856657	370.2369263607257
4655	-238.40443686006824	164.47385272145144
4683	-76.28839590443685	80.8025613660619
4712	82.4146757679181	272.05122732123795
4741	113.13139931740615	182.40341515474918
4771	92.65358361774744	194.35645677694768
4799	26.95392491467577	187.52614727854854
4830	-63.48976109215017	338.64674493062967
4869	101.18600682593856	171.30416221985055
4899	177.9778156996587	360.84525080042687
4932	186.51023890784984	273.7588046958378
4959	217.2269624573379	369.38313767342584
4987	136.16894197952217	365.96798292422625
5013	38.04607508532423	45.797225186766276
5039	-125.77645051194538	97.02454642475988
5071	203.57508532423208	51.773745997865525
5100	213.81399317406144	406.0960512273212
5127	188.21672354948808	470.9839914621131
5159	220.63993174061437	203.74813233724655
5190	278.660409556314	268.6360725720384
5216	272.68771331058025	430.8559231590182
5245	333.26791808873725	160.20490928495198
5277	200.16211604095562	350.59978655282816
5305	197.6023890784983	239.60725720384204
5335	439.92320819112626	294.2497331910352
5364	497.943686006826	254.97545357524012
5393	497.943686006826	254.97545357524012
5420	610.5716723549488	330.1088580576307
5453	451.01535836177476	356.5763073639274
5485	391.28839590443687	282.2966915688367
5515	573.0290102389079	289.98078975453575
5544	523.5409556313994	272.90501600853787
5569	368.25085324232083	244.7299893276414
5596	395.55460750853246	332.6702241195304
5621	-78.8481228668942	328.40128068303096
5650	-88.23378839590443	201.18676627534686
5675	44.018771331058026	260.09818569903945
5701	-306.66382252559725	-9.699039487726788
5724	-347.6194539249147	94.46318036286019
5749	180.53754266211604	400.9733191035219
5771	-159.9061433447099	200.33297758804696
5796	-159.9061433447099	200.33297758804696
5818	-182.09044368600684	171.30416221985055
5842	32.92662116040956	248.14514407684095
5865	-232.43174061433444	58.60405549626467
5887	-216.22013651877134	33.84418356456777
5911	-287.03924914675764	243.87620064034152
5933	-126.62969283276452	180.6958377801494
5959	-126.62969283276452	180.6958377801494
5988	-362.12457337883956	-29.336179295624333
6014	-216.22013651877134	371.0907150480256
6053	-260.5887372013652	15.914621131270012
6081	-310.07679180887374	378.7748132337247
6111	-195.74232081911265	340.35432230522946
6135	-143.69453924914674	385.6051227321238
6161	-143.69453924914674	385.6051227321238
6185	-11.441979522184297	471.837780149413
6208	-42.158703071672356	303.64140875133404
6232	-280.2133105802048	306.2027748132337
6256	-280.2133105802048	306.2027748132337
6283	-77.14163822525596	367.67556029882604
6316	-87.38054607508532	220.82390608324437
6341	-37.039249146757676	386.45891141942366
6364	-118.09726962457337	291.68836712913554
6388	-118.09726962457337	291.68836712913554
6413	27.807167235494884	280.5891141942369
6436	87.53412969283276	288.27321237993596
6461	15.861774744027308	273.7588046958378
6485	-11.441979522184297	229.3617929562433
6512	135.31569965870307	223.38527214514406
6538	-51.544368600682596	300.22625400213445
6562	-51.544368600682596	300.22625400213445
6586	-75.43515358361775	224.23906083244395
6609	325.58873720136523	487.20597652081113
6636	196.74914675767917	420.61045891141936
6670	104.59897610921502	382.1899679829242
6694	104.59897610921502	382.1899679829242
6742	-62.636518771331055	-199.2401280683031
6767	-2.0563139931740584	-128.37566702241196
6793	-46.424914675767916	-212.90074706510137
6817	-150.52047781569965	-231.68409818569904
6841	-43.865187713310576	-55.80362860192103
6866	-101.03242320819113	-120.69156883671293
6892	-101.03242320819113	-120.69156883671293
6916	311.9368600682594	388.16648879402345
6942	326.44197952218434	307.9103521878335
6969	253.0631399317406	359.991462113127
6994	253.0631399317406	359.991462113127
7023	15.861774744027308	-219.73105656350054
7050	211.2542662116041	-67.75667022411953
7074	225.75938566552904	-49.82710779082177
7107	347.77303754266217	-6.283884738527214
7140	486.8515358361775	143.1291355389541
7163	270.98122866894204	90.19423692636073
7188	344.3600682593857	-16.52934898612593
7212	195.04266211604096	-48.119530416221984
7237	410.0597269624574	154.2283884738527
7271	212.9607508532423	-25.92102454642476
7295	212.9607508532423	-25.92102454642476
7323	417.7389078498294	-33.605122732123796
7348	221.49317406143348	-37.874066168623266
7373	435.65699658703073	180.6958377801494
7398	451.01535836177476	77.38740661686234
7422	549.1382252559728	427.44076840981853
7446	329.00170648464166	301.93383137673425
7468	480.8788395904437	383.0437566702241
7491	462.96075085324236	293.3959445037353
7515	559.377133105802	510.25827107790815
7540	549.9914675767918	353.1611526147278
7564	460.40102389078504	305.34898612593383
7586	590.0938566552901	358.2838847385272
7610	681.3907849829352	338.64674493062967
7638	621.6638225255973	416.34151547491996
7663	280.36689419795226	-6.283884738527214
7689	404.9402730375427	183.25720384204908
7719	513.30204778157	283.15048025613663
7747	512.4488054607509	219.97011739594447
7777	394.7013651877133	225.94663820704372
7804	299.9914675767918	-79.70971184631803
7833	450.1621160409557	-38.72785485592316
7871	331.561433447099	3.107790821771612
7903	340.09385665529015	-61.78014941302028
7936	592.6535836177475	385.6051227321238
7964	547.4317406143346	289.1270010672359
7989	458.69453924914677	245.5837780149413
8017	559.377133105802	277.1739594450373
8044	709.5477815699659	400.119530416222
8074	398.1143344709898	83.36392742796158
8103	280.36689419795226	67.9957310565635
8130	590.0938566552901	389.0202774813234
8157	698.4556313993174	420.61045891141936
8184	415.17918088737207	70.55709711846319
8210	243.6774744027304	-125.8143009605123
8239	-239.25767918088732	-101.90821771611527
8265	-239.25767918088732	-101.90821771611527
8292	-129.18941979522182	-61.78014941302028
8318	79.85494880546075	189.23372465314833
8343	-176.11774744027304	27.86766275346852
8372	108.86518771331058	266.9284951974386
8401	-107.85836177474403	121.78441835645677
8429	-107.85836177474403	121.78441835645677
8472	-133.4556313993174	252.41408751334043
8500	-84.82081911262799	-210.3393810032017
8527	-84.82081911262799	-210.3393810032017
8552	-188.0631399317406	-44.70437566702241
8584	-172.70477815699658	172.15795090715048
8613	-95.91296928327644	265.2209178228388
8639	-95.91296928327644	217.4087513340448
8667	-218.77986348122863	119.22305229455708
8694	-218.77986348122863	119.22305229455708
8724	15.008532423208194	114.10032017075773
8749	-38.7457337883959	409.51120597652084
8782	-62.636518771331055	141.4215581643543
8812	-61.78327645051195	41.52828175026681
8837	11.595563139931743	244.7299893276414
8865	119.10409556313994	239.60725720384204
8896	156.6467576791809	414.63393810032017
8924	235.9982935153584	303.64140875133404
8951	-79.70136518771331	-54.09605122732124
8978	253.0631399317406	367.67556029882604
9008	38.89931740614335	386.45891141942366
9035	262.44880546075086	283.15048025613663
9067	100.33276450511946	279.73532550693704
9105	327.2952218430034	322.4247598719317
9139	246.23720136518773	171.30416221985055
9167	205.2815699658703	237.04589114194238
9196	185.65699658703073	369.38313767342584
9226	230.87883959044373	315.59445037353254
9256	232.58532423208194	197.77161152614727
9284	294.8720136518771	359.1376734258271
9312	242.82423208191128	252.41408751334043
9342	86.68088737201366	301.0800426894344
9368	424.56484641638224	167.0352187833511
9394	430.5375426621161	197.77161152614727
9419	218.080204778157	242.1686232657417
9441	501.3566552901024	366.8217716115261
9465	501.3566552901024	366.8217716115261
9495	336.6808873720137	209.7246531483458
9523	280.36689419795226	257.5368196371398
9548	235.14505119453926	187.52614727854854
9571	168.59215017064847	212.28601921024546
9597	55.9641638225256	143.98292422625397
9623	186.51023890784984	295.10352187833513
9656	278.660409556314	304.4951974386339
9683	206.98805460750856	419.7566702241195
9707	225.75938566552904	251.56029882604054
9731	196.74914675767917	296.81109925293487
9755	423.7116040955632	266.0747065101387
9778	340.94709897610926	309.6179295624333
9801	340.94709897610926	309.6179295624333
9824	333.26791808873725	314.7406616862326
9849	292.3122866894198	274.61259338313766
9873	414.3259385665529	283.15048025613663
9897	414.3259385665529	283.15048025613663
9921	474.0529010238908	239.60725720384204
9945	375.0767918088738	252.41408751334043
9976	406.6467576791809	224.23906083244395
10003	438.2167235494881	349.7459978655283
10027	470.6399317406144	266.9284951974386
10051	296.5784982935154	127.76093916755602
10073	559.377133105802	318.1558164354322
10098	559.377133105802	318.1558164354322
10123	445.8959044368601	232.7769477054429
10147	476.6126279863481	272.05122732123795
10172	392.99488054607514	323.2785485592316
10196	348.6262798634813	319.0096051227321
10221	203.57508532423208	361.6990394877268
10256	368.25085324232083	247.29135538954105
10280	424.56484641638224	441.1013874066168
10302	435.65699658703073	324.13233724653145
10325	419.4453924914676	321.5709711846318
10350	453.57508532423213	406.9498399146211
10372	467.2269624573379	289.1270010672359
10395	573.882252559727	301.0800426894344
10418	414.3259385665529	324.9861259338314
10445	529.5136518771332	210.57844183564563
10473	665.179180887372	290.8345784418356
10496	665.179180887372	290.8345784418356
10520	334.12116040955635	126.90715048025612
10544	381.90273037542664	184.96478121664887
10567	381.90273037542664	184.96478121664887
10589	426.2713310580205	279.73532550693704
10613	551.6979522184301	275.46638207043753
10636	538.0460750853242	212.28601921024546
10661	538.0460750853242	212.28601921024546
10684	296.5784982935154	-13.967982924226256
10707	276.1006825938567	4.815368196371399
10732	412.61945392491475	47.50480256136606
10757	468.08020477815705	206.3094983991462
10779	742.8242320819113	292.5421558164354
10803	480.8788395904437	338.64674493062967
10826	358.0119453924915	176.42689434364993
10857	441.62969283276453	211.43223052294556
10888	729.1723549488055	525.6264674493063
10914	677.9778156996588	431.709711846318
10938	742.8242320819113	432.56350053361797
10975	673.7116040955632	353.1611526147278
11021	631.0494880546075	455.61579509071504
11048	652.3805460750854	319.0096051227321
11072	611.424914675768	334.3778014941302
11097	664.325938566553	320.7171824973319
11120	559.377133105802	109.83137673425827
11144	537.1928327645052	180.6958377801494
11167	537.1928327645052	180.6958377801494
11190	641.2883959044369	305.34898612593383
11219	384.46245733788396	404.38847385272146
11242	283.7798634812287	-111.2998932764141
11265	562.7901023890786	257.5368196371398
11288	448.45563139931744	141.4215581643543
11310	611.424914675768	202.89434364994662
11335	611.424914675768	202.89434364994662
11359	510.74232081911265	192.64887940234792
11383	641.2883959044369	493.1824973319103
11409	675.4180887372014	278.0277481323372
11435	339.240614334471	-137.7673425827108
11474	657.5	69.7033084311633
11506	773.5409556313994	366.8217716115261
11532	784.6331058020478	362.55282817502666
11562	553.4044368600682	146.5442902881537
11591	540.6058020477816	246.43756670224118
11619	881.9027303754266	398.41195304162216
11643	764.1552901023891	235.33831376734256
11675	630.1962457337884	186.67235859124864
11706	772.6877133105803	328.40128068303096
11733	772.6877133105803	328.40128068303096
11758	648.9675767918089	200.33297758804696
11786	789.7525597269624	511.11205976520813
11817	898.1143344709897	253.26787620064036
11842	308.52389078498294	280.5891141942369
11872	44.87201365187714	84.21771611526148
11897	1.356655290102392	101.29348986125935
11923	-100.17918088737201	82.51013874066169
11951	141.28839590443687	225.09284951974388
11978	-60.076791808873715	265.2209178228388
12006	31.220136518771334	439.39381003201703
12031	-165.02559726962457	389.87406616862324
12063	24.39419795221843	296.81109925293487
12094	-25.0938566552901	205.4557097118463
12125	113.13139931740615	274.61259338313766
12152	84.97440273037543	254.97545357524012
12180	35.4863481228669	99.58591248665955
12206	79.00170648464163	237.89967982924227
12233	230.87883959044373	102.14727854855923
12260	157.5	223.38527214514406
12290	79.00170648464163	331.8164354322305
12320	46.57849829351536	142.2753468516542
12347	144.70136518771332	158.4973319103522
12373	233.43856655290105	260.09818569903945
12399	233.43856655290105	260.09818569903945
12426	-133.4556313993174	51.773745997865525
12457	135.31569965870307	255.82924226254002
12494	175.41808873720134	440.24759871931695
12520	50.844709897610926	195.21024546424758
12544	87.53412969283276	156.7897545357524
12569	87.53412969283276	156.7897545357524
12597	77.29522184300342	120.93062966915686
12629	292.3122866894198	351.45357524012803
12659	-70.31569965870307	132.02988260405547
12691	120.81058020477815	361.6990394877268
12723	-80.55460750853243	93.60939167556029
12756	40.60580204778157	305.34898612593383
12782	17.568259385665534	214.84738527214512
12809	-14.854948805460749	-48.97331910352188
12839	29.513651877133107	313.88687299893274
12867	65.34982935153585	324.9861259338314
12894	122.51706484641639	236.19210245464245
12924	166.03242320819112	280.5891141942369
12957	146.40784982935153	302.7876200640341
12984	165.179180887372	161.91248665955175
13009	208.69453924914677	297.6648879402348
13038	81.56143344709899	-35.31270010672359
13071	81.56143344709899	-35.31270010672359
13096	381.04948805460754	171.30416221985055
13123	537.1928327645052	180.6958377801494
13148	418.5921501706485	306.2027748132337
13175	427.1245733788396	320.7171824973319
13200	369.95733788395904	266.0747065101387
13226	309.37713310580205	226.80042689434364
13259	312.7901023890785	261.8057630736393
13283	299.9914675767918	124.34578441835644
13305	470.6399317406144	294.2497331910352
13328	480.8788395904437	338.64674493062967
13354	397.26109215017067	137.15261472785485
13377	241.9709897610922	-142.89007470651015
13402	451.01535836177476	326.69370330843117
13426	472.3464163822526	191.79509071504802
13449	438.2167235494881	386.45891141942366
13473	398.1143344709898	129.4685165421558
13495	398.1143344709898	129.4685165421558
13519	411.7662116040956	292.5421558164354
13542	548.2849829351536	277.1739594450373
13568	548.2849829351536	277.1739594450373
13592	474.0529010238908	423.17182497331913
13614	608.0119453924915	266.0747065101387
13646	387.87542662116044	255.82924226254002
13674	410.9129692832765	68.8495197438634
13698	517.5682593856656	215.70117395944504
13723	343.5068259385666	229.3617929562433
13746	469.7866894197952	287.41942369263603
13770	469.7866894197952	287.41942369263603
13793	456.98805460750856	251.56029882604054
13817	594.3600682593857	467.56883671291354
13844	504.7696245733788	309.6179295624333
13866	520.981228668942	335.2315901814301
13889	506.47610921501706	430.0021344717182
13913	747.0904436860069	477.8143009605123
13937	747.0904436860069	477.8143009605123
13962	437.36348122866895	233.6307363927428
13985	429.68430034129693	-87.39381003201707
14010	226.61262798634814	32.13660618996798
14034	597.7730375426621	288.27321237993596
14058	275.24744027303757	-84.8324439701174
14086	485.1450511945393	90.19423692636073
14110	519.2747440273038	128.61472785485591
14134	681.3907849829352	371.9445037353255
14158	411.7662116040956	336.08537886872995
14184	126.78327645051196	554.6552828175027
14214	427.1245733788396	548.6787620064034
14235	427.1245733788396	548.6787620064034
14259	417.7389078498294	171.30416221985055
14283	433.9505119453925	21.037353255069373
14306	531.2201365187714	132.8836712913554
14329	531.2201365187714	132.8836712913554
14352	492.8242320819113	61.165421558164354
14377	720.6399317406143	336.9391675560299
14399	485.9982935153584	320.7171824973319
14423	355.4522184300342	323.2785485592316
14460	541.4590443686008	403.53468516542154
14483	398.9675767918089	172.15795090715048
14505	317.05631399317406	169.5965848452508
14531	416.8856655290102	170.45037353255069
14561	635.315699658703	199.47918890074706
14585	635.315699658703	431.709711846318
14609	663.4726962457338	395.8505869797225
14631	799.9914675767918	476.9605122732123
14655	760.7423208191126	509.40448239060834
14680	405.7935153583618	11.645677694770546
14702	406.6467576791809	-26.774813233724654
14726	-76.28839590443685	158.4973319103522
14750	12.448805460750856	380.4823906083244
14774	45.725255972696246	310.47171824973316
14797	-68.60921501706484	304.4951974386339
14821	-229.018771331058	211.43223052294556
14843	62.790102389078505	241.3148345784418
14868	62.790102389078505	241.3148345784418
14891	85.82764505119454	180.6958377801494
14916	7.329351535836181	136.29882604055496
14940	7.329351535836181	136.29882604055496
14963	112.27815699658704	445.37033084311634
14991	29.513651877133107	194.35645677694768
15021	195.04266211604096	226.80042689434364
15045	-147.10750853242322	201.18676627534686
15067	-147.10750853242322	201.18676627534686
15092	123.3703071672355	140.56776947705444
15115	-57.51706484641638	163.62006403415154
15138	25.247440273037547	250.70651013874064
15163	15.008532423208194	227.65421558164354
15186	185.65699658703073	453.0544290288153
15209	-46.424914675767916	244.7299893276414
15237	-46.424914675767916	244.7299893276414
15264	203.57508532423208	427.44076840981853
15292	96.919795221843	128.61472785485591
15321	136.16894197952217	298.51867662753466
15348	357.15870307167233	420.61045891141936
15375	294.8720136518771	188.37993596584843
15440	127.63651877133105	324.13233724653145
15469	82.4146757679181	295.957310565635
15501	183.09726962457339	103.85485592315902
15535	169.4453924914676	214.84738527214512
15564	330.7081911262799	365.96798292422625
15593	147.26109215017067	133.73745997865527
15619	23.54095563139932	188.37993596584843
15661	111.42491467576792	208.01707577374597
15688	259.03583617747444	455.61579509071504
15726	198.4556313993174	433.41728922091784
15751	206.98805460750856	249.85272145144077
15784	378.4897610921502	319.0096051227321
15812	361.4249146757679	359.1376734258271
15846	350.3327645051195	206.3094983991462
15878	344.3600682593857	299.3724653148345
15908	374.22354948805463	450.49306296691566
15936	374.22354948805463	450.49306296691566
15965	392.141638225256	488.91355389541087
15992	592.6535836177475	488.91355389541087
16020	664.325938566553	313.88687299893274
16047	374.22354948805463	123.49199573105656
16095	461.25426621160415	285.7118463180363
16130	451.86860068259386	367.67556029882604
16165	570.4692832764505	450.49306296691566
16197	393.84812286689424	328.40128068303096
16230	444.18941979522185	294.2497331910352
16262	653.2337883959045	329.25506937033083
16291	616.5443686006827	276.32017075773746
16318	544.018771331058	122.63820704375665
16347	570.4692832764505	362.55282817502666
16377	541.4590443686008	344.6232657417289
16409	691.6296928327646	446.2241195304162
16442	404.9402730375427	226.80042689434364
16477	455.28156996587035	248.14514407684095
16505	455.28156996587035	248.14514407684095
16531	584.1211604095563	267.78228388473855
16561	618.2508532423209	345.4770544290288
16595	619.9573378839591	521.3575240128068
16629	628.4897610921502	342.9156883671291
16659	458.69453924914677	386.45891141942366
16687	702.721843003413	438.54002134471716
16722	663.4726962457338	341.2081109925293
16754	539.7525597269624	285.7118463180363
16784	555.1109215017065	259.2443970117396
16821	760.7423208191126	134.59124866595516
16862	571.3225255972698	178.13447171824973
16891	750.5034129692833	307.0565635005336
16923	785.4863481228668	416.34151547491996
16960	787.1928327645052	564.0469583778015
16991	706.9880546075086	500.0128068303095
17018	608.0119453924915	288.27321237993596
17048	-8.88225255972696	208.01707577374597
17076	15.861774744027308	313.0330843116329
17104	15.861774744027308	313.0330843116329
17131	9.035836177474405	294.2497331910352
17158	92.65358361774744	388.16648879402345
17183	-31.919795221843003	484.6446104589115
17207	36.339590443686006	418.9028815368197
17230	-66.90273037542661	284.00426894343644
17256	-53.250853242320815	310.47171824973316
17280	109.7184300341297	290.8345784418356
17304	-75.43515358361775	85.92529348986126
17329	25.247440273037547	365.1141942369263
17354	-81.40784982935153	345.4770544290288
17380	3.063139931740617	248.14514407684095
17408	-27.65358361774744	76.53361792956244
17433	-13.148464163822522	228.50800426894344
17462	62.790102389078505	334.3778014941302
17485	87.53412969283276	386.45891141942366
17509	87.53412969283276	386.45891141942366
17531	8.182593856655293	381.33617929562433
17555	39.75255972696246	314.7406616862326
17580	61.936860068259385	293.3959445037353
17604	61.936860068259385	293.3959445037353
17628	132.75597269624572	439.39381003201703
17653	169.4453924914676	366.8217716115261
17678	-23.387372013651873	447.931696905016
17704	-23.387372013651873	447.931696905016
17737	-89.08703071672355	200.33297758804696
17760	-101.03242320819113	218.2625400213447
17785	111.42491467576792	411.2187833511205
17813	187.36348122866895	324.9861259338314
17836	187.36348122866895	324.9861259338314
17861	200.16211604095562	387.3127001067236
17886	369.95733788395904	413.7801494130203
17910	293.16552901023897	490.62113127001066
17932	293.16552901023897	490.62113127001066
17957	215.52047781569965	296.81109925293487
17981	379.3430034129693	336.9391675560299
18005	379.3430034129693	336.9391675560299
18029	61.08361774744028	266.9284951974386
18063	303.4044368600683	429.1483457844183
18091	267.56825938566556	340.35432230522946
18116	128.4897610921502	283.15048025613663
18143	250.5034129692833	246.43756670224118
18168	341.80034129692837	268.6360725720384
18192	330.7081911262799	219.1163287086446
18216	335.82764505119457	320.7171824973319
18237	369.10409556313994	362.55282817502666
18261	304.2576791808874	524.7726787620063
18285	272.68771331058025	359.991462113127
18309	272.68771331058025	359.991462113127
18333	305.9641638225256	226.80042689434364
18357	268.42150170648466	431.709711846318
18381	166.03242320819112	287.41942369263603
18406	166.03242320819112	287.41942369263603
18431	311.9368600682594	476.9605122732123
18457	522.6877133105803	190.08751334044823
18485	344.3600682593857	307.0565635005336
18513	331.561433447099	468.42262540021346
18536	331.561433447099	468.42262540021346
18561	463.81399317406147	348.89220917822837
18586	302.5511945392492	257.5368196371398
18608	314.49658703071674	238.75346851654214
18639	544.018771331058	447.07790821771613
18664	432.24402730375425	138.86019210245465
18692	504.7696245733788	361.6990394877268
18715	584.1211604095563	191.79509071504802
18741	532.0733788395905	266.0747065101387
18766	428.8310580204778	215.70117395944504
18791	664.325938566553	201.18676627534686
18814	528.660409556314	222.5314834578442
18838	534.6331058020478	210.57844183564563
18861	736.8515358361775	359.991462113127
18885	506.47610921501706	524.7726787620063
18909	506.47610921501706	524.7726787620063
18933	533.7798634812287	436.83244397011737
18958	485.9982935153584	446.2241195304162
18981	666.0324232081911	365.1141942369263
19007	666.0324232081911	365.1141942369263
19031	498.7969283276451	503.42796157950903
19057	583.2679180887372	307.9103521878335
19080	416.0324232081912	204.60192102454639
19105	416.0324232081912	204.60192102454639
19135	731.7320819112629	425.7331910352188
19168	660.9129692832764	467.56883671291354
19193	253.91638225255974	535.0181430096052
19219	15.008532423208194	435.12486659551763
19247	187.36348122866895	435.12486659551763
19274	109.7184300341297	501.7203842049093
19302	104.59897610921502	383.0437566702241
19331	79.85494880546075	397.5581643543223
19358	155.7935153583618	406.9498399146211
19391	76.4419795221843	449.6392742796158
19423	-113.83105802047781	365.1141942369263
19450	182.24402730375428	500.0128068303095
19491	-88.23378839590443	391.58164354322304
19531	-47.27815699658703	546.1173959445036
19564	97.77303754266212	385.6051227321238
19591	-66.90273037542661	468.42262540021346
19618	-94.20648464163823	375.3596584845251
19648	29.513651877133107	505.9893276414088
19679	157.5	439.39381003201703
19709	55.9641638225256	418.9028815368197
19735	-72.0221843003413	373.6520811099253
19763	198.4556313993174	460.73852721451436
19791	61.08361774744028	549.5325506937033
19819	13.30204778156997	677.6008537886872
19850	73.02901023890786	418.9028815368197
19877	26.95392491467577	377.92102454642475
19904	79.00170648464163	634.0576307363928
19932	180.53754266211604	384.7513340448239
19969	154.94027303754265	384.7513340448239
20035	231.7320819112628	418.0490928495197
20072	225.75938566552904	383.0437566702241
20101	461.25426621160415	491.47491995731053
20129	281.22013651877137	459.0309498399146
20162	224.0529010238908	230.2155816435432
20198	244.53071672354952	271.1974386339381
20232	318.7627986348123	179.84204909284952
20261	378.4897610921502	279.73532550693704
20291	239.41126279863485	167.889007470651
20320	533.7798634812287	432.56350053361797
20353	417.7389078498294	330.1088580576307
20381	325.58873720136523	422.3180362860192
20408	369.95733788395904	470.9839914621131
20436	321.32252559726965	124.34578441835644
20481	462.1075085324232	494.0362860192102
20509	462.1075085324232	494.0362860192102
20536	577.2952218430034	428.29455709711846
20569	469.7866894197952	483.7908217716115
20602	672.858361774744	553.8014941302027
20629	558.523890784983	397.5581643543223
20656	536.3395904436861	408.65741728922086
20689	458.69453924914677	303.64140875133404
20723	686.51023890785	363.4066168623266
20756	567.0563139931742	333.5240128068303
20789	587.5341296928328	488.059765208111
20816	831.561433447099	576.0
20849	584.1211604095563	446.2241195304162
20882	824.7354948805461	445.37033084311634
20911	893.8481228668941	533.3105656350053
20938	825.5887372013651	364.26040554962646
20965	644.7013651877133	284.00426894343644
20994	763.30204778157	619.5432230522946
21020	708.6945392491468	476.9605122732123
21048	743.6774744027304	502.57417289220916
21073	626.7832764505121	475.25293489861264
21097	668.5921501706484	356.5763073639274
21121	345.21331058020485	430.8559231590182
21149	-115.53754266211604	386.45891141942366
21175	-72.87542662116041	427.44076840981853
21200	26.100682593856657	445.37033084311634
21225	-136.01535836177476	237.04589114194238
21248	-4.616040955631396	319.863393810032
21272	-65.19624573378839	336.08537886872995
21295	106.30546075085324	570.8772678762007
21317	-179.5307167235495	341.2081109925293
21342	-85.6740614334471	441.1013874066168
21366	-25.947098976109213	354.8687299893276
21392	-18.2679180887372	304.4951974386339
21417	72.17576791808875	493.1824973319103
21447	-200.86177474402731	407.803628601921
21471	-38.7457337883959	490.62113127001066
21497	-156.49317406143345	430.0021344717182
21520	-147.10750853242322	365.1141942369263
21545	-165.8788395904437	318.1558164354322
21572	-240.96416382252556	440.24759871931695
21595	-213.660409556314	389.0202774813234
21619	-85.6740614334471	441.1013874066168
21649	-193.1825938566553	278.8815368196371
21672	-77.14163822525596	241.3148345784418
21696	133.60921501706486	458.1771611526147
21721	14.155290102389081	399.2657417289221
21745	-4.616040955631396	262.6595517609391
21768	0.5034129692832794	280.5891141942369
21790	10.742320819112631	385.6051227321238
21814	-13.148464163822522	423.17182497331913
21837	67.05631399317406	394.9967982924226
21861	117.39761092150171	446.2241195304162
21884	184.8037542662116	423.17182497331913
21906	184.8037542662116	423.17182497331913
21929	48.284982935153586	353.1611526147278
21952	23.54095563139932	521.3575240128068
21976	100.33276450511946	387.3127001067236
22000	85.82764505119454	410.36499466382065
22023	152.38054607508533	533.3105656350053
22047	152.38054607508533	533.3105656350053
22072	-13.148464163822522	237.89967982924227
22097	173.71160409556313	416.34151547491996
22121	95.21331058020478	368.5293489861259
22146	95.21331058020478	368.5293489861259
22175	84.12116040955632	246.43756670224118
22198	150.67406143344712	414.63393810032017
22222	180.53754266211604	351.45357524012803
22249	178.83105802047783	345.4770544290288
22274	178.83105802047783	345.4770544290288
22300	172.85836177474403	463.299893276414
22330	196.74914675767917	429.1483457844183
22354	-68.60921501706484	403.53468516542154
22378	-68.60921501706484	403.53468516542154
22403	34.63310580204779	418.9028815368197
22429	-12.29522184300341	410.36499466382065
22453	29.513651877133107	447.931696905016
22478	29.513651877133107	447.931696905016
22503	148.96757679180888	436.83244397011737
22528	30.366894197952224	499.15901814300963
22552	-101.88566552901024	464.153681963714
22578	-102.73890784982935	522.2113127001066
22602	-174.4112627986348	625.5197438633938
22629	105.45221843003414	742.4887940234792
22663	-247.79010238907847	422.3180362860192
22700	-23.387372013651873	651.1334044823906
22724	-304.1040955631399	495.74386339381
22751	-130.04266211604096	578.5613660618997
22779	-125.77645051194538	668.2091782283885
22804	-220.48634812286684	545.2636072572038
22828	55.110921501706486	547.8249733191035
22853	-48.984641638225256	571.7310565635005
22877	-29.360068259385663	516.2347918890075
22901	-130.89590443686006	394.9967982924226
22926	-269.1211604095563	214.84738527214512
22953	-215.3668941979522	391.58164354322304
22982	-33.62627986348122	552.9477054429028
23008	-61.78327645051195	592.221985058698
23035	-177.82423208191125	344.6232657417289
23061	7.329351535836181	648.5720384204909
23089	-268.2679180887372	-148.86659551760943
23117	28.660409556313997	381.33617929562433
23149	-41.30546075085324	313.0330843116329
23185	-133.4556313993174	406.9498399146211
23214	-161.61262798634812	473.5453575240128
23241	-107.0051194539249	418.9028815368197
23268	-73.72866894197952	523.9188900747065
23296	-110.41808873720137	366.8217716115261
23325	-85.6740614334471	439.39381003201703
23354	-28.50682593856655	443.6627534685165
23381	-28.50682593856655	443.6627534685165
23408	-102.73890784982935	488.059765208111
23436	-112.9778156996587	495.74386339381
23471	8.182593856655293	410.36499466382065
23501	-186.3566552901024	318.1558164354322
23532	-19.12116040955631	586.2454642475986
23562	-117.24402730375427	399.2657417289221
23593	171.1518771331058	601.6136606189968
23622	57.670648464163826	635.7652081109925
23653	164.3259385665529	686.1387406616863
23687	-88.23378839590443	574.2924226254001
23716	73.02901023890786	504.28175026680896
23750	-137.72184300341297	535.871931696905
23782	-137.72184300341297	535.871931696905
23811	-17.414675767918084	511.11205976520813
23840	70.46928327645051	437.6862326574173
23874	-10.588737201365184	564.9007470651013
23906	-14.854948805460749	612.7129135538954
23938	-26.800341296928323	424.025613660619
23971	32.92662116040956	454.76200640341517
24003	150.67406143344712	658.8175026680897
24037	140.43515358361773	570.0234791889008
24070	-39.598976109215016	560.6318036286019
24099	54.25767918088738	668.2091782283885
24128	51.69795221843004	581.9765208110992
24159	169.4453924914676	445.37033084311634
24191	78.14846416382252	576.8537886872998
24225	172.00511945392492	570.0234791889008
24260	167.73890784982936	620.3970117395944
24289	276.1006825938567	426.58697972251866
24319	126.78327645051196	355.72251867662754
24348	96.919795221843	353.1611526147278
24380	131.0494880546075	305.34898612593383
24415	336.6808873720137	482.9370330843116
24447	248.79692832764508	534.1643543223051
24481	253.0631399317406	537.5795090715048
24511	299.1382252559727	415.48772678762003
24541	311.0836177474403	596.4909284951974
24569	267.56825938566556	421.46424759871934
24599	243.6774744027304	496.59765208110997
24631	187.36348122866895	475.25293489861264
24668	232.58532423208194	531.6029882604055
24707	329.85494880546077	488.91355389541087
24788	339.240614334471	558.9242262540022
24819	345.21331058020485	488.91355389541087
24851	271.8344709897611	425.7331910352188
24885	404.0870307167236	588.8068303094984
24918	412.61945392491475	437.6862326574173
24952	476.6126279863481	640.034151547492
24980	476.6126279863481	640.034151547492
25015	457.84129692832767	655.4023479188901
25043	497.09044368600684	629.7886872998932
25069	442.48293515358364	593.0757737459978
25096	539.7525597269624	488.059765208111
25121	404.0870307167236	552.9477054429028
25148	404.0870307167236	552.9477054429028
25173	485.1450511945393	131.1760939167556
25204	586.6808873720137	558.9242262540022
25231	555.1109215017065	526.4802561366062
25268	600.3327645051195	522.2113127001066
25296	633.6092150170649	635.7652081109925
25323	613.1313993174061	685.2849519743863
25348	503.91638225255974	410.36499466382065
25376	433.9505119453925	480.37566702241196
25403	608.8651877133107	641.7417289220917
25429	667.7389078498294	554.6552828175027
25453	634.462457337884	493.1824973319103
25478	695.0426621160409	635.7652081109925
25505	721.4931740614335	620.3970117395944
25530	662.6194539249148	553.8014941302027
25558	819.6160409556314	560.6318036286019
25588	607.1587030716724	562.3393810032017
25613	659.2064846416382	545.2636072572038
25638	741.117747440273	638.3265741728922
25663	459.5477815699659	468.42262540021346
25688	151.5273037542662	599.0522945570971
25715	151.5273037542662	599.0522945570971
25742	26.95392491467577	451.3468516542155
25769	77.29522184300342	465.0074706510138
25792	265.00853242320824	609.2977588046958
25818	219.78668941979527	551.2401280683031
25852	107.15870307167236	461.5923159018143
25877	210.40102389078498	448.78548559231587
25903	-16.561433447098974	592.221985058698
25927	154.08703071672355	465.8612593383138
25952	90.0938566552901	546.9711846318037
25977	132.75597269624572	553.8014941302027
26003	79.85494880546075	546.9711846318037
26028	189.06996587030716	405.24226254002133
26055	116.5443686006826	453.9082177161153
26080	116.5443686006826	453.9082177161153
26105	316.20307167235495	694.6766275346852
26130	171.1518771331058	630.6424759871932
26156	183.09726962457339	593.0757737459978
26183	85.82764505119454	447.931696905016
26211	177.1245733788396	674.1856990394878
26236	49.99146757679181	586.2454642475986
26261	75.58873720136519	543.556029882604
26287	-14.854948805460749	400.9733191035219
26311	72.17576791808875	542.7022411953042
26338	-24.240614334470987	443.6627534685165
26366	135.31569965870307	581.1227321237993
26393	125.93003412969284	581.1227321237993
26418	-121.51023890784982	452.2006403415155
26453	119.10409556313994	652.8409818569904
26481	96.919795221843	537.5795090715048
26508	52.551194539249146	390.72785485592317
26532	36.339590443686006	704.068303094984
26562	-63.48976109215017	522.2113127001066
26589	120.81058020477815	493.1824973319103
26615	93.50682593856656	622.1045891141943
26640	-9.735494880546073	565.7545357524012
26666	-82.26109215017065	636.6189967982924
26691	-36.18600682593856	436.83244397011737
26715	61.08361774744028	745.0501600853789
26743	-141.98805460750853	548.6787620064034
26769	-212.80716723549486	357.43009605122734
26793	30.366894197952224	649.4258271077908
26818	-52.39761092150171	332.6702241195304
26843	-65.19624573378839	628.0811099252935
26869	-147.10750853242322	333.5240128068303
26893	-66.90273037542661	657.1099252934898
26919	-37.039249146757676	585.3916755602988
26944	-155.63993174061432	231.92315901814297
26970	-92.5	220.82390608324437
27002	-42.158703071672356	269.4898612593383
27033	-8.029010238907846	483.7908217716115
27070	-60.93003412969283	660.5250800426894
27104	42.3122866894198	663.940234791889
27130	-95.91296928327644	331.8164354322305
27158	-42.158703071672356	327.54749199573104
27186	-159.05290102389077	374.50586979722516
27220	-41.30546075085324	407.803628601921
27253	15.861774744027308	490.62113127001066
27282	-58.370307167235495	551.2401280683031
27311	-187.2098976109215	640.8879402347919
27343	68.76279863481228	651.1334044823906
27373	-79.70136518771331	420.61045891141936
27407	173.71160409556313	320.7171824973319
27437	49.1382252559727	438.54002134471716
27467	31.220136518771334	380.4823906083244
27501	30.366894197952224	371.0907150480256
27534	88.38737201365188	512.8196371398078
27568	1.356655290102392	371.9445037353255
27596	162.61945392491467	513.6734258271078
27626	116.5443686006826	549.5325506937033
27657	128.4897610921502	497.45144076840984
27692	-6.322525597269622	236.19210245464245
27724	-20.827645051194537	190.94130202774812
27754	155.7935153583618	383.0437566702241
27784	155.7935153583618	383.0437566702241
27814	20.981228668941984	366.8217716115261
27846	70.46928327645051	441.9551760939167
27878	201.86860068259386	418.9028815368197
27910	158.35324232081913	416.34151547491996
27942	211.2542662116041	298.51867662753466
27978	169.4453924914676	220.82390608324437
28009	81.56143344709899	393.28922091782283
28039	125.07679180887371	280.5891141942369
28068	190.7764505119454	519.649946638207
28104	100.33276450511946	234.4845250800427
28133	152.38054607508533	349.7459978655283
28167	238.55802047781572	167.0352187833511
28197	172.00511945392492	313.88687299893274
28229	315.3498293515359	248.14514407684095
28271	214.66723549488054	262.6595517609391
28297	304.2576791808874	295.957310565635
28332	206.98805460750856	255.82924226254002
28363	268.42150170648466	340.35432230522946
28396	363.1313993174062	438.54002134471716
28431	366.5443686006826	153.3745997865528
28467	302.5511945392492	238.75346851654214
28493	466.3737201365188	605.0288153681963
28519	466.3737201365188	605.0288153681963
28554	218.080204778157	189.23372465314833
28585	218.080204778157	189.23372465314833
28622	542.3122866894198	581.1227321237993
28655	363.9846416382253	453.0544290288153
28685	352.0392491467577	132.02988260405547
28718	383.60921501706486	152.52081109925294
28751	382.7559726962458	77.38740661686234
28784	425.4180887372014	650.2796157950906
28815	544.8720136518772	458.1771611526147
28855	496.23720136518773	582.8303094983992
28890	493.6774744027304	503.42796157950903
28921	55.110921501706486	614.4204909284952
28949	294.8720136518771	197.77161152614727
28979	233.43856655290105	279.73532550693704
29010	260.74232081911265	575.1462113127001
29037	186.51023890784984	531.6029882604055
29064	183.09726962457339	492.32870864461046
29091	108.86518771331058	603.3212379935966
29118	124.22354948805462	505.9893276414088
29145	384.46245733788396	447.931696905016
29172	325.58873720136523	640.034151547492
29200	288.8993174061434	438.54002134471716
29226	200.16211604095562	447.07790821771613
29258	219.78668941979527	517.9423692636072
29285	191.6296928327645	536.7257203842049
29312	98.62627986348123	419.7566702241195
29338	111.42491467576792	109.83137673425827
29367	325.58873720136523	383.0437566702241
29392	358.0119453924915	471.837780149413
29442	428.8310580204778	478.66808964781217
29474	297.43174061433444	233.6307363927428
29503	250.5034129692833	447.07790821771613
29529	262.44880546075086	402.68089647812167
29554	289.7525597269625	441.9551760939167
29580	163.4726962457338	336.9391675560299
29610	226.61262798634814	552.9477054429028
29637	364.83788395904435	544.4098185699039
29664	447.60238907849833	639.1803628601921
29693	475.75938566552907	546.9711846318037
29719	516.7150170648465	532.4567769477054
29747	439.92320819112626	488.91355389541087
29772	434.8037542662116	435.9786552828175
29798	249.6501706484642	149.10565635005335
29825	501.3566552901024	542.7022411953042
29859	588.3873720136519	385.6051227321238
29888	469.7866894197952	319.863393810032
29912	381.04948805460754	220.82390608324437
29937	312.7901023890785	190.08751334044823
29962	428.8310580204778	248.99893276414087
29987	428.8310580204778	248.99893276414087
30014	537.1928327645052	238.75346851654214
30056	806.8174061433448	623.812166488794
30081	806.8174061433448	623.812166488794
30105	659.2064846416382	453.9082177161153
30129	523.5409556313994	300.22625400213445
30163	618.2508532423209	432.56350053361797
30194	677.1245733788396	380.4823906083244
30222	631.9027303754267	428.29455709711846
30248	705.2815699658703	422.3180362860192
30275	667.7389078498294	345.4770544290288
30302	735.1450511945393	394.9967982924226
30325	577.2952218430034	435.9786552828175
30350	861.424914675768	663.940234791889
30375	747.9436860068259	330.9626467449306
30401	747.0904436860069	437.6862326574173
30425	689.9232081911263	549.5325506937033
30449	920.2986348122865	576.0
30474	663.4726962457338	440.24759871931695
30499	793.165529010239	482.0832443970117
30523	765.8617747440272	483.7908217716115
30549	788.0460750853242	508.55069370330847
30574	966.3737201365187	523.9188900747065
30600	758.1825938566553	396.7043756670224
30626	817.0563139931742	349.7459978655283
30656	425.4180887372014	584.5378868729989
30680	408.35324232081916	422.3180362860192
30706	-118.95051194539249	556.3628601921025
30730	-211.10068259385665	490.62113127001066
30756	81.56143344709899	458.1771611526147
30780	99.47952218430034	500.86659551760937
30807	-230.72525597269623	546.9711846318037
30833	-46.424914675767916	564.9007470651013
30859	43.165529010238906	423.17182497331913
30885	43.165529010238906	423.17182497331913
30910	65.34982935153585	591.3681963713981
30934	-14.001706484641636	540.9946638207043
30961	70.46928327645051	581.1227321237993
30991	112.27815699658704	403.53468516542154
31016	112.27815699658704	403.53468516542154
31047	118.25085324232082	518.7961579509072
31075	166.03242320819112	553.8014941302027
31107	103.74573378839591	618.6894343649947
31139	214.66723549488054	546.1173959445036
31172	58.52389078498293	394.14300960512276
31200	209.54778156996588	529.8954108858057
31233	227.46587030716725	446.2241195304162
31273	166.03242320819112	470.1302027748132
31302	145.5546075085324	461.5923159018143
31332	317.05631399317406	506.8431163287086
31361	456.98805460750856	488.059765208111
31388	378.4897610921502	457.32337246531483
31419	237.7047781569966	477.8143009605123
31450	435.65699658703073	500.0128068303095
31480	404.9402730375427	558.9242262540022
31508	445.042662116041	462.44610458911416
31538	390.4351535836178	369.38313767342584
31567	230.87883959044373	348.0384204909285
31598	242.82423208191128	439.39381003201703
31629	438.2167235494881	308.76414087513336
31662	306.8174061433447	328.40128068303096
31696	292.3122866894198	320.7171824973319
31726	462.96075085324236	502.57417289220916
31758	468.93344709897616	481.22945570971183
31788	468.93344709897616	481.22945570971183
31819	422.0051194539249	506.8431163287086
31857	447.60238907849833	513.6734258271078
31891	524.3941979522184	456.46958377801496
31924	201.01535836177476	339.50053361792953
31957	574.7354948805461	465.0074706510138
31991	711.2542662116041	725.4130202774813
32029	666.0324232081911	535.871931696905
32062	612.2781569965871	399.2657417289221
32089	612.2781569965871	399.2657417289221
32119	619.1040955631399	441.1013874066168
32150	519.2747440273038	459.0309498399146
32182	621.6638225255973	485.49839914621134
32217	593.5068259385666	466.71504802561367
32248	524.3941979522184	312.17929562433295
32283	595.2133105802047	472.69156883671286
32314	672.005119453925	510.25827107790815
32343	650.674061433447	470.9839914621131
32373	891.2883959044368	552.093916755603
32403	731.7320819112629	422.3180362860192
32434	805.9641638225256	548.6787620064034
32463	602.0392491467577	555.5090715048025
32507	90.0938566552901	496.59765208110997
32538	6.476109215017067	441.9551760939167
32565	-7.175767918088734	518.7961579509072
32599	100.33276450511946	562.3393810032017
32627	-101.03242320819113	523.0651013874067
32656	-101.03242320819113	523.0651013874067
32687	65.34982935153585	572.5848452508004
32717	62.790102389078505	444.51654215581647
32751	176.27133105802048	503.42796157950903
32786	-118.95051194539249	493.1824973319103
32820	-44.71843003412969	518.7961579509072
32851	78.14846416382252	427.44076840981853
32882	89.24061433447099	552.093916755603
32912	-118.09726962457337	416.34151547491996
32939	-39.598976109215016	551.2401280683031
32966	-83.96757679180887	377.0672358591248
32992	300.844709897611	511.11205976520813
33018	304.2576791808874	430.0021344717182
33047	93.50682593856656	513.6734258271078
33075	159.2064846416382	509.40448239060834
33101	124.22354948805462	435.12486659551763
33127	224.0529010238908	479.52187833511204
33159	137.87542662116041	339.50053361792953
33186	137.87542662116041	339.50053361792953
33211	269.27474402730377	506.8431163287086
33240	38.04607508532423	443.6627534685165
33268	127.63651877133105	413.7801494130203
33296	61.08361774744028	534.1643543223051
33322	61.08361774744028	534.1643543223051
33349	147.26109215017067	457.32337246531483
33374	3.9163822525597296	413.7801494130203
33400	72.17576791808875	540.9946638207043
33424	-10.588737201365184	471.837780149413
33449	177.1245733788396	595.6371398078975
33475	217.2269624573379	530.7491995731057
33500	-60.93003412969283	529.0416221985058
33524	-60.93003412969283	529.0416221985058
33550	-43.01194539249146	400.9733191035219
33576	-102.73890784982935	311.3255069370331
33600	37.19283276450512	459.0309498399146
33624	37.19283276450512	459.0309498399146
33658	35.4863481228669	502.57417289220916
33684	26.100682593856657	462.44610458911416
33709	-136.01535836177476	633.2038420490928
33735	-269.1211604095563	548.6787620064034
33761	-229.8720136518771	492.32870864461046
33786	-229.8720136518771	492.32870864461046
33814	-267.414675767918	501.7203842049093
33839	138.72866894197952	650.2796157950906
33863	-102.73890784982935	718.5827107790822
33888	-205.12798634812287	600.7598719316969
33913	25.247440273037547	497.45144076840984
33938	-42.158703071672356	583.684098185699
33964	-8.88225255972696	459.0309498399146
33988	-15.70819112627986	412.0725720384205
34014	-66.04948805460751	593.0757737459978
34038	-107.0051194539249	538.4332977588047
34063	-25.0938566552901	535.871931696905
34086	-25.0938566552901	535.871931696905
34112	-48.984641638225256	505.9893276414088
34138	184.8037542662116	470.1302027748132
34166	212.10750853242322	467.56883671291354
34202	122.51706484641639	635.7652081109925
34247	230.0255972696246	535.871931696905
34276	54.25767918088738	495.74386339381
34302	63.64334470989762	564.9007470651013
34333	129.3430034129693	483.7908217716115
34359	327.2952218430034	508.55069370330847
34383	294.8720136518771	500.0128068303095
34409	152.38054607508533	574.2924226254001
34435	199.30887372013652	577.7075773745997
34462	175.41808873720134	410.36499466382065
34491	175.41808873720134	410.36499466382065
34518	95.21331058020478	603.3212379935966
34543	223.19965870307172	516.2347918890075
34568	495.3839590443686	529.8954108858057
34592	319.61604095563143	475.25293489861264
34618	570.4692832764505	447.07790821771613
34643	239.41126279863485	381.33617929562433
34668	354.598976109215	403.53468516542154
34692	354.598976109215	403.53468516542154
34717	427.9778156996587	394.14300960512276
34743	334.12116040955635	286.56563500533616
34767	420.29863481228676	400.119530416222
34792	430.5375426621161	349.7459978655283
34815	368.25085324232083	319.863393810032
34843	318.7627986348123	534.1643543223051
34869	378.4897610921502	427.44076840981853
34900	460.40102389078504	402.68089647812167
34925	409.20648464163827	427.44076840981853
34955	288.8993174061434	434.2710779082177
34980	346.919795221843	447.931696905016
35010	353.7457337883959	342.06189967982925
35043	520.981228668942	397.5581643543223
35070	250.5034129692833	339.50053361792953
35100	511.5955631399318	389.0202774813234
35132	336.6808873720137	260.9519743863394
35159	336.6808873720137	260.9519743863394
35190	296.5784982935154	279.73532550693704
35223	516.7150170648465	245.5837780149413
35256	319.61604095563143	138.00640341515472
35290	435.65699658703073	417.1953041622198
35324	239.41126279863485	382.1899679829242
35353	532.0733788395905	375.3596584845251
35380	451.01535836177476	341.2081109925293
35406	402.3805460750853	348.0384204909285
35440	498.7969283276451	339.50053361792953
35477	555.1109215017065	182.40341515474918
35504	457.84129692832767	347.1846318036286
35532	449.30887372013655	396.7043756670224
35561	417.7389078498294	373.6520811099253
35589	459.5477815699659	416.34151547491996
35619	356.3054607508533	354.8687299893276
35649	398.1143344709898	463.299893276414
35683	406.6467576791809	459.8847385272145
35713	507.3293515358362	392.4354322305229
35744	526.1006825938566	312.17929562433295
35773	512.4488054607509	433.41728922091784
35806	563.6433447098976	391.58164354322304
35838	481.7320819112628	375.3596584845251
35872	641.2883959044369	358.2838847385272
35906	446.74914675767917	377.0672358591248
35939	549.9914675767918	418.9028815368197
35972	503.91638225255974	399.2657417289221
36004	640.4351535836178	447.931696905016
36036	559.377133105802	411.2187833511205
36066	523.5409556313994	501.7203842049093
36096	625.9300341296928	484.6446104589115
36125	451.01535836177476	427.44076840981853
36156	516.7150170648465	451.3468516542155
36190	627.6365187713311	324.13233724653145
36223	536.3395904436861	378.7748132337247
36255	741.9709897610923	412.9263607257204
36290	558.523890784983	388.16648879402345
36321	681.3907849829352	435.9786552828175
36350	489.4112627986348	324.9861259338314
36382	630.1962457337884	348.0384204909285
36412	779.5136518771332	426.58697972251866
36442	588.3873720136519	413.7801494130203
36473	572.1757679180888	383.897545357524
36504	456.13481228668945	413.7801494130203
36535	553.4044368600682	341.2081109925293
36566	568.7627986348123	477.8143009605123
36597	538.8993174061434	430.0021344717182
36624	538.8993174061434	430.0021344717182
36655	541.4590443686008	389.87406616862324
36694	469.7866894197952	340.35432230522946
36724	465.5204778156997	219.97011739594447
36755	520.981228668942	332.6702241195304
36784	658.3532423208192	408.65741728922086
36814	556.8174061433448	337.79295624332974
36844	655.7935153583618	338.64674493062967
36872	571.3225255972698	440.24759871931695
36897	807.6706484641638	425.7331910352188
36923	751.3566552901025	447.931696905016
36950	695.8959044368601	482.0832443970117
36980	744.5307167235495	413.7801494130203
37009	667.7389078498294	490.62113127001066
37037	855.4522184300341	354.01494130202775
37065	563.6433447098976	383.897545357524
37092	828.1484641638226	356.5763073639274
37118	886.1689419795222	409.51120597652084
37148	728.3191126279863	346.3308431163287
37175	814.4965870307167	433.41728922091784
37203	858.0119453924915	401.8271077908218
37227	858.0119453924915	401.8271077908218
37261	916.032423208191	450.49306296691566
37291	945.0426621160409	372.7982924226254
37318	930.5375426621159	456.46958377801496
37345	948.4556313993173	371.9445037353255
37372	790.6058020477816	344.6232657417289
37399	908.353242320819	440.24759871931695
37424	908.353242320819	440.24759871931695
37450	730.0255972696245	358.2838847385272
37477	740.2645051194539	372.7982924226254
37500	762.4488054607509	350.59978655282816
37526	762.4488054607509	350.59978655282816
37550	788.0460750853242	417.1953041622198
37577	628.4897610921502	354.01494130202775
37601	901.5273037542662	389.0202774813234
37627	880.1962457337883	375.3596584845251
37653	728.3191126279863	387.3127001067236
37680	645.5546075085324	289.1270010672359
37705	694.1894197952219	334.3778014941302
37731	678.8310580204778	304.4951974386339
37755	678.8310580204778	304.4951974386339
37781	608.0119453924915	330.1088580576307
37806	742.8242320819113	405.24226254002133
37831	678.8310580204778	339.50053361792953
37862	608.0119453924915	235.33831376734256
37890	609.7184300341297	250.70651013874064
37921	891.2883959044368	436.83244397011737
37946	593.5068259385666	235.33831376734256
37969	741.9709897610923	425.7331910352188
37993	741.9709897610923	425.7331910352188
38019	547.4317406143346	365.96798292422625
38048	823.0290102389079	360.84525080042687
38076	860.5716723549488	374.50586979722516
38103	720.6399317406143	354.8687299893276
38126	720.6399317406143	354.8687299893276
38153	671.1518771331058	444.51654215581647
38179	797.4317406143346	288.27321237993596
38206	678.8310580204778	452.2006403415155
38232	689.0699658703072	457.32337246531483
38256	689.0699658703072	457.32337246531483
38283	738.5580204778157	324.9861259338314
38307	821.3225255972698	402.68089647812167
38331	698.4556313993174	249.85272145144077
38358	892.141638225256	275.46638207043753
38383	802.5511945392492	329.25506937033083
38409	917.7389078498293	363.4066168623266
38433	727.4658703071673	482.0832443970117
38462	727.4658703071673	482.0832443970117
38487	827.2952218430034	251.56029882604054
38512	810.2303754266212	521.3575240128068
38538	964.6672354948804	485.49839914621134
38563	875.9300341296927	510.25827107790815
38588	693.3361774744028	348.89220917822837
38614	834.9744027303755	313.88687299893274
38639	732.5853242320819	320.7171824973319
38665	768.4215017064847	342.9156883671291
38691	767.5682593856656	206.3094983991462
38717	651.5273037542663	373.6520811099253
38745	101.18600682593856	353.1611526147278
38779	-100.17918088737201	363.4066168623266
38817	64.49658703071673	447.07790821771613
38845	60.230375426621166	596.4909284951974
38874	-124.92320819112628	463.299893276414
38903	-113.83105802047781	397.5581643543223
38930	-127.48293515358361	338.64674493062967
38958	-131.74914675767917	453.0544290288153
39027	66.20307167235495	421.46424759871934
39067	-14.854948805460749	495.74386339381
39094	77.29522184300342	586.2454642475986
39129	-36.18600682593856	349.7459978655283
39166	156.6467576791809	343.769477054429
39196	156.6467576791809	343.769477054429
39227	-32.77303754266212	248.99893276414087
39258	156.6467576791809	289.98078975453575
39302	203.57508532423208	490.62113127001066
39332	163.4726962457338	459.8847385272145
39362	178.83105802047783	431.709711846318
39395	384.46245733788396	453.9082177161153
39426	210.40102389078498	355.72251867662754
39456	323.0290102389079	540.9946638207043
39490	368.25085324232083	296.81109925293487
39532	585.8276450511945	424.025613660619
39572	397.26109215017067	162.76627534685164
39603	409.20648464163827	306.2027748132337
39632	441.62969283276453	266.9284951974386
39664	431.3907849829352	282.2966915688367
39694	640.4351535836178	245.5837780149413
39738	536.3395904436861	169.5965848452508
39773	614.8378839590443	348.89220917822837
39804	739.4112627986349	330.1088580576307
39837	633.6092150170649	249.85272145144077
39869	491.1177474402731	319.0096051227321
39897	519.2747440273038	394.9967982924226
39926	526.1006825938566	314.7406616862326
39959	592.6535836177475	370.2369263607257
39993	587.5341296928328	367.67556029882604
40028	701.0153583617747	447.931696905016
40061	679.684300341297	400.9733191035219
40090	688.216723549488	411.2187833511205
40123	690.7764505119454	285.7118463180363
40159	530.3668941979522	181.5496264674493
40200	472.3464163822526	349.7459978655283
40228	642.9948805460751	421.46424759871934
40265	562.7901023890786	347.1846318036286
40293	616.5443686006827	268.6360725720384
40322	675.4180887372014	364.26040554962646
40359	525.2474402730376	252.41408751334043
40391	605.4522184300341	420.61045891141936
40422	605.4522184300341	352.30736392742796
40452	619.1040955631399	421.46424759871934
40484	655.7935153583618	271.1974386339381
40512	512.4488054607509	128.61472785485591
40542	771.8344709897611	352.30736392742796
40575	660.9129692832764	411.2187833511205
40606	877.636518771331	417.1953041622198
40636	747.0904436860069	481.22945570971183
40667	779.5136518771332	467.56883671291354
40699	681.3907849829352	400.119530416222
40728	769.2747440273038	430.0021344717182
40759	827.2952218430034	524.7726787620063
40788	909.2064846416381	413.7801494130203
40816	736.8515358361775	380.4823906083244
40842	736.8515358361775	371.0907150480256
40871	830.7081911262799	595.6371398078975
40898	782.9266211604096	479.52187833511204
40925	824.7354948805461	533.3105656350053
40953	816.203071672355	331.8164354322305
40980	896.4078498293516	360.84525080042687
41007	744.5307167235495	420.61045891141936
41036	825.5887372013651	402.68089647812167
41063	825.5887372013651	402.68089647812167
41091	844.3600682593857	433.41728922091784
41120	608.8651877133107	432.56350053361797
41147	646.4078498293516	441.9551760939167
41175	776.9539249146758	420.61045891141936
41202	593.5068259385666	406.9498399146211
41228	593.5068259385666	406.9498399146211
41254	611.424914675768	354.01494130202775
41279	637.0221843003413	366.8217716115261
41306	450.1621160409557	238.75346851654214
41333	391.28839590443687	-11.406616862326574
41359	498.7969283276451	187.52614727854854
41387	638.7286689419795	440.24759871931695
41414	185.65699658703073	-43.850586979722515
41439	445.8959044368601	267.78228388473855
41465	445.8959044368601	267.78228388473855
41492	567.0563139931742	291.68836712913554
41520	397.26109215017067	245.5837780149413
41547	-89.94027303754267	-13.11419423692636
41572	-165.8788395904437	171.30416221985055
41598	-165.8788395904437	171.30416221985055
41624	-84.82081911262799	268.6360725720384
41649	-165.8788395904437	59.45784418356457
41675	-217.07337883959045	155.9359658484525
41699	-217.07337883959045	155.9359658484525
41726	-366.39078498293514	85.92529348986126
41753	-118.95051194539249	234.4845250800427
41780	-188.0631399317406	-58.3649946638207
41804	-71.16894197952219	452.2006403415155
41831	-71.16894197952219	452.2006403415155
41858	73.02901023890786	518.7961579509072
41884	16.715017064846418	326.69370330843117
41910	191.6296928327645	462.44610458911416
41935	97.77303754266212	459.0309498399146
41960	101.18600682593856	300.22625400213445
41986	111.42491467576792	362.55282817502666
42011	125.93003412969284	239.60725720384204
42036	280.36689419795226	395.8505869797225
42065	280.36689419795226	395.8505869797225
42092	268.42150170648466	314.7406616862326
42119	286.339590443686	311.3255069370331
42148	201.01535836177476	272.05122732123795
42175	429.68430034129693	480.37566702241196
42200	227.46587030716725	319.0096051227321
42224	204.4283276450512	366.8217716115261
42251	232.58532423208194	386.45891141942366
42280	298.2849829351536	421.46424759871934
42308	353.7457337883959	448.78548559231587
42334	311.9368600682594	382.1899679829242
42359	358.0119453924915	552.093916755603
42386	205.2815699658703	323.2785485592316
42411	382.7559726962458	394.9967982924226
42436	331.561433447099	467.56883671291354
42461	331.561433447099	467.56883671291354
42487	596.0665529010239	523.0651013874067
42513	492.8242320819113	450.49306296691566
42537	701.0153583617747	348.0384204909285
42563	759.0358361774744	377.0672358591248
42588	441.62969283276453	200.33297758804696
42612	529.5136518771332	380.4823906083244
42637	562.7901023890786	391.58164354322304
42666	562.7901023890786	391.58164354322304
42691	752.2098976109215	398.41195304162216
42717	592.6535836177475	375.3596584845251
42748	729.1723549488055	480.37566702241196
42777	533.7798634812287	274.61259338313766
42805	574.7354948805461	403.53468516542154
42833	642.9948805460751	402.68089647812167
42861	672.858361774744	367.67556029882604
42889	504.7696245733788	171.30416221985055
42918	439.0699658703072	275.46638207043753
42951	434.8037542662116	186.67235859124864
42980	673.7116040955632	103.85485592315902
43007	224.0529010238908	252.41408751334043
43041	77.29522184300342	397.5581643543223
43074	50.844709897610926	354.8687299893276
43107	75.58873720136519	494.8900747065101
43141	58.52389078498293	336.9391675560299
43173	97.77303754266212	248.99893276414087
43207	-33.62627986348122	347.1846318036286
43238	-31.06655290102389	184.11099252934898
43269	3.063139931740617	383.897545357524
43303	98.62627986348123	427.44076840981853
43334	7.329351535836181	243.02241195304163
43367	-60.076791808873715	418.0490928495197
43399	-46.424914675767916	278.0277481323372
43427	-40.45221843003412	143.1291355389541
43461	-104.44539249146757	354.8687299893276
43494	11.595563139931743	322.4247598719317
43525	-6.322525597269622	290.8345784418356
43555	240.26450511945396	396.7043756670224
43588	141.28839590443687	313.0330843116329
43617	172.00511945392492	420.61045891141936
43648	49.1382252559727	400.119530416222
43680	226.61262798634814	451.3468516542155
43713	219.78668941979527	546.9711846318037
43743	61.08361774744028	295.957310565635
43778	125.93003412969284	300.22625400213445
43808	154.08703071672355	454.76200640341517
43836	129.3430034129693	332.6702241195304
43867	-17.414675767918084	202.04055496264672
43898	224.0529010238908	487.20597652081113
43942	114.83788395904438	342.9156883671291
44006	172.85836177474403	371.0907150480256
44044	190.7764505119454	264.36712913553896
44079	494.5307167235495	474.39914621131265
44108	440.7764505119454	443.6627534685165
44139	370.8105802047782	455.61579509071504
44170	503.91638225255974	503.42796157950903
44204	431.3907849829352	456.46958377801496
44238	309.37713310580205	400.119530416222
44267	358.0119453924915	384.7513340448239
44297	485.9982935153584	536.7257203842049
44327	427.1245733788396	226.80042689434364
44356	373.3703071672355	260.09818569903945
44392	515.0085324232082	439.39381003201703
44426	480.02559726962465	461.5923159018143
44467	471.4931740614335	593.0757737459978
44508	590.9470989761091	509.40448239060834
44535	525.2474402730376	354.01494130202775
44564	482.585324232082	377.0672358591248
44600	526.1006825938566	424.87940234791887
44633	433.0972696245734	194.35645677694768
44662	512.4488054607509	384.7513340448239
44697	523.5409556313994	452.2006403415155
44726	489.4112627986348	212.28601921024546
44755	541.4590443686008	363.4066168623266
44783	260.74232081911265	201.18676627534686
44815	572.1757679180888	414.63393810032017
44840	285.48634812286696	324.13233724653145
44867	296.5784982935154	294.2497331910352
44893	232.58532423208194	412.9263607257204
44921	133.60921501706486	508.55069370330847
44946	439.92320819112626	411.2187833511205
44972	337.53412969283283	793.7161152614727
44996	337.53412969283283	793.7161152614727
45021	285.48634812286696	486.35218783351115
45051	372.5170648464164	424.025613660619
45083	282.0733788395905	342.06189967982925
45107	330.7081911262799	377.0672358591248
45133	159.2064846416382	232.7769477054429
45159	-27.65358361774744	154.2283884738527
45185	294.8720136518771	479.52187833511204
45211	552.5511945392492	567.4621131270011
45235	580.7081911262799	494.8900747065101
45261	735.9982935153583	529.0416221985058
45286	334.12116040955635	413.7801494130203
45312	460.40102389078504	506.8431163287086
45337	299.9914675767918	367.67556029882604
45362	299.9914675767918	367.67556029882604
45393	321.32252559726965	415.48772678762003
45418	441.62969283276453	482.9370330843116
45442	195.89590443686006	399.2657417289221
45470	346.919795221843	394.9967982924226
45495	186.51023890784984	364.26040554962646
45519	345.21331058020485	530.7491995731057
45544	333.26791808873725	440.24759871931695
45569	333.26791808873725	440.24759871931695
45595	44.87201365187714	411.2187833511205
45618	194.18941979522182	435.9786552828175
45652	135.31569965870307	445.37033084311634
45679	179.68430034129693	480.37566702241196
45706	278.660409556314	584.5378868729989
45731	278.660409556314	584.5378868729989
45756	355.4522184300342	385.6051227321238
45783	212.9607508532423	-96.7854855923159
45810	250.5034129692833	103.85485592315902
45833	334.97440273037546	138.86019210245465
45858	122.51706484641639	504.28175026680896
45885	480.8788395904437	804.8153681963713
45910	404.9402730375427	564.0469583778015
45934	404.9402730375427	564.0469583778015
45959	515.8617747440272	214.84738527214512
45985	468.93344709897616	178.9882604055496
46011	420.29863481228676	34.69797225186767
46036	418.5921501706485	45.797225186766276
46061	353.7457337883959	29.5752401280683
46088	475.75938566552907	71.41088580576307
46114	480.02559726962465	32.13660618996798
46141	518.4215017064847	5.669156883671292
46166	518.4215017064847	5.669156883671292
46193	158.35324232081913	-130.93703308431165
46219	498.7969283276451	13.353255069370332
46252	222.34641638225258	-321.33191035218783
46278	422.0051194539249	-77.14834578441835
46304	422.0051194539249	-77.14834578441835
46330	503.91638225255974	26.16008537886873
46356	356.3054607508533	-31.89754535752401
46381	430.5375426621161	-13.11419423692636
46407	484.29180887372013	41.52828175026681
46437	422.8583617747441	1.4002134471718255
46461	228.31911262798639	-279.4962646744931
46492	201.01535836177476	-234.2454642475987
46521	142.14163822525597	-263.2742796157951
46550	265.00853242320824	-417.8100320170758
46575	159.2064846416382	-264.128068303095
46599	162.61945392491467	-295.71824973319104
46625	399.820819112628	-244.49092849519744
46651	282.0733788395905	-136.059765208111
46676	418.5921501706485	-294.8644610458912
46703	355.4522184300342	-365.7289220917823
46729	149.820819112628	-505.7502668089648
46759	174.56484641638227	-450.2540021344717
46787	172.85836177474403	-515.1419423692636
46820	211.2542662116041	-568.9306296691569
46852	80.70819112627986	-644.9178228388474
46884	121.66382252559728	-502.33511205976515
46916	331.561433447099	-462.20704375667026
46942	235.9982935153584	-433.1782283884738
46970	235.9982935153584	-433.1782283884738
47002	196.74914675767917	-450.2540021344717
47035	335.82764505119457	-221.43863393810034
47067	281.22013651877137	-360.6061899679829
47104	381.04948805460754	-261.56670224119534
47131	367.3976109215017	-235.95304162219853
47160	317.9095563139932	-434.8858057630737
47190	416.0324232081912	-305.96371398078975
47220	418.5921501706485	-405.0032017075774
47247	450.1621160409557	-412.6872998932765
47280	493.6774744027304	-250.4674493062967
47314	507.3293515358362	-226.5613660618997
47345	413.4726962457338	-244.49092849519744
47374	677.1245733788396	-138.62113127001066
47408	521.8344709897611	-306.8175026680897
47435	521.8344709897611	-306.8175026680897
47470	549.1382252559728	-275.2273212379936
47504	672.005119453925	-178.74919957310567
47535	270.12798634812293	-368.290288153682
47566	-252.90955631399314	-506.60405549626466
47595	-269.1211604095563	-266.68943436499467
47625	-137.72184300341297	-217.16969050160085
47655	-183.79692832764505	-228.26894343649946
47687	-143.69453924914674	-454.52294557097116
47718	-223.0460750853242	-283.76520811099255
47751	-74.58191126279863	-346.9455709711847
47782	-182.9436860068259	-510.8729989327641
47811	-139.42832764505118	-318.77054429028817
47840	-199.15529010238907	-387.9274279615795
47870	-275.0938566552901	-385.36606189967983
47899	-155.63993174061432	-180.45677694770546
47932	-124.06996587030716	-422.9327641408752
47965	-60.93003412969283	-382.8046958377802
48003	-254.6160409556314	-248.75987193169692
48040	-98.47269624573377	-299.13340448239063
48070	-218.77986348122863	-285.47278548559234
48107	156.6467576791809	-237.6606189967983
48135	118.25085324232082	-178.74919957310567
48170	2.2098976109215047	-237.6606189967983
48207	32.07337883959045	-574.0533617929563
48240	-66.04948805460751	-438.3009605122732
48270	-66.04948805460751	-438.3009605122732
48298	-31.919795221843003	-163.38100320170759
48328	-23.387372013651873	-328.162219850587
48361	-81.40784982935153	-155.69690501600854
48399	1.356655290102392	-145.45144076840984
48433	-61.78327645051195	-129.22945570971186
48466	-60.93003412969283	-288.8879402347919
48495	-347.6194539249147	-524.5336179295624
48525	-95.05972696245733	-299.13340448239063
48558	-64.34300341296928	-365.7289220917823
48590	-97.61945392491467	-312.7940234791889
48626	94.36006825938567	-236.80683030949842
48656	150.67406143344712	-402.44183564567766
48693	108.01194539249147	-287.18036286019213
48727	193.33617747440275	-220.58484525080044
48767	143.8481228668942	-206.92422625400212
48819	446.74914675767917	20.183564567769476
48847	294.8720136518771	-212.04695837780153
48874	294.8720136518771	-261.56670224119534
48900	436.51023890784984	120.93062966915686
48927	429.68430034129693	-34.45891141942369
48953	262.44880546075086	-163.38100320170759
48982	306.8174061433447	-154.84311632870867
49012	422.0051194539249	114.95410885805761
49038	422.0051194539249	114.95410885805761
49064	497.943686006826	-10.552828175026681
49090	521.8344709897611	-59.2187833511206
49115	626.7832764505121	11.645677694770546
49139	811.0836177474403	225.94663820704372
49165	664.325938566553	121.78441835645677
49198	605.4522184300341	30.4290288153682
49226	677.9778156996588	161.05869797225185
49254	562.7901023890786	-183.87193169690502
49280	529.5136518771332	-171.91889007470652
49308	529.5136518771332	-171.91889007470652
49332	593.5068259385666	-149.7203842049093
49358	507.3293515358362	-157.40448239060834
49384	821.3225255972698	27.86766275346852
49409	444.18941979522185	-129.22945570971186
49436	456.98805460750856	-1.1611526147278544
49463	-326.2883959044368	-301.6947705442903
49491	-243.5238907849829	-309.37886872998934
49522	-208.54095563139933	-138.62113127001066
49555	-125.77645051194538	-243.63713980789754
49582	-78.8481228668942	18.47598719316969
49608	-445.7423208191126	-437.44717182497334
49638	-445.7423208191126	-437.44717182497334
49672	-94.20648464163823	-264.128068303095
49704	-157.34641638225256	-42.143009605122735
49738	-175.26450511945393	-62.63393810032017
49771	-59.2235494880546	-31.04375667022412
49804	52.551194539249146	15.060832443970117
49838	-100.17918088737201	-323.0394877267876
49872	93.50682593856656	62.87299893276415
49905	97.77303754266212	50.919957310565636
49938	-20.827645051194537	-78.00213447171825
49972	207.84129692832764	75.67982924226254
50005	294.018771331058	-101.90821771611527
50038	413.4726962457338	145.69050160085376
50072	356.3054607508533	105.5624332977588
50099	420.29863481228676	209.7246531483458
50124	329.00170648464166	176.42689434364993
50149	309.37713310580205	168.7427961579509
50174	276.9539249146758	149.95944503735325
50199	403.23378839590447	45.797225186766276
50224	375.0767918088738	-78.00213447171825
50247	423.7116040955632	143.1291355389541
50272	483.4385665529011	12.49946638207044
50296	421.1518771331058	32.13660618996798
50322	386.16894197952223	-1.1611526147278544
50347	389.58191126279866	47.50480256136606
50371	470.6399317406144	-75.44076840981857
50406	450.1621160409557	55.188900747065105
50431	644.7013651877133	103.85485592315902
50456	452.721843003413	-263.2742796157951
50483	495.3839590443686	-19.944503735325505
50507	600.3327645051195	32.990394877267875
50532	735.9982935153583	185.81856990394877
50557	478.3191126279864	85.07150480256136
50583	535.4863481228668	-41.28922091782284
50607	535.4863481228668	-41.28922091782284
50632	538.0460750853242	-230.83030949839917
50657	497.943686006826	95.31696905016008
50680	605.4522184300341	-7.991462113127
50703	605.4522184300341	-7.991462113127
50729	678.8310580204778	120.07684098185698
50753	727.4658703071673	56.042689434365
50779	502.2098976109215	43.23585912486659
50806	526.1006825938566	4.815368196371399
50832	451.01535836177476	-124.96051227321239
50864	528.660409556314	-33.605122732123796
50896	529.5136518771332	-88.24759871931697
50924	604.5989761092151	89.34044823906083
50951	584.1211604095563	-61.78014941302028
50982	597.7730375426621	-27.628601921024547
51009	597.7730375426621	-27.628601921024547
51036	535.4863481228668	-52.388473852721454
51073	532.0733788395905	-132.64461045891142
51104	569.6160409556314	-83.12486659551762
51134	464.6672354948806	-143.74386339381005
51163	353.7457337883959	-96.7854855923159
51197	-222.1928327645051	-288.8879402347919
51232	-246.08361774744026	-419.51760939167553
51261	-101.88566552901024	-154.84311632870867
51292	66.20307167235495	88.48665955176094
51326	-195.74232081911265	-391.3425827107791
51359	-208.54095563139933	-21.65208110992529
51386	-224.75255972696243	-34.45891141942369
51419	96.919795221843	71.41088580576307
51449	10.742320819112631	114.10032017075773
51489	76.4419795221843	149.95944503735325
51518	233.43856655290105	-75.44076840981857
51547	178.83105802047783	84.21771611526148
51576	70.46928327645051	79.09498399146212
51606	20.12798634812287	64.58057630736393
51636	3.9163822525597296	29.5752401280683
51673	62.790102389078505	28.72145144076841
51708	358.8651877133106	86.77908217716114
51743	166.03242320819112	-3.7225186766275344
51774	170.29863481228668	78.24119530416223
51805	155.7935153583618	-105.32337246531482
51839	314.49658703071674	114.10032017075773
51872	392.141638225256	49.21237993596585
51901	254.76962457337888	-50.68089647812166
51927	347.77303754266217	162.76627534685164
51959	150.67406143344712	68.8495197438634
51988	261.59556313993176	-3.7225186766275344
52017	346.0665529010239	147.39807897545356
52048	340.09385665529015	98.73212379935966
52082	427.1245733788396	113.24653148345783
52112	370.8105802047782	56.896478121664884
52142	370.8105802047782	56.896478121664884
52171	446.74914675767917	188.37993596584843
52201	620.8105802047781	250.70651013874064
52232	416.0324232081912	247.29135538954105
52273	526.1006825938566	167.0352187833511
52308	433.0972696245734	166.18143009605123
52339	520.981228668942	228.50800426894344
52368	393.84812286689424	-90.80896478121664
52405	655.7935153583618	38.96691568836713
52441	547.4317406143346	-26.774813233724654
52470	501.3566552901024	109.83137673425827
52500	604.5989761092151	54.33511205976521
52534	734.2918088737201	187.52614727854854
52568	392.141638225256	-12.260405549626467
52601	586.6808873720137	40.67449306296692
52632	655.7935153583618	142.2753468516542
52663	539.7525597269624	59.45784418356457
52698	609.7184300341297	41.52828175026681
52725	596.9197952218431	91.04802561366063
52754	591.8003412969284	-48.97331910352188
52782	693.3361774744028	111.53895410885804
52808	693.3361774744028	111.53895410885804
52835	750.5034129692833	128.61472785485591
52861	716.3737201365188	94.46318036286019
52891	824.7354948805461	95.31696905016008
52917	828.1484641638226	103.00106723585914
52947	894.7013651877132	141.4215581643543
52976	894.7013651877132	141.4215581643543
53003	518.4215017064847	11.645677694770546
53030	-34.479522184300336	54.33511205976521
53058	-72.0221843003413	9.084311632870865
53087	-11.441979522184297	92.7556029882604
53116	-106.1518771331058	-7.137673425827106
53140	-200.86177474402731	-232.53788687299894
53167	-175.26450511945393	100.43970117395943
53194	-150.52047781569965	21.891141942369263
53220	103.74573378839591	51.773745997865525
53245	18.421501706484644	60.311632870864464
53272	-27.65358361774744	46.65101387406617
53298	216.37372013651878	-26.774813233724654
53325	224.0529010238908	42.3820704375667
53351	109.7184300341297	-185.57950907150482
53377	81.56143344709899	-172.77267876200642
53407	317.05631399317406	24.452508004268942
53460	448.45563139931744	76.53361792956244
53491	399.820819112628	132.8836712913554
53519	470.6399317406144	205.4557097118463
53548	406.6467576791809	9.084311632870865
53573	409.20648464163827	31.28281750266809
53599	507.3293515358362	32.13660618996798
53626	427.9778156996587	-8.845250800426895
53651	571.3225255972698	9.938100320170758
53676	571.3225255972698	9.938100320170758
53702	298.2849829351536	-200.093916755603
53728	525.2474402730376	203.74813233724655
53754	387.0221843003413	-180.45677694770546
53780	302.5511945392492	83.36392742796158
53805	362.27815699658703	-29.336179295624333
53830	347.77303754266217	118.3692636072572
53854	391.28839590443687	19.329775880469587
53878	402.3805460750853	57.75026680896478
53904	239.41126279863485	27.86766275346852
53930	524.3941979522184	211.43223052294556
53954	441.62969283276453	120.07684098185698
53979	386.16894197952223	49.21237993596585
54002	362.27815699658703	124.34578441835644
54028	472.3464163822526	148.25186766275345
54059	440.7764505119454	49.21237993596585
54092	338.3873720136519	147.39807897545356
54125	391.28839590443687	166.18143009605123
54159	310.2303754266212	9.084311632870865
54192	243.6774744027304	-25.067235859124864
54225	314.49658703071674	15.060832443970117
54259	341.80034129692837	48.35859124866595
54308	103.74573378839591	-252.1750266808965
54342	308.52389078498294	-31.04375667022412
54382	444.18941979522185	208.87086446104587
54406	444.18941979522185	208.87086446104587
54432	509.0358361774744	184.96478121664887
54456	274.39419795221846	51.773745997865525
54478	414.3259385665529	107.2700106723586
54503	305.9641638225256	-13.11419423692636
54528	226.61262798634814	-4.576307363927428
54552	430.5375426621161	3.9615795090715054
54576	493.6774744027304	-77.14834578441835
54602	253.0631399317406	-185.57950907150482
54627	273.54095563139936	-216.31590181430096
54659	239.41126279863485	-13.967982924226256
54692	459.5477815699659	141.4215581643543
54726	367.3976109215017	24.452508004268942
54759	434.8037542662116	77.38740661686234
54792	519.2747440273038	155.9359658484525
54825	701.0153583617747	199.47918890074706
54852	654.0870307167236	107.2700106723586
54878	654.0870307167236	107.2700106723586
54903	666.8856655290103	110.68516542155815
54932	743.6774744027304	61.165421558164354
54958	432.24402730375425	173.01173959445035
54985	387.87542662116044	-314.50160085378866
55011	598.6262798634813	82.51013874066169
55040	501.3566552901024	111.53895410885804
55065	608.8651877133107	135.44503735325506
55093	637.8754266211605	132.8836712913554
55123	684.8037542662116	74.82604055496265
55161	477.4658703071673	-1.1611526147278544
55193	768.4215017064847	151.667022411953
55226	672.005119453925	203.74813233724655
55260	583.2679180887372	76.53361792956244
55296	532.0733788395905	73.11846318036285
55328	570.4692832764505	113.24653148345783
55360	753.9163822525597	109.83137673425827
55393	531.2201365187714	86.77908217716114
55426	573.882252559727	178.9882604055496
55456	445.8959044368601	-57.511205976520806
55488	806.8174061433448	81.65635005336179
55524	1086.6808873720136	470.1302027748132
55555	1226.6126279863481	687.846318036286
55593	996.2372013651877	609.2977588046958
55626	1222.3464163822523	814.2070437566701
55657	1000.5034129692831	474.39914621131265
55688	1202.721843003413	754.4418356456778
55726	1090.9470989761091	618.6894343649947
55765	1118.2508532423208	667.3553895410886
55797	989.4112627986348	646.0106723585913
55828	419.4453924914676	454.76200640341517
55860	406.6467576791809	466.71504802561367
55896	448.45563139931744	363.4066168623266
55927	362.27815699658703	474.39914621131265
55960	381.04948805460754	381.33617929562433
55993	433.0972696245734	406.9498399146211
56030	453.57508532423213	416.34151547491996
56060	544.8720136518772	377.0672358591248
56095	491.97098976109214	416.34151547491996
56127	482.585324232082	442.8089647812167
56157	195.89590443686006	447.931696905016
56187	207.84129692832764	493.1824973319103
56223	177.9778156996587	494.0362860192102
56253	151.5273037542662	459.8847385272145
56287	103.74573378839591	404.38847385272146
56327	234.29180887372016	643.4493062966916
56360	190.7764505119454	458.1771611526147
56391	255.622866894198	499.15901814300963
56426	95.21331058020478	377.92102454642475
56460	152.38054607508533	484.6446104589115
56490	602.0392491467577	441.1013874066168
56523	852.8924914675769	607.590181430096
56557	1131.9027303754265	672.4781216648879
56594	1028.6604095563139	760.4183564567769
56626	1001.3566552901024	721.9978655282817
56657	1144.7013651877132	676.7470651013874
56690	1189.9232081911262	892.7556029882605
56727	1055.1109215017066	618.6894343649947
56755	1229.1723549488054	710.8986125933831
56785	1116.5443686006827	769.8100320170757
56816	1159.206484641638	605.0288153681963
56845	1219.786689419795	774.0789754535753
56873	938.2167235494879	577.7075773745997
56900	1154.0870307167236	589.6606189967983
56929	1060.230375426621	773.2251867662753
56959	991.117747440273	505.9893276414088
56994	892.994880546075	371.0907150480256
57021	994.5307167235494	602.4674493062967
57047	1008.1825938566553	735.6584845250801
57077	1142.994880546075	674.1856990394878
57104	1028.6604095563139	593.0757737459978
57130	1102.0392491467576	669.9167556029882
57155	1131.0494880546073	734.8046958377802
57181	1063.6433447098975	698.0917822838848
57207	1099.4795221843003	698.0917822838848
57233	509.88907849829354	752.7342582710779
57260	458.69453924914677	843.2358591248667
57286	565.3498293515358	1020.8239060832445
57313	565.3498293515358	1020.8239060832445
57339	491.97098976109214	1013.9935965848454
57368	514.1552901023891	877.3874066168623
57395	153.23378839590444	455.61579509071504
57420	572.1757679180888	1089.9807897545359
57448	666.0324232081911	1127.5474919957312
57474	530.3668941979522	891.9018143009605
57499	560.2303754266212	1028.5080042689435
57526	453.57508532423213	1004.6019210245465
57551	682.2440273037544	761.2721451440768
57578	596.9197952218431	945.690501600854
57604	483.4385665529011	715.1675560298826
57629	493.6774744027304	886.7790821771612
57661	555.1109215017065	1048.145144076841
57687	385.3156996587031	905.5624332977588
57712	436.51023890784984	862.8729989327642
57738	594.3600682593857	861.1654215581643
57763	546.5784982935154	850.9199573105656
57788	462.1075085324232	842.3820704375667
57815	612.2781569965871	943.1291355389542
57839	707.8412969283277	926.0533617929564
57864	688.216723549488	1077.1739594450373
57889	666.8856655290103	957.6435432230523
57916	747.9436860068259	1053.2678762006403
57945	574.7354948805461	1006.3094983991464
57970	614.8378839590443	1039.6072572038422
57997	143.8481228668942	582.8303094983992
58032	383.60921501706486	969.596584845251
58077	330.7081911262799	784.3244397011739
58111	406.6467576791809	938.0064034151549
58138	468.08020477815705	1023.3852721451442
58163	596.0665529010239	945.690501600854
58188	711.2542662116041	920.9306296691569
58213	706.9880546075086	992.648879402348
58238	423.7116040955632	720.2902881536819
58263	725.759385665529	846.6510138740662
58287	1035.486348122867	742.4887940234792
58312	996.2372013651877	778.3479188900748
58341	906.6467576791808	771.5176093916756
58368	1178.8310580204777	999.4791889007471
58394	924.5648464163821	767.2486659551761
58418	1033.7798634812286	762.1259338313768
58443	1033.7798634812286	762.1259338313768
58469	833.2679180887372	579.4151547491996
58493	984.29180887372	847.504802561366
58520	702.721843003413	511.965848452508
58544	893.8481228668941	518.7961579509072
58575	593.5068259385666	521.3575240128068
58600	584.9744027303755	494.0362860192102
58626	536.3395904436861	417.1953041622198
58652	509.88907849829354	369.38313767342584
58677	416.8856655290102	405.24226254002133
58700	410.9129692832765	372.7982924226254
58728	384.46245733788396	389.87406616862324
58759	164.3259385665529	198.62540021344716
58785	235.14505119453926	192.64887940234792
58811	235.14505119453926	192.64887940234792
58838	181.39078498293514	125.19957310565634
58879	176.27133105802048	249.85272145144077
58911	445.8959044368601	103.85485592315902
58940	174.56484641638227	212.28601921024546
58969	375.0767918088738	304.4951974386339
59002	300.844709897611	56.896478121664884
59030	111.42491467576792	155.0821771611526
59064	7.329351535836181	175.57310565635004
59095	96.0665529010239	336.08537886872995
59131	137.87542662116041	74.82604055496265
59170	381.04948805460754	155.9359658484525
59217	329.85494880546077	93.60939167556029
59259	650.674061433447	618.6894343649947
59288	509.88907849829354	428.29455709711846
59320	712.1075085324233	636.6189967982924
59357	218.080204778157	62.01921024546425
59386	680.537542662116	487.20597652081113
59413	624.2235494880546	561.4855923159018
59446	404.9402730375427	201.18676627534686
59481	674.5648464163822	383.0437566702241
59517	528.660409556314	552.093916755603
59562	634.462457337884	527.3340448239061
59605	751.3566552901025	657.1099252934898
59646	760.7423208191126	695.5304162219851
59685	522.6877133105803	336.08537886872995
59715	758.1825938566553	719.4364994663821
59745	846.0665529010239	564.0469583778015
59775	718.080204778157	622.9583778014942
59807	838.3873720136519	622.9583778014942
59840	772.6877133105803	620.3970117395944
59874	717.2269624573379	611.0053361792956
59906	817.0563139931742	711.752401280683
59940	918.5921501706484	564.0469583778015
59974	967.2269624573379	586.2454642475986
60005	666.8856655290103	264.36712913553896
60037	253.91638225255974	336.9391675560299
60066	156.6467576791809	216.5549626467449
60096	524.3941979522184	142.2753468516542
60130	503.0631399317407	155.9359658484525
60164	597.7730375426621	236.19210245464245
60193	608.0119453924915	67.9957310565635
60230	486.8515358361775	132.8836712913554
60259	516.7150170648465	101.29348986125935
60290	629.3430034129693	137.15261472785485
60324	549.1382252559728	174.71931696905014
60358	605.4522184300341	44.94343649946638
60392	775.2474402730376	198.62540021344716
60425	581.561433447099	177.28068303094983
60454	516.7150170648465	94.46318036286019
60486	501.3566552901024	52.62753468516542
60515	568.7627986348123	146.5442902881537
60545	631.0494880546075	213.13980789754535
60574	617.3976109215017	215.70117395944504
60604	623.3703071672355	-0.3073639274279611
60635	725.759385665529	199.47918890074706
60664	401.52730375426626	-13.11419423692636
60695	590.9470989761091	279.73532550693704
60731	579.0017064846417	237.04589114194238
60766	565.3498293515358	288.27321237993596
60798	484.29180887372013	295.957310565635
60836	575.5887372013651	285.7118463180363
60868	759.8890784982935	220.82390608324437
60898	679.684300341297	256.68303094983986
60926	682.2440273037544	259.2443970117396
60951	718.080204778157	215.70117395944504
60983	718.080204778157	258.3906083244397
61014	501.3566552901024	277.1739594450373
61041	779.5136518771332	172.15795090715048
61070	705.2815699658703	296.81109925293487
61097	499.65017064846415	248.14514407684095
61123	707.8412969283277	229.3617929562433
61152	698.4556313993174	292.5421558164354
61179	805.9641638225256	263.51334044823903
61207	646.4078498293516	262.6595517609391
61233	714.6672354948805	94.46318036286019
61259	767.5682593856656	307.0565635005336
61286	821.3225255972698	396.7043756670224
61315	753.0631399317407	295.10352187833513
61343	869.9573378839591	289.98078975453575
61370	909.2064846416381	248.99893276414087
61396	743.6774744027304	284.00426894343644
61431	433.9505119453925	189.23372465314833
61458	520.981228668942	132.02988260405547
61484	520.981228668942	132.02988260405547
61509	456.13481228668945	259.2443970117396
61537	433.9505119453925	289.98078975453575
61564	455.28156996587035	131.1760939167556
61589	559.377133105802	238.75346851654214
61616	584.1211604095563	266.9284951974386
61643	427.9778156996587	219.97011739594447
61669	539.7525597269624	157.64354322305226
61693	486.8515358361775	189.23372465314833
61720	440.7764505119454	85.07150480256136
61745	457.84129692832767	85.07150480256136
61770	497.943686006826	143.1291355389541
61795	417.7389078498294	166.18143009605123
61823	548.2849829351536	219.97011739594447
61848	353.7457337883959	178.9882604055496
61875	572.1757679180888	336.08537886872995
61901	579.0017064846417	266.0747065101387
61929	590.9470989761091	242.1686232657417
61958	558.523890784983	248.14514407684095
61982	465.5204778156997	254.1216648879402
62006	452.721843003413	228.50800426894344
62032	494.5307167235495	544.4098185699039
62059	741.9709897610923	1044.7299893276415
62085	601.1860068259385	965.3276414087514
62111	87.53412969283276	703.2145144076841
62141	399.820819112628	733.0971184631803
62165	419.4453924914676	495.74386339381
62191	392.141638225256	453.0544290288153
62216	392.141638225256	453.0544290288153
62243	231.7320819112628	330.9626467449306
62269	282.0733788395905	281.4429028815368
62296	253.0631399317406	422.3180362860192
62322	210.40102389078498	206.3094983991462
62347	192.4829351535836	243.02241195304163
62373	433.0972696245734	234.4845250800427
62399	543.165529010239	194.35645677694768
62428	352.0392491467577	287.41942369263603
62454	402.3805460750853	266.9284951974386
62478	592.6535836177475	383.897545357524
62503	438.2167235494881	168.7427961579509
62527	588.3873720136519	89.34044823906083
62550	499.65017064846415	50.06616862326574
62575	446.74914675767917	158.4973319103522
62600	778.660409556314	289.1270010672359
62632	649.820819112628	149.95944503735325
62659	567.9095563139932	173.01173959445035
62690	712.9607508532424	166.18143009605123
62734	582.4146757679182	293.3959445037353
62760	625.0767918088737	313.88687299893274
62788	625.0767918088737	313.88687299893274
62813	837.5341296928328	263.51334044823903
62839	709.5477815699659	328.40128068303096
62866	712.1075085324233	233.6307363927428
62897	666.8856655290103	199.47918890074706
62924	734.2918088737201	329.25506937033083
62950	734.2918088737201	329.25506937033083
62981	826.4419795221844	293.3959445037353
63008	793.165529010239	313.0330843116329
63038	728.3191126279863	362.55282817502666
63067	696.7491467576792	381.33617929562433
63096	539.7525597269624	390.72785485592317
63129	746.2372013651877	393.28922091782283
63163	793.165529010239	475.25293489861264
63196	388.72866894197955	391.58164354322304
63232	346.919795221843	182.40341515474918
63265	551.6979522184301	301.0800426894344
63292	479.1723549488055	404.38847385272146
63324	433.9505119453925	319.0096051227321
63351	476.6126279863481	188.37993596584843
63383	362.27815699658703	269.4898612593383
63411	491.1177474402731	185.81856990394877
63443	359.7184300341297	66.2881536819637
63474	423.7116040955632	147.39807897545356
63504	179.68430034129693	298.51867662753466
63531	338.3873720136519	229.3617929562433
63563	198.4556313993174	184.96478121664887
63592	427.9778156996587	224.23906083244395
63631	280.36689419795226	301.93383137673425
63663	416.8856655290102	128.61472785485591
63693	281.22013651877137	231.92315901814297
63724	388.72866894197955	326.69370330843117
63755	407.50000000000006	330.9626467449306
63788	561.0836177474403	383.897545357524
63820	462.96075085324236	296.81109925293487
63852	427.9778156996587	271.1974386339381
63882	380.19624573378843	412.0725720384205
63912	592.6535836177475	282.2966915688367
63945	625.0767918088737	335.2315901814301
63972	580.7081911262799	380.4823906083244
64006	589.240614334471	255.82924226254002
64037	572.1757679180888	272.90501600853787
64068	499.65017064846415	233.6307363927428
64103	594.3600682593857	293.3959445037353
64138	706.9880546075086	480.37566702241196
64177	1113.131399317406	747.6115261472786
64213	1080.7081911262796	710.0448239060833
64250	1177.9778156996585	731.3895410885806
64286	1259.0358361774743	800.5464247598718
64333	1249.6501706484642	628.0811099252935
64367	1166.88566552901	774.0789754535753
64400	1133.6092150170648	776.6403415154749
64433	1246.2372013651877	706.6296691568837
64468	1141.2883959044368	853.4813233724653
64501	1096.066552901024	830.4290288153683
64534	1245.3839590443686	796.2774813233724
64568	1166.88566552901	643.4493062966916
64600	1206.1348122866893	736.5122732123799
64634	1153.2337883959042	790.3009605122733
64666	1020.1279863481227	776.6403415154749
64699	1081.5614334470988	794.5699039487727
64734	1160.0597269624573	768.9562433297759
64767	1122.5170648464161	774.0789754535753
64797	1111.4249146757677	654.5485592315902
64831	1068.7627986348123	804.8153681963713
64867	1127.636518771331	802.2540021344718
64895	1239.4112627986347	765.5410885805762
