time	x	y
1	-8.547008547008549	421.9145299145299
43	-70.08547008547009	521.059829059829
89	135.04273504273505	370.63247863247864
121	111.96581196581197	330.46153846153845
154	49.57264957264957	354.3931623931624
186	49.57264957264957	354.3931623931624
219	-47.863247863247864	533.8803418803419
269	5.128205128205129	493.7094017094017
319	29.05982905982906	430.4615384615384
369	-17.94871794871795	478.32478632478626
419	21.367521367521366	523.6239316239316
451	15.384615384615385	403.9658119658119
498	47.008547008547005	115.07692307692305
534	96.58119658119658	96.27350427350427
569	139.31623931623932	-118.25641025641028
619	-13.675213675213675	272.3418803418803
653	-13.675213675213675	272.3418803418803
703	67.52136752136752	2.256410256410257
738	-102.56410256410255	106.52991452991454
772	-102.56410256410255	106.52991452991454
805	-29.05982905982906	179.17948717948718
839	-29.05982905982906	179.17948717948718
871	-49.57264957264957	174.05128205128204
907	-108.54700854700855	190.2905982905983
940	17.094017094017097	64.64957264957265
975	20.512820512820515	15.076923076923077
1008	15.384615384615385	133.88034188034186
1041	-82.90598290598291	277.47008547008545
1074	56.41025641025641	188.58119658119656
1108	8.547008547008549	292.0
1141	177.77777777777777	74.90598290598291
1174	124.78632478632478	105.67521367521368
1206	146.15384615384616	80.03418803418803
1244	122.22222222222221	95.41880341880342
1277	169.23076923076923	56.1025641025641
1312	160.6837606837607	25.333333333333336
1345	312.8205128205128	88.5811965811966
1379	233.33333333333334	-51.589743589743584
1413	192.30769230769232	102.25641025641026
1447	181.19658119658118	135.5897435897436
1481	301.7094017094017	104.82051282051282
1517	258.974358974359	133.025641025641
1549	400.0	-32.78632478632478
1582	207.6923076923077	201.4017094017094
1615	425.64102564102564	19.350427350427353
1649	346.15384615384613	65.5042735042735
1682	489.7435897435897	-36.205128205128204
1716	468.37606837606836	50.11965811965812
1749	347.008547008547	105.67521367521368
1782	377.77777777777777	255.24786324786325
1817	531.6239316239316	30.461538461538463
1851	519.6581196581197	113.36752136752135
1884	623.0769230769231	427.89743589743586
1936	562.3931623931624	368.06837606837604
1986	628.2051282051282	225.33333333333334
2035	482.05128205128204	147.55555555555554
2071	415.3846153846154	163.79487179487177
2109	415.3846153846154	163.79487179487177
2147	544.4444444444443	218.49572649572647
2182	647.008547008547	54.3931623931624
2214	472.64957264957263	191.14529914529913
2247	539.3162393162393	256.95726495726495
2280	474.35897435897436	220.20512820512818
2315	595.7264957264957	241.57264957264957
2347	490.5982905982906	245.8461538461538
2381	547.8632478632479	173.19658119658118
2414	508.54700854700855	314.22222222222223
2448	569.2307692307692	245.8461538461538
2480	823.9316239316239	-52.44444444444445
2515	760.6837606837606	101.40170940170941
2549	879.4871794871794	117.64102564102564
2583	758.9743589743589	110.8034188034188
2636	834.1880341880342	71.48717948717949
2686	749.5726495726495	80.03418803418803
2721	754.7008547008547	62.94017094017094
2754	754.7008547008547	146.7008547008547
2788	811.965811965812	68.92307692307692
2823	972.6495726495726	60.37606837606838
2857	922.2222222222223	209.09401709401706
2889	885.4700854700855	179.17948717948718
2924	853.8461538461538	225.33333333333334
2957	934.1880341880342	-1.1623931623931618
2991	809.4017094017095	57.81196581196581
3024	865.8119658119658	79.17948717948718
3058	823.9316239316239	83.45299145299145
3094	948.7179487179487	193.7094017094017
3126	915.3846153846154	180.03418803418802
3159	984.6153846153846	145.8461538461538
3193	861.5384615384615	278.3247863247863
3227	883.7606837606837	99.6923076923077
3261	995.7264957264957	75.76068376068376
3297	217.94871794871796	80.88888888888889
3334	15.384615384615385	-12.273504273504273
3368	134.18803418803418	-72.1025641025641
3419	44.44444444444444	166.35897435897436
3469	-41.02564102564103	58.666666666666664
3504	0.0	74.05128205128206
3538	3.4188034188034186	21.914529914529915
3571	3.4188034188034186	21.914529914529915
3605	-57.26495726495726	347.55555555555554
3638	80.34188034188035	62.94017094017094
3671	46.15384615384615	63.794871794871796
3706	46.15384615384615	63.794871794871796
3738	50.427350427350426	62.085470085470085
3772	-5.128205128205129	40.71794871794872
3805	83.76068376068376	76.61538461538461
3837	83.76068376068376	76.61538461538461
3874	123.07692307692308	46.7008547008547
3910	123.07692307692308	46.7008547008547
3942	193.16239316239316	236.4444444444444
3976	72.64957264957266	268.06837606837604
4007	225.64102564102564	180.88888888888889
4042	227.35042735042734	257.8119658119658
4077	252.13675213675214	245.8461538461538
4111	259.8290598290599	312.5128205128205
4143	205.98290598290598	61.23076923076923
4176	205.98290598290598	61.23076923076923
4209	262.3931623931624	256.1025641025641
4243	272.64957264957263	226.18803418803418
4277	227.35042735042734	140.71794871794873
4312	229.05982905982904	112.5128205128205
4344	288.034188034188	89.43589743589743
4377	258.11965811965814	158.66666666666666
4408	253.84615384615384	176.61538461538458
4442	253.84615384615384	176.61538461538458
4475	329.9145299145299	161.23076923076923
4510	329.9145299145299	161.23076923076923
4544	519.6581196581197	-4.581196581196581
4577	495.7264957264957	115.07692307692305
4611	346.15384615384613	160.37606837606836
4644	346.15384615384613	160.37606837606836
4677	310.2564102564103	218.49572649572647
4710	310.2564102564103	218.49572649572647
4743	356.4102564102564	89.43589743589743
4777	356.4102564102564	89.43589743589743
4809	378.63247863247864	127.04273504273502
4842	364.95726495726495	236.4444444444444
4873	625.6410256410256	84.3076923076923
4907	671.7948717948717	94.56410256410257
4941	658.1196581196581	-35.35042735042735
4973	658.1196581196581	-35.35042735042735
5011	547.8632478632479	130.46153846153845
5045	615.3846153846155	134.73504273504273
5083	641.8803418803419	377.47008547008545
5119	641.8803418803419	377.47008547008545
5151	758.9743589743589	321.05982905982904
5185	864.1025641025641	215.93162393162393
5217	732.4786324786324	145.8461538461538
5250	752.1367521367521	158.66666666666666
5284	833.3333333333334	244.99145299145297
5319	766.6666666666667	258.66666666666663
5353	768.3760683760685	633.8803418803419
5387	725.6410256410256	701.4017094017094
5436	688.034188034188	542.4273504273505
5502	831.6239316239316	314.22222222222223
5539	869.2307692307693	428.7521367521367
5572	835.8974358974359	452.6837606837606
5605	1024.7863247863247	267.21367521367523
5638	1044.4444444444446	202.25641025641025
5670	961.5384615384615	148.4102564102564
5705	942.7350427350427	237.29914529914532
5736	994.017094017094	298.8376068376068
5786	1029.9145299145298	198.83760683760684
5836	884.6153846153845	160.37606837606836
5870	902.5641025641025	261.2307692307692
5936	301.7094017094017	-6.29059829059829
5970	240.17094017094018	124.47863247863246
6003	111.1111111111111	144.99145299145297
6036	117.94871794871794	109.09401709401709
6071	54.7008547008547	132.17094017094016
6106	54.7008547008547	132.17094017094016
6140	94.01709401709401	162.08547008547006
6173	17.094017094017097	139.008547008547
6209	79.48717948717949	143.28205128205127
6243	79.48717948717949	143.28205128205127
6274	88.03418803418803	38.15384615384615
6310	88.03418803418803	38.15384615384615
6342	-132.47863247863248	448.41025641025635
6377	-106.83760683760683	339.008547008547
6410	-32.478632478632484	98.83760683760684
6443	-52.99145299145299	273.1965811965812
6478	40.17094017094018	179.17948717948718
6512	-8.547008547008549	201.4017094017094
6543	194.01709401709402	97.12820512820512
6577	147.00854700854703	39.863247863247864
6610	108.54700854700855	89.43589743589743
6643	140.17094017094018	189.4358974358974
6679	127.35042735042734	106.52991452991454
6713	127.35042735042734	106.52991452991454
6745	173.5042735042735	113.36752136752135
6779	173.5042735042735	113.36752136752135
6809	131.62393162393164	115.07692307692305
6841	253.84615384615384	62.94017094017094
6872	152.13675213675214	82.5982905982906
6906	82.05128205128206	105.67521367521368
6937	123.93162393162393	197.98290598290598
6971	183.76068376068378	110.8034188034188
7004	82.90598290598291	233.025641025641
7036	110.25641025641025	252.68376068376068
7086	139.31623931623932	210.80341880341877
7136	155.55555555555557	27.042735042735046
7180	188.03418803418802	-35.35042735042735
7230	279.4871794871795	39.863247863247864
7268	117.09401709401709	38.15384615384615
7306	214.52991452991452	-9.709401709401709
7339	212.82051282051282	28.752136752136753
7371	212.82051282051282	28.752136752136753
7403	225.64102564102564	205.67521367521366
7453	86.32478632478632	409.0940170940171
7492	178.63247863247864	474.90598290598285
7527	311.11111111111114	424.47863247863245
7560	194.87179487179486	223.62393162393158
7592	179.48717948717947	265.5042735042735
7622	174.35897435897434	433.8803418803419
7654	174.35897435897434	433.8803418803419
7687	251.28205128205127	133.88034188034186
7725	227.35042735042734	163.79487179487177
7758	227.35042735042734	163.79487179487177
7791	142.73504273504273	214.22222222222223
7824	142.73504273504273	214.22222222222223
7856	226.4957264957265	215.07692307692307
7890	226.4957264957265	215.07692307692307
7922	226.4957264957265	215.07692307692307
7955	482.05128205128204	525.3333333333333
7987	364.95726495726495	605.6752136752136
8019	106.83760683760683	297.98290598290595
8054	50.427350427350426	541.5726495726495
8087	60.68376068376068	257.8119658119658
8120	100.85470085470085	142.4273504273504
8169	152.13675213675214	315.9316239316239
8222	38.46153846153847	76.61538461538461
8269	5.128205128205129	354.3931623931624
8319	-25.64102564102564	276.61538461538464
8377	115.38461538461539	213.36752136752136
8429	93.16239316239316	233.025641025641
8466	174.35897435897434	158.66666666666666
8498	174.35897435897434	158.66666666666666
8530	124.78632478632478	1.401709401709402
8563	113.67521367521367	51.82905982905983
8593	192.30769230769232	96.27350427350427
8627	215.3846153846154	50.97435897435898
8661	201.7094017094017	301.4017094017094
8693	201.7094017094017	301.4017094017094
8724	173.5042735042735	300.54700854700855
8756	244.44444444444443	144.13675213675214
8789	229.05982905982904	268.9230769230769
8822	300.0	242.4273504273504
8856	264.95726495726495	264.64957264957263
8889	254.70085470085468	242.4273504273504
8922	325.64102564102564	283.45299145299145
8954	258.974358974359	322.7692307692307
8987	323.0769230769231	336.4444444444444
9026	500.0	449.2649572649572
9062	376.9230769230769	305.6752136752137
9094	376.9230769230769	305.6752136752137
9127	376.9230769230769	305.6752136752137
9159	442.7350427350427	327.04273504273505
9193	432.4786324786325	387.7264957264957
9225	313.6752136752137	320.2051282051282
9260	313.6752136752137	320.2051282051282
9292	393.16239316239313	375.7606837606838
9328	653.8461538461538	203.11111111111111
9362	694.017094017094	193.7094017094017
9394	570.9401709401709	247.55555555555554
9429	557.2649572649573	147.55555555555554
9461	629.9145299145299	172.34188034188034
9495	608.5470085470085	285.16239316239313
9527	608.5470085470085	285.16239316239313
9560	844.4444444444445	-49.88034188034188
9594	844.4444444444445	-49.88034188034188
9628	877.7777777777777	6.529914529914531
9662	729.9145299145299	31.31623931623932
9696	729.9145299145299	31.31623931623932
9733	915.3846153846154	-48.17094017094017
9765	915.3846153846154	-48.17094017094017
9799	921.3675213675214	46.7008547008547
9833	889.7435897435897	69.77777777777779
9866	834.1880341880342	124.47863247863246
9899	823.9316239316239	139.008547008547
9953	955.5555555555557	-42.18803418803419
10003	945.2991452991453	-41.333333333333336
10039	901.7094017094017	-15.692307692307692
10071	818.8034188034188	-10.564102564102564
10105	771.7948717948718	59.521367521367516
10138	854.7008547008546	-48.17094017094017
10171	804.2735042735043	-26.803418803418804
10205	738.4615384615385	36.44444444444444
10239	657.2649572649573	39.863247863247864
10272	700.0	0.5470085470085475
10306	700.0	0.5470085470085475
10338	729.9145299145299	104.82051282051282
10371	720.5128205128206	141.57264957264957
10404	808.5470085470085	120.20512820512819
10438	747.8632478632479	156.1025641025641
10472	920.5128205128204	-43.8974358974359
10504	872.6495726495726	-34.4957264957265
10536	911.1111111111111	-56.717948717948715
10586	857.2649572649572	52.68376068376068
10619	954.7008547008547	-146.46153846153845
10655	900.0	-40.47863247863248
10687	764.9572649572649	141.57264957264957
10719	856.4102564102564	85.16239316239316
10769	974.3589743589744	6.529914529914531
10802	941.025641025641	-146.46153846153845
10853	956.4102564102565	-132.7863247863248
10903	805.1282051282052	576.6153846153845
10937	792.3076923076923	638.1538461538462
10971	849.5726495726495	586.8717948717949
11003	958.1196581196582	467.21367521367523
11037	1019.6581196581196	429.60683760683753
11072	994.017094017094	268.9230769230769
11104	988.0341880341881	234.7350427350427
11138	1011.1111111111111	162.08547008547006
11170	839.3162393162394	187.7264957264957
11204	1094.0170940170942	-37.059829059829056
11237	1050.4273504273506	23.623931623931625
11271	709.4017094017095	-155.00854700854703
11305	802.5641025641027	24.478632478632477
11340	4.273504273504274	453.5384615384615
11373	4.273504273504274	453.5384615384615
11407	11.965811965811966	403.1111111111111
11440	187.17948717948718	183.45299145299143
11474	15.384615384615385	282.5982905982906
11506	15.384615384615385	282.5982905982906
11539	-26.495726495726494	303.1111111111111
11574	-35.8974358974359	368.06837606837604
11607	70.94017094017094	207.38461538461536
11645	-45.299145299145295	306.5299145299145
11677	71.7948717948718	243.28205128205127
11707	71.7948717948718	243.28205128205127
11741	122.22222222222221	286.017094017094
11774	122.22222222222221	286.017094017094
11807	173.5042735042735	203.96581196581195
11843	177.77777777777777	293.7094017094017
11877	267.5213675213675	144.99145299145297
11912	267.5213675213675	144.99145299145297
11944	288.88888888888886	133.88034188034186
11978	245.2991452991453	139.008547008547
12011	124.78632478632478	161.23076923076923
12046	249.57264957264957	170.6324786324786
12078	244.44444444444443	172.34188034188034
12112	244.44444444444443	172.34188034188034
12145	166.66666666666666	292.0
12178	217.94871794871796	154.39316239316238
12211	171.7948717948718	221.05982905982904
12247	171.7948717948718	221.05982905982904
12281	195.72649572649573	202.25641025641025
12315	195.72649572649573	202.25641025641025
12351	236.75213675213675	210.80341880341877
12384	236.75213675213675	210.80341880341877
12416	302.56410256410254	162.08547008547006
12450	302.56410256410254	162.08547008547006
12484	159.82905982905982	86.01709401709402
12518	85.47008547008546	251.82905982905984
12550	264.1025641025641	150.97435897435895
12584	264.1025641025641	150.97435897435895
12616	210.25641025641025	197.12820512820514
12652	210.25641025641025	197.12820512820514
12684	216.23931623931625	305.6752136752137
12718	197.43589743589743	253.53846153846155
12751	400.0	91.14529914529913
12819	365.81196581196576	254.39316239316238
12854	357.2649572649573	299.6923076923077
12888	358.97435897435895	558.6666666666667
12923	473.5042735042735	534.7350427350427
12962	323.0769230769231	328.7521367521367
13019	329.9145299145299	325.3333333333333
13056	358.11965811965814	334.7350427350427
13092	378.63247863247864	280.88888888888886
13128	378.63247863247864	280.88888888888886
13162	327.35042735042737	313.36752136752136
13196	327.35042735042737	313.36752136752136
13230	348.7179487179487	274.9059829059829
13263	315.38461538461536	321.05982905982904
13299	315.38461538461536	321.05982905982904
13331	355.55555555555554	550.9743589743589
13365	326.4957264957265	617.6410256410256
13401	206.8376068376068	468.06837606837604
13436	207.6923076923077	490.29059829059827
13486	262.3931623931624	339.008547008547
13519	254.70085470085468	315.9316239316239
13552	273.50427350427356	300.54700854700855
13588	273.50427350427356	300.54700854700855
13622	587.1794871794872	572.3418803418804
13656	563.2478632478633	683.4529914529915
13691	549.5726495726497	590.2905982905983
13725	537.6068376068375	563.7948717948718
13756	550.4273504273505	340.71794871794873
13789	423.9316239316239	286.87179487179486
13823	329.05982905982904	392.0
13856	352.13675213675214	375.7606837606838
13887	317.94871794871796	355.2478632478632
13920	317.94871794871796	355.2478632478632
13952	295.7264957264957	358.66666666666663
14003	382.9059829059829	368.9230769230769
14034	382.9059829059829	368.9230769230769
14066	300.0	366.35897435897436
14101	300.0	366.35897435897436
14133	416.2393162393163	209.09401709401706
14167	411.96581196581195	260.37606837606836
14198	373.5042735042735	303.96581196581195
14231	373.5042735042735	303.96581196581195
14262	597.4358974358975	274.05128205128204
14296	556.4102564102565	239.86324786324786
14328	597.4358974358975	274.05128205128204
14362	644.4444444444445	169.77777777777777
14395	644.4444444444445	169.77777777777777
14429	714.5299145299145	91.14529914529913
14465	573.5042735042734	186.017094017094
14497	573.5042735042734	186.017094017094
14529	632.4786324786324	139.86324786324784
14563	632.4786324786324	139.86324786324784
14596	766.6666666666667	132.17094017094016
14628	780.3418803418804	58.666666666666664
14659	849.5726495726495	121.91452991452991
14692	787.1794871794872	110.8034188034188
14724	787.1794871794872	110.8034188034188
14760	708.5470085470085	74.05128205128206
14793	729.9145299145299	97.98290598290599
14826	759.8290598290598	184.3076923076923
14858	759.8290598290598	184.3076923076923
14890	881.1965811965812	29.606837606837605
14926	874.3589743589744	43.282051282051285
14960	1000.8547008547008	14.222222222222221
14993	814.5299145299145	97.12820512820512
15025	828.2051282051283	120.20512820512819
15059	882.051282051282	66.35897435897435
15093	1000.8547008547008	37.299145299145295
15124	943.5897435897435	-26.803418803418804
15160	1070.08547008547	39.008547008547005
15194	1070.08547008547	39.008547008547005
15226	1058.974358974359	106.52991452991454
15258	1058.974358974359	106.52991452991454
15290	461.53846153846155	64.64957264957265
15323	488.03418803418805	118.49572649572649
15354	-38.46153846153847	282.5982905982906
15386	-9.401709401709402	177.47008547008545
15420	35.8974358974359	295.4188034188034
15453	-11.11111111111111	244.99145299145297
15486	0.0	236.4444444444444
15523	36.75213675213676	211.65811965811963
15556	39.31623931623932	245.8461538461538
15589	76.06837606837607	264.64957264957263
15620	116.23931623931624	197.98290598290598
15651	127.35042735042734	193.7094017094017
15683	189.74358974358972	193.7094017094017
15716	166.66666666666666	226.18803418803418
15749	53.84615384615385	281.7435897435897
15784	53.84615384615385	281.7435897435897
15817	79.48717948717949	251.82905982905984
15849	75.21367521367522	233.88034188034186
15880	105.12820512820512	276.61538461538464
15914	114.52991452991452	303.96581196581195
15947	-0.8547008547008547	453.5384615384615
15983	-0.8547008547008547	453.5384615384615
16016	-7.6923076923076925	327.8974358974359
16048	-27.35042735042735	365.5042735042735
16081	-29.05982905982906	418.4957264957265
16114	-81.1965811965812	423.6239316239316
16148	24.786324786324784	304.8205128205128
16182	24.786324786324784	304.8205128205128
16216	206.8376068376068	221.91452991452988
16249	206.8376068376068	221.91452991452988
16282	339.3162393162393	203.96581196581195
16316	339.3162393162393	203.96581196581195
16350	193.16239316239316	216.78632478632477
16384	193.16239316239316	216.78632478632477
16418	127.35042735042734	298.8376068376068
16451	127.35042735042734	298.8376068376068
16486	159.82905982905982	221.05982905982904
16520	159.82905982905982	221.05982905982904
16570	47.863247863247864	334.7350427350427
16619	123.93162393162393	276.61538461538464
16653	205.98290598290598	209.09401709401706
16703	278.63247863247864	162.94017094017093
16736	275.21367521367523	175.76068376068375
16771	275.21367521367523	175.76068376068375
16804	213.67521367521366	276.61538461538464
16838	213.67521367521366	276.61538461538464
16870	256.4102564102564	286.87179487179486
16903	299.14529914529913	283.45299145299145
16935	330.7692307692308	225.33333333333334
16986	382.9059829059829	217.64102564102564
17020	381.1965811965812	196.27350427350424
17053	381.1965811965812	196.27350427350424
17103	301.7094017094017	292.85470085470087
17153	433.33333333333337	362.0854700854701
17188	448.71794871794873	354.3931623931624
17222	358.97435897435895	378.3247863247863
17257	358.97435897435895	378.3247863247863
17290	373.5042735042735	328.7521367521367
17323	373.5042735042735	328.7521367521367
17358	347.86324786324786	397.1282051282051
17392	434.1880341880342	334.7350427350427
17424	418.8034188034188	223.62393162393158
17458	461.53846153846155	290.29059829059827
17492	461.53846153846155	290.29059829059827
17524	372.64957264957263	364.64957264957263
17558	400.0	277.47008547008545
17593	400.0	277.47008547008545
17626	347.008547008547	320.2051282051282
17660	347.008547008547	320.2051282051282
17694	439.3162393162393	285.16239316239313
17733	370.94017094017096	279.1794871794872
17768	379.48717948717945	311.65811965811963
17799	352.13675213675214	365.5042735042735
17833	352.13675213675214	365.5042735042735
17864	386.3247863247863	380.03418803418805
17897	386.3247863247863	380.03418803418805
17929	386.3247863247863	380.03418803418805
17964	437.6068376068376	286.017094017094
17999	505.98290598290595	256.1025641025641
18053	505.98290598290595	256.1025641025641
18103	485.47008547008545	185.16239316239316
18153	380.3418803418803	298.8376068376068
18188	471.79487179487177	256.1025641025641
18221	430.7692307692308	239.008547008547
18255	389.7435897435897	351.8290598290598
18290	466.6666666666667	237.29914529914532
18323	389.7435897435897	351.8290598290598
18358	570.0854700854701	662.0854700854701
18392	535.042735042735	678.3247863247863
18425	354.70085470085473	572.3418803418804
18459	376.06837606837604	647.5555555555555
18495	353.84615384615387	618.4957264957264
18529	246.15384615384616	346.7008547008547
18564	323.0769230769231	280.03418803418805
18594	322.22222222222223	399.6923076923077
18628	300.85470085470087	278.3247863247863
18665	407.6923076923077	404.82051282051276
18698	290.59829059829065	431.3162393162394
18734	355.55555555555554	253.53846153846155
18768	375.21367521367523	356.1025641025641
18802	469.2307692307692	190.2905982905983
18853	450.42735042735046	248.41025641025638
18900	439.3162393162393	277.47008547008545
18933	362.39316239316236	371.48717948717945
18986	362.39316239316236	371.48717948717945
19018	388.8888888888889	338.1538461538462
19052	388.8888888888889	338.1538461538462
19103	409.4017094017094	341.57264957264954
19137	151.28205128205127	339.86324786324786
19172	149.57264957264957	289.43589743589746
19205	64.1025641025641	321.05982905982904
19238	89.74358974358974	327.04273504273505
19269	126.49572649572649	356.1025641025641
19319	40.17094017094018	372.3418803418803
19352	-16.239316239316242	394.56410256410254
19388	33.333333333333336	328.7521367521367
19422	-21.367521367521366	437.2991452991453
19457	-39.31623931623932	546.7008547008547
19491	-39.31623931623932	546.7008547008547
19524	-39.31623931623932	546.7008547008547
19559	108.54700854700855	377.47008547008545
19592	85.47008547008546	368.9230769230769
19626	225.64102564102564	345.8461538461538
19663	193.16239316239316	260.37606837606836
19718	193.16239316239316	260.37606837606836
19753	115.38461538461539	427.89743589743586
19789	96.58119658119658	362.94017094017096
19821	375.21367521367523	175.76068376068375
19857	249.57264957264957	346.7008547008547
19892	249.57264957264957	346.7008547008547
19926	249.57264957264957	346.7008547008547
19959	364.95726495726495	192.85470085470084
19997	364.95726495726495	192.85470085470084
20029	330.7692307692308	287.7264957264957
20063	282.05128205128204	331.3162393162393
20098	282.05128205128204	331.3162393162393
20131	382.05128205128204	225.33333333333334
20166	330.7692307692308	242.4273504273504
20199	588.8888888888889	299.6923076923077
20233	506.8376068376068	323.6239316239316
20266	487.1794871794872	377.47008547008545
20300	487.1794871794872	377.47008547008545
20332	487.1794871794872	377.47008547008545
20365	450.42735042735046	304.8205128205128
20399	304.2735042735043	340.71794871794873
20435	304.2735042735043	340.71794871794873
20466	472.64957264957263	289.43589743589746
20499	472.64957264957263	289.43589743589746
20532	532.4786324786324	559.5213675213676
20563	532.4786324786324	559.5213675213676
20596	658.1196581196581	450.1196581196581
20629	654.7008547008547	503.1111111111111
20662	600.8547008547008	465.5042735042735
20695	659.8290598290598	423.6239316239316
20728	600.8547008547008	465.5042735042735
20761	626.4957264957264	501.40170940170935
20796	623.9316239316239	495.4188034188034
20846	608.5470085470085	525.3333333333333
20880	723.0769230769231	424.47863247863245
20936	765.8119658119658	505.6752136752136
20983	632.4786324786324	680.034188034188
21019	693.1623931623932	479.1794871794871
21051	788.034188034188	517.6410256410256
21083	812.8205128205128	404.82051282051276
21116	851.2820512820513	222.76923076923075
21149	814.5299145299145	461.2307692307692
21203	766.6666666666667	523.6239316239316
21236	830.7692307692308	438.1538461538462
21270	896.5811965811967	441.57264957264954
21304	896.5811965811967	441.57264957264954
21338	877.7777777777777	268.9230769230769
21372	905.982905982906	210.80341880341877
21404	283.7606837606838	225.33333333333334
21437	234.18803418803418	297.1282051282051
21486	-35.8974358974359	515.9316239316239
21536	-54.7008547008547	408.2393162393163
21568	-54.7008547008547	408.2393162393163
21601	-5.982905982905983	367.21367521367523
21635	74.35897435897436	283.45299145299145
21668	128.2051282051282	312.5128205128205
21701	78.63247863247864	347.55555555555554
21734	-82.90598290598291	466.35897435897436
21769	1.7094017094017093	367.21367521367523
21820	77.77777777777779	399.6923076923077
21870	141.02564102564102	347.55555555555554
21903	141.02564102564102	347.55555555555554
21953	129.05982905982907	253.53846153846155
22007	93.16239316239316	328.7521367521367
22042	93.16239316239316	328.7521367521367
22075	229.9145299145299	379.1794871794872
22108	229.9145299145299	379.1794871794872
22141	174.35897435897434	346.7008547008547
22174	174.35897435897434	346.7008547008547
22206	229.9145299145299	317.64102564102564
22238	229.9145299145299	317.64102564102564
22270	217.94871794871796	424.47863247863245
22304	260.6837606837607	444.991452991453
22337	228.2051282051282	392.85470085470087
22371	221.36752136752136	317.64102564102564
22405	269.2307692307692	314.22222222222223
22439	269.2307692307692	314.22222222222223
22478	299.14529914529913	402.2564102564102
22510	353.84615384615387	278.3247863247863
22543	436.7521367521368	175.76068376068375
22577	412.8205128205128	280.88888888888886
22609	400.85470085470087	327.04273504273505
22643	389.7435897435897	281.7435897435897
22676	582.0512820512821	345.8461538461538
22710	584.6153846153846	335.58974358974353
22742	572.6495726495726	431.3162393162394
22776	586.3247863247864	387.7264957264957
22809	396.58119658119654	409.0940170940171
22844	423.0769230769231	426.1880341880341
22877	286.3247863247863	492.85470085470087
22910	241.02564102564102	456.10256410256414
22943	-17.94871794871795	468.06837606837604
22979	-40.17094017094018	473.1965811965812
23017	-23.076923076923077	439.008547008547
23051	43.589743589743584	292.0
23103	25.64102564102564	204.82051282051282
23153	60.68376068376068	309.0940170940171
23186	17.094017094017097	399.6923076923077
23219	76.92307692307693	359.5213675213675
23253	76.92307692307693	359.5213675213675
23286	221.36752136752136	372.3418803418803
23319	188.03418803418802	370.63247863247864
23353	189.74358974358972	233.88034188034186
23390	176.92307692307693	265.5042735042735
23427	176.92307692307693	265.5042735042735
23460	274.35897435897436	247.55555555555554
23493	201.7094017094017	302.2564102564103
23526	201.7094017094017	302.2564102564103
23557	266.6666666666667	239.86324786324786
23595	258.11965811965814	198.83760683760684
23629	282.9059829059829	358.66666666666663
23664	278.63247863247864	432.1709401709402
23696	278.63247863247864	432.1709401709402
23727	336.7521367521368	219.35042735042734
23761	323.0769230769231	466.35897435897436
23793	379.48717948717945	345.8461538461538
23826	399.1452991452992	336.4444444444444
23858	464.95726495726495	439.008547008547
23892	484.61538461538464	268.06837606837604
23924	502.56410256410254	327.8974358974359
23957	461.53846153846155	408.2393162393163
23991	458.1196581196581	320.2051282051282
24024	272.64957264957263	377.47008547008545
24057	282.05128205128204	380.88888888888886
24089	447.86324786324786	350.974358974359
24122	447.86324786324786	350.974358974359
24155	431.62393162393164	486.01709401709405
24193	568.3760683760684	812.5128205128204
24225	666.6666666666666	674.051282051282
24257	711.1111111111111	396.2735042735043
24290	711.1111111111111	396.2735042735043
24322	711.1111111111111	396.2735042735043
24354	771.7948717948718	419.3504273504273
24388	687.1794871794872	427.89743589743586
24422	782.9059829059829	420.2051282051282
24456	749.5726495726495	497.98290598290595
24489	805.1282051282052	381.7435897435897
24523	777.7777777777778	434.7350427350427
24556	791.4529914529915	433.02564102564105
24590	696.5811965811965	520.2051282051282
24623	696.5811965811965	520.2051282051282
24657	749.5726495726495	385.16239316239313
24692	717.9487179487179	379.1794871794872
24724	749.5726495726495	385.16239316239313
24757	26.495726495726494	397.1282051282051
24793	105.12820512820512	320.2051282051282
24827	23.076923076923077	269.77777777777777
24863	2.5641025641025643	427.89743589743586
24899	2.5641025641025643	427.89743589743586
24933	-19.65811965811966	390.29059829059827
24969	-19.65811965811966	390.29059829059827
25002	-84.61538461538461	424.47863247863245
25053	-47.863247863247864	507.3846153846154
25103	16.239316239316242	294.56410256410254
25153	19.65811965811966	462.94017094017096
25186	14.52991452991453	525.3333333333333
25236	-63.24786324786324	493.7094017094017
25286	162.3931623931624	354.3931623931624
25336	111.96581196581197	359.5213675213675
25374	111.96581196581197	359.5213675213675
25408	74.35897435897436	397.1282051282051
25442	74.35897435897436	397.1282051282051
25475	117.94871794871794	439.008547008547
25508	65.81196581196582	332.1709401709401
25542	84.61538461538461	477.47008547008545
25576	113.67521367521367	467.21367521367523
25607	152.13675213675214	417.64102564102564
25639	208.54700854700855	397.1282051282051
25674	405.12820512820514	522.7692307692307
25707	368.3760683760684	627.042735042735
25741	380.3418803418803	492.0
25776	386.3247863247863	475.7606837606837
25808	400.0	418.4957264957265
25841	347.008547008547	475.7606837606837
25876	368.3760683760684	450.1196581196581
25910	350.4273504273504	455.24786324786317
25944	427.3504273504273	349.2649572649572
25979	358.97435897435895	474.05128205128204
26011	425.64102564102564	337.2991452991453
26045	271.79487179487177	312.5128205128205
26078	367.52136752136755	350.974358974359
26111	387.1794871794872	283.45299145299145
26144	367.52136752136755	467.21367521367523
26178	367.52136752136755	467.21367521367523
26211	535.042735042735	422.7692307692307
26249	494.8717948717949	410.8034188034188
26283	533.3333333333334	350.11965811965814
26316	533.3333333333334	350.11965811965814
26351	432.4786324786325	415.9316239316239
26384	610.2564102564103	480.8888888888889
26418	554.7008547008547	479.1794871794871
26451	543.5897435897435	404.82051282051276
26485	531.6239316239316	383.45299145299145
26519	605.9829059829059	412.5128205128205
26553	503.4188034188034	352.6837606837607
26588	551.2820512820513	427.042735042735
26642	278.63247863247864	307.38461538461536
26683	361.53846153846155	416.78632478632477
26715	322.22222222222223	453.5384615384615
26754	239.31623931623932	445.8461538461538
26788	229.9145299145299	386.017094017094
26821	245.2991452991453	449.2649572649572
26855	247.00854700854703	478.32478632478626
26888	530.7692307692307	662.0854700854701
26927	262.3931623931624	664.6495726495726
26962	252.13675213675214	666.3589743589744
26994	240.17094017094018	600.5470085470085
27028	263.2478632478633	556.957264957265
27069	541.025641025641	608.2393162393163
27103	534.1880341880342	650.1196581196581
27153	424.78632478632477	675.7606837606837
27189	454.7008547008547	774.9059829059829
27223	301.7094017094017	728.7521367521367
27261	222.2222222222222	769.7777777777777
27295	222.2222222222222	769.7777777777777
27327	382.9059829059829	497.1282051282051
27362	318.80341880341877	472.3418803418803
27393	399.1452991452992	513.3675213675214
27428	399.1452991452992	513.3675213675214
27462	351.28205128205127	623.6239316239316
27495	357.2649572649573	577.4700854700855
27529	357.2649572649573	577.4700854700855
27561	378.63247863247864	513.3675213675214
27603	323.0769230769231	523.6239316239316
27653	380.3418803418803	614.2222222222222
27686	495.7264957264957	579.1794871794872
27719	452.13675213675214	574.051282051282
27752	384.61538461538464	486.87179487179486
27786	458.1196581196581	405.6752136752136
27836	398.29059829059827	435.5897435897436
27886	429.05982905982904	374.9059829059829
27920	429.05982905982904	374.9059829059829
27970	456.4102564102564	450.97435897435895
28020	425.64102564102564	495.4188034188034
28065	340.1709401709402	481.7435897435898
28102	294.01709401709405	475.7606837606837
28136	317.94871794871796	542.4273504273505
28170	292.3076923076923	472.3418803418803
28202	564.9572649572649	420.2051282051282
28235	560.6837606837607	486.87179487179486
28269	593.1623931623932	378.3247863247863
28302	565.8119658119658	476.6153846153846
28333	593.1623931623932	352.6837606837607
28365	616.2393162393163	423.6239316239316
28400	563.2478632478633	498.8376068376068
28434	530.7692307692307	476.6153846153846
28468	588.0341880341881	449.2649572649572
28500	549.5726495726497	301.4017094017094
28532	506.8376068376068	531.3162393162394
28566	389.7435897435897	531.3162393162394
28598	539.3162393162393	385.16239316239313
28631	494.8717948717949	476.6153846153846
28664	517.948717948718	533.8803418803419
28696	517.948717948718	533.8803418803419
28728	517.948717948718	533.8803418803419
28760	672.6495726495727	399.6923076923077
28794	672.6495726495727	399.6923076923077
28831	760.6837606837606	288.5811965811966
28865	838.4615384615385	509.0940170940171
28898	742.7350427350427	444.13675213675214
28930	805.982905982906	255.24786324786325
28967	798.2905982905984	277.47008547008545
28998	874.3589743589744	379.1794871794872
29031	874.3589743589744	379.1794871794872
29062	810.2564102564103	416.78632478632477
29095	810.2564102564103	416.78632478632477
29128	750.4273504273505	491.14529914529913
29159	849.5726495726495	301.4017094017094
29193	806.8376068376068	392.85470085470087
29225	994.017094017094	309.9487179487179
29255	944.4444444444445	346.7008547008547
29292	881.1965811965812	350.11965811965814
29324	950.4273504273503	349.2649572649572
29357	868.3760683760684	382.5982905982906
29389	183.76068376068378	515.0769230769231
29423	183.76068376068378	515.0769230769231
29460	-107.6923076923077	710.8034188034188
29493	-107.6923076923077	710.8034188034188
29525	-107.6923076923077	710.8034188034188
29557	-52.99145299145299	444.13675213675214
29590	-97.43589743589743	586.017094017094
29623	0.8547008547008547	392.0
29656	-119.65811965811966	430.4615384615384
29689	6.837606837606837	415.0769230769231
29722	6.837606837606837	415.0769230769231
29755	105.98290598290598	262.0854700854701
29790	66.66666666666667	356.95726495726495
29823	66.66666666666667	356.95726495726495
29855	119.65811965811966	387.7264957264957
29890	105.98290598290598	412.5128205128205
29922	100.0	362.0854700854701
29953	246.15384615384616	231.3162393162393
30003	163.24786324786325	511.6581196581197
30034	163.24786324786325	511.6581196581197
30065	517.0940170940171	768.0683760683761
30101	517.0940170940171	768.0683760683761
30133	119.65811965811966	786.017094017094
30186	197.43589743589743	829.6068376068376
30219	174.35897435897434	565.5042735042736
30256	266.6666666666667	526.1880341880342
30291	266.6666666666667	526.1880341880342
30323	266.6666666666667	526.1880341880342
30357	296.5811965811966	440.71794871794873
30390	263.2478632478633	450.97435897435895
30423	389.7435897435897	499.6923076923077
30457	389.7435897435897	499.6923076923077
30491	494.01709401709405	562.9401709401709
30524	517.0940170940171	525.3333333333333
30558	516.2393162393163	586.017094017094
30591	684.6153846153846	-2.0170940170940166
30625	754.7008547008547	13.367521367521368
30657	678.6324786324786	260.37606837606836
30692	649.5726495726497	131.3162393162393
30725	678.6324786324786	260.37606837606836
30758	434.1880341880342	697.1282051282051
30790	406.8376068376068	626.1880341880342
30823	439.3162393162393	540.7179487179487
30856	439.3162393162393	540.7179487179487
30890	392.3076923076923	533.0256410256411
30923	429.05982905982904	455.24786324786317
30957	533.3333333333334	397.98290598290595
30991	757.2649572649573	345.8461538461538
31024	670.0854700854701	422.7692307692307
31058	694.8717948717948	365.5042735042735
31093	597.4358974358975	347.55555555555554
31125	620.5128205128206	388.5811965811966
31158	645.2991452991454	439.86324786324786
31189	589.7435897435897	439.86324786324786
31222	775.2136752136753	514.2222222222222
31255	775.2136752136753	514.2222222222222
31290	714.5299145299145	642.4273504273505
31326	909.4017094017094	393.7094017094017
31359	909.4017094017094	393.7094017094017
31392	878.6324786324786	423.6239316239316
31425	878.6324786324786	423.6239316239316
31458	940.1709401709402	367.21367521367523
31490	940.1709401709402	367.21367521367523
31524	940.1709401709402	367.21367521367523
31556	811.965811965812	509.94871794871796
31589	811.965811965812	509.94871794871796
31623	892.3076923076924	364.64957264957263
31656	892.3076923076924	364.64957264957263
31690	848.7179487179487	499.6923076923077
31728	641.8803418803419	468.9230769230769
31763	678.6324786324786	488.5811965811966
31796	660.6837606837606	555.2478632478632
31829	660.6837606837606	555.2478632478632
31862	719.6581196581196	462.94017094017096
31897	776.0683760683761	462.0854700854701
31929	776.0683760683761	462.0854700854701
31962	717.0940170940171	466.35897435897436
31994	717.0940170940171	466.35897435897436
32029	763.2478632478632	403.1111111111111
32063	838.4615384615385	308.2393162393162
32098	790.5982905982905	284.30769230769226
32131	819.6581196581196	362.0854700854701
32168	819.6581196581196	362.0854700854701
32200	870.0854700854701	405.6752136752136
32233	832.4786324786326	469.77777777777777
32269	871.7948717948718	403.1111111111111
32305	882.051282051282	429.60683760683753
32337	847.8632478632478	429.60683760683753
32369	847.8632478632478	429.60683760683753
32402	827.3504273504273	465.5042735042735
32438	906.8376068376068	445.8461538461538
32470	858.1196581196581	420.2051282051282
32504	858.1196581196581	420.2051282051282
32536	867.5213675213676	344.991452991453
32586	850.4273504273503	462.0854700854701
32636	871.7948717948718	475.7606837606837
32669	156.4102564102564	365.5042735042735
32709	118.8034188034188	386.87179487179486
32741	-68.37606837606839	575.7606837606837
32775	-111.96581196581197	525.3333333333333
32806	-70.94017094017094	486.87179487179486
32838	-70.94017094017094	486.87179487179486
32870	-98.29059829059828	536.4444444444445
32906	-98.29059829059828	536.4444444444445
32938	-128.2051282051282	479.1794871794871
32972	-128.2051282051282	479.1794871794871
33005	-39.31623931623932	498.8376068376068
33039	-39.31623931623932	498.8376068376068
33072	-47.863247863247864	471.48717948717945
33108	-2.5641025641025643	444.13675213675214
33142	27.35042735042735	404.82051282051276
33175	-5.982905982905983	455.24786324786317
33209	158.1196581196581	340.71794871794873
33242	89.74358974358974	409.94871794871796
33275	135.89743589743588	459.52136752136755
33309	141.8803418803419	412.5128205128205
33343	103.4188034188034	462.94017094017096
33376	78.63247863247864	492.0
33434	176.92307692307693	180.03418803418802
33469	89.74358974358974	430.4615384615384
33504	89.74358974358974	430.4615384615384
33536	17.94871794871795	360.37606837606836
33570	17.94871794871795	352.6837606837607
33603	17.94871794871795	387.7264957264957
33637	17.94871794871795	387.7264957264957
33670	-39.31623931623932	354.3931623931624
33703	-38.46153846153847	399.6923076923077
33736	-28.205128205128204	455.24786324786317
33771	30.76923076923077	312.5128205128205
33806	47.863247863247864	622.7692307692307
33841	47.863247863247864	622.7692307692307
33873	85.47008547008546	408.2393162393163
33908	122.22222222222221	447.55555555555554
33941	-109.4017094017094	700.5470085470085
33977	-109.4017094017094	700.5470085470085
34009	-113.67521367521367	560.3760683760684
34044	-65.81196581196582	509.0940170940171
34077	-58.11965811965812	546.7008547008547
34113	-58.11965811965812	546.7008547008547
34150	-104.27350427350427	600.5470085470085
34180	-82.05128205128206	569.7777777777777
34213	28.205128205128204	584.3076923076924
34246	28.205128205128204	584.3076923076924
34279	-22.22222222222222	545.8461538461538
34314	-22.22222222222222	545.8461538461538
34346	1.7094017094017093	656.1025641025641
34383	24.786324786324784	516.7863247863248
34416	35.8974358974359	366.35897435897436
34448	35.8974358974359	366.35897435897436
34486	144.44444444444443	486.87179487179486
34520	144.44444444444443	486.87179487179486
34556	73.50427350427351	594.5641025641025
34589	73.50427350427351	594.5641025641025
34621	32.478632478632484	437.2991452991453
34655	204.27350427350427	485.1623931623932
34690	147.00854700854703	457.8119658119658
34722	147.00854700854703	457.8119658119658
34754	119.65811965811966	485.1623931623932
34787	119.65811965811966	485.1623931623932
34821	143.5897435897436	442.4273504273504
34854	143.5897435897436	442.4273504273504
34886	126.49572649572649	553.5384615384614
34922	132.47863247863248	515.0769230769231
34955	153.84615384615387	476.6153846153846
34988	153.84615384615387	476.6153846153846
35019	98.29059829059828	314.22222222222223
35052	152.13675213675214	520.2051282051282
35103	176.92307692307693	301.4017094017094
35137	231.62393162393164	531.3162393162394
35171	231.62393162393164	531.3162393162394
35202	241.02564102564102	530.4615384615385
35236	241.02564102564102	530.4615384615385
35268	206.8376068376068	579.1794871794872
35299	206.8376068376068	579.1794871794872
35332	249.57264957264957	548.4102564102564
35365	249.57264957264957	548.4102564102564
35397	224.7863247863248	516.7863247863248
35430	224.7863247863248	516.7863247863248
35463	135.89743589743588	387.7264957264957
35496	135.89743589743588	387.7264957264957
35529	135.89743589743588	387.7264957264957
35562	68.37606837606839	444.991452991453
35595	68.37606837606839	444.991452991453
35628	182.90598290598288	545.8461538461538
35660	182.90598290598288	545.8461538461538
35693	17.094017094017097	579.1794871794872
35727	82.90598290598291	339.008547008547
35761	82.90598290598291	339.008547008547
35793	4.273504273504274	459.52136752136755
35826	4.273504273504274	459.52136752136755
35858	12.82051282051282	368.9230769230769
35891	12.82051282051282	368.9230769230769
35923	12.82051282051282	368.9230769230769
35954	312.8205128205128	575.7606837606837
35991	312.8205128205128	575.7606837606837
36023	296.5811965811966	474.05128205128204
36055	278.63247863247864	533.8803418803419
36089	364.1025641025641	421.05982905982904
36121	385.4700854700855	369.77777777777777
36153	282.05128205128204	484.3076923076923
36186	295.7264957264957	474.05128205128204
36236	252.99145299145297	601.4017094017094
36286	198.29059829059827	527.8974358974358
36322	276.92307692307696	357.8119658119658
36356	517.0940170940171	407.3846153846154
36388	508.54700854700855	395.4188034188034
36422	556.4102564102565	531.3162393162394
36455	547.8632478632479	510.8034188034188
36488	528.2051282051282	387.7264957264957
36524	569.2307692307692	454.39316239316236
36556	589.7435897435897	392.85470085470087
36591	488.03418803418805	507.3846153846154
36624	488.03418803418805	507.3846153846154
36658	643.5897435897436	550.1196581196581
36694	684.6153846153846	546.7008547008547
36727	684.6153846153846	546.7008547008547
36760	692.3076923076923	529.6068376068375
36793	735.0427350427351	533.8803418803419
36826	670.0854700854701	402.2564102564102
36859	682.9059829059829	498.8376068376068
36892	654.7008547008547	559.5213675213676
36928	690.5982905982905	409.94871794871796
36962	690.5982905982905	409.94871794871796
36995	552.991452991453	402.2564102564102
37024	552.991452991453	402.2564102564102
37057	478.63247863247864	448.41025641025635
37092	478.63247863247864	448.41025641025635
37123	478.63247863247864	448.41025641025635
37158	435.04273504273505	502.2564102564102
37191	435.04273504273505	502.2564102564102
37224	439.3162393162393	658.6666666666667
37257	439.3162393162393	658.6666666666667
37290	428.2051282051282	524.4786324786324
37322	428.2051282051282	524.4786324786324
37357	647.8632478632479	480.034188034188
37391	734.1880341880342	462.0854700854701
37423	734.1880341880342	462.0854700854701
37457	736.7521367521368	387.7264957264957
37491	736.7521367521368	387.7264957264957
37524	736.7521367521368	387.7264957264957
37557	737.6068376068376	526.1880341880342
37594	779.4871794871794	510.8034188034188
37627	854.7008547008546	520.2051282051282
37661	752.1367521367521	550.9743589743589
37694	776.9230769230769	562.9401709401709
37729	882.9059829059829	519.3504273504274
37763	882.9059829059829	519.3504273504274
37797	868.3760683760684	441.57264957264954
37831	857.2649572649572	468.06837606837604
37864	905.1282051282051	461.2307692307692
37898	928.2051282051283	455.24786324786317
37933	882.051282051282	456.957264957265
37965	948.7179487179487	489.43589743589746
37999	214.52991452991452	615.0769230769231
38034	203.4188034188034	573.1965811965812
38066	-52.136752136752136	586.017094017094
38100	-17.94871794871795	529.6068376068375
38133	-49.57264957264957	393.7094017094017
38169	-49.57264957264957	393.7094017094017
38203	-11.11111111111111	651.8290598290598
38237	-117.94871794871794	638.1538461538462
38286	-131.62393162393164	621.059829059829
38336	-108.54700854700855	578.3247863247863
38386	-108.54700854700855	578.3247863247863
38436	4.273504273504274	457.8119658119658
38471	-90.59829059829059	603.9658119658119
38505	-90.59829059829059	603.9658119658119
38539	13.675213675213675	512.5128205128206
38573	49.57264957264957	504.82051282051276
38606	147.86324786324786	435.5897435897436
38645	147.86324786324786	435.5897435897436
38680	140.17094017094018	497.98290598290595
38714	140.17094017094018	497.98290598290595
38747	218.8034188034188	586.8717948717949
38780	218.8034188034188	586.8717948717949
38813	192.30769230769232	597.982905982906
38848	192.30769230769232	597.982905982906
38885	600.8547008547008	319.3504273504273
38918	570.9401709401709	391.14529914529913
38951	330.7692307692308	729.6068376068375
38985	330.7692307692308	729.6068376068375
39018	297.43589743589746	838.1538461538462
39051	297.43589743589746	838.1538461538462
39085	190.5982905982906	774.9059829059829
39124	190.5982905982906	774.9059829059829
39168	234.18803418803418	648.4102564102564
39220	300.85470085470087	554.3931623931624
39254	300.85470085470087	554.3931623931624
39288	378.63247863247864	536.4444444444445
39322	378.63247863247864	536.4444444444445
39356	415.3846153846154	632.1709401709402
39391	508.54700854700855	525.3333333333333
39426	508.54700854700855	525.3333333333333
39458	506.8376068376068	504.82051282051276
39492	506.8376068376068	504.82051282051276
39529	506.8376068376068	504.82051282051276
39563	576.9230769230769	652.6837606837606
39595	576.9230769230769	652.6837606837606
39628	500.85470085470087	566.3589743589744
39663	541.8803418803418	524.4786324786324
39696	541.8803418803418	524.4786324786324
39729	503.4188034188034	480.8888888888889
39761	503.4188034188034	480.8888888888889
39797	627.3504273504274	505.6752136752136
39833	627.3504273504274	505.6752136752136
39886	642.7350427350428	497.1282051282051
39936	690.5982905982905	434.7350427350427
39969	776.0683760683761	431.3162393162394
40002	696.5811965811965	507.3846153846154
40053	747.008547008547	508.2393162393163
40085	660.6837606837606	535.5897435897436
40136	665.8119658119658	550.1196581196581
40186	665.8119658119658	550.1196581196581
40219	724.7863247863247	556.1025641025641
40272	719.6581196581196	550.1196581196581
40307	732.4786324786324	573.1965811965812
40340	805.1282051282052	453.5384615384615
40376	778.6324786324786	409.0940170940171
40410	826.4957264957264	451.8290598290598
40444	826.4957264957264	451.8290598290598
40478	869.2307692307693	470.63247863247864
40516	793.1623931623931	474.05128205128204
40551	791.4529914529915	450.1196581196581
40603	752.991452991453	505.6752136752136
40637	758.9743589743589	544.991452991453
40672	846.1538461538462	533.8803418803419
40706	825.6410256410256	441.57264957264954
40740	811.1111111111111	412.5128205128205
40773	794.017094017094	481.7435897435898
40807	928.2051282051283	490.29059829059827
40840	928.2051282051283	490.29059829059827
40871	772.6495726495726	586.017094017094
40904	740.1709401709402	591.1452991452992
40938	865.8119658119658	555.2478632478632
40971	864.957264957265	531.3162393162394
41005	741.8803418803419	536.4444444444445
41042	741.8803418803419	536.4444444444445
41075	769.2307692307693	538.1538461538462
41108	769.2307692307693	538.1538461538462
41141	810.2564102564103	460.3760683760684
41174	810.2564102564103	460.3760683760684
41205	754.7008547008547	397.98290598290595
41239	754.7008547008547	397.98290598290595
41270	756.4102564102564	613.3675213675214
41303	719.6581196581196	552.6837606837606
41335	820.5128205128204	465.5042735042735
41368	820.5128205128204	465.5042735042735
41402	781.1965811965812	524.4786324786324
41435	797.4358974358975	527.042735042735
41469	800.8547008547009	579.1794871794872
41502	799.1452991452992	609.0940170940171
41553	860.6837606837607	525.3333333333333
41585	860.6837606837607	525.3333333333333
41636	885.4700854700855	538.1538461538462
41675	888.8888888888888	499.6923076923077
41708	854.7008547008546	556.1025641025641
41741	781.1965811965812	494.56410256410254
41773	856.4102564102564	427.89743589743586
41807	845.2991452991453	836.4444444444445
41841	747.8632478632479	864.6495726495725
41873	960.6837606837607	479.1794871794871
41905	960.6837606837607	479.1794871794871
41940	1000.0	488.5811965811966
41973	1000.0	488.5811965811966
42005	935.0427350427351	587.7264957264957
42038	935.0427350427351	587.7264957264957
42070	814.5299145299145	527.8974358974358
42120	814.5299145299145	527.8974358974358
42170	170.94017094017093	518.4957264957264
42202	51.28205128205128	580.034188034188
42238	-17.094017094017097	621.9145299145299
42270	9.401709401709402	608.2393162393163
42320	9.401709401709402	608.2393162393163
42370	-70.08547008547009	562.0854700854701
42436	0.8547008547008547	627.8974358974358
42474	15.384615384615385	489.43589743589746
42506	-35.8974358974359	435.5897435897436
42538	-121.36752136752136	502.2564102564102
42573	-121.36752136752136	502.2564102564102
42607	21.367521367521366	569.7777777777777
42642	9.401709401709402	652.6837606837606
42674	64.1025641025641	521.059829059829
42709	44.44444444444444	523.6239316239316
42741	69.23076923076924	618.4957264957264
42774	69.23076923076924	618.4957264957264
42806	84.61538461538461	607.3846153846154
42844	84.61538461538461	607.3846153846154
42881	0.8547008547008547	560.3760683760684
42914	90.59829059829059	512.5128205128206
42952	-23.076923076923077	603.9658119658119
42986	-32.478632478632484	656.957264957265
43018	10.256410256410257	532.1709401709402
43052	10.256410256410257	532.1709401709402
43084	73.50427350427351	498.8376068376068
43118	73.50427350427351	498.8376068376068
43151	98.29059829059828	433.02564102564105
43184	98.29059829059828	433.02564102564105
43216	178.63247863247864	480.034188034188
43250	178.63247863247864	480.034188034188
43283	94.01709401709401	639.008547008547
43316	235.89743589743588	668.9230769230769
43348	619.6581196581196	196.27350427350424
43381	628.2051282051282	97.12820512820512
43414	359.8290598290598	642.4273504273505
43447	411.1111111111111	471.48717948717945
43482	305.12820512820514	672.3418803418804
43519	360.6837606837607	747.5555555555555
43552	290.59829059829065	650.9743589743589
43585	369.2307692307692	526.1880341880342
43617	227.35042735042734	567.2136752136752
43652	267.5213675213675	552.6837606837606
43686	331.62393162393164	594.5641025641025
43719	276.92307692307696	596.2735042735043
43752	347.008547008547	666.3589743589744
43786	298.29059829059827	545.8461538461538
43817	431.62393162393164	564.6495726495726
43851	383.7606837606838	480.8888888888889
43885	489.7435897435897	472.3418803418803
43920	498.29059829059827	478.32478632478626
43952	610.2564102564103	597.982905982906
43986	587.1794871794872	531.3162393162394
44023	666.6666666666666	674.9059829059829
44058	550.4273504273505	699.6923076923076
44091	645.2991452991454	566.3589743589744
44126	550.4273504273505	481.7435897435898
44160	576.068376068376	493.7094017094017
44194	547.8632478632479	497.1282051282051
44230	594.8717948717949	416.78632478632477
44267	592.3076923076923	688.5811965811965
44301	580.3418803418804	629.6068376068375
44336	701.7094017094016	511.6581196581197
44370	707.6923076923077	519.3504273504274
44402	682.0512820512821	464.64957264957263
44453	739.3162393162394	630.4615384615385
44492	676.0683760683761	511.6581196581197
44545	275.21367521367523	662.9401709401709
44579	338.46153846153845	627.8974358974358
44612	258.974358974359	515.9316239316239
44647	136.75213675213678	662.0854700854701
44680	200.0	618.4957264957264
44714	288.88888888888886	604.8205128205128
44746	175.2136752136752	656.1025641025641
44779	43.589743589743584	734.7350427350427
44812	235.89743589743588	645.8461538461538
44849	140.17094017094018	612.5128205128206
44883	7.6923076923076925	600.5470085470085
44917	111.96581196581197	544.1367521367521
44948	-0.8547008547008547	790.2905982905983
44983	-8.547008547008549	636.4444444444445
45019	158.97435897435898	514.2222222222222
45054	260.6837606837607	633.0256410256411
45088	260.6837606837607	633.0256410256411
45120	260.6837606837607	633.0256410256411
45170	328.20512820512823	595.4188034188033
45202	241.02564102564102	486.01709401709405
45253	343.5897435897436	742.4273504273505
45303	280.34188034188037	579.1794871794872
45339	404.2735042735043	663.7948717948718
45373	338.46153846153845	766.3589743589744
45406	406.8376068376068	718.4957264957264
45439	406.8376068376068	718.4957264957264
45473	402.5641025641026	677.4700854700855
45507	523.9316239316239	767.2136752136752
45539	410.2564102564102	665.5042735042736
45574	356.4102564102564	723.6239316239316
45606	34.188034188034194	803.1111111111111
45641	1.7094017094017093	768.0683760683761
45673	-16.239316239316242	633.8803418803419
45705	-6.837606837606837	734.7350427350427
45740	11.11111111111111	677.4700854700855
45773	-12.82051282051282	721.9145299145299
45806	-23.076923076923077	796.2735042735043
45840	-41.88034188034188	815.076923076923
45872	50.427350427350426	762.9401709401709
45905	73.50427350427351	841.5726495726495
45937	182.90598290598288	586.8717948717949
45971	97.43589743589743	771.4871794871794
46005	161.53846153846155	674.051282051282
46039	134.18803418803418	674.9059829059829
46070	114.52991452991452	758.6666666666667
46103	114.52991452991452	659.5213675213676
46153	96.58119658119658	682.5982905982906
46191	78.63247863247864	655.2478632478632
46226	89.74358974358974	707.3846153846154
46258	275.21367521367523	731.3162393162394
46291	268.37606837606836	584.3076923076924
46326	280.34188034188037	698.8376068376068
46359	183.76068376068378	764.6495726495726
46392	195.72649572649573	714.2222222222222
46425	232.47863247863248	650.1196581196581
46459	235.04273504273505	582.5982905982906
46493	302.56410256410254	612.5128205128206
46527	256.4102564102564	554.3931623931624
46560	376.9230769230769	668.0683760683761
46593	328.20512820512823	695.4188034188033
46628	322.22222222222223	758.6666666666667
46660	273.50427350427356	705.6752136752136
46693	315.38461538461536	755.2478632478632
46726	286.3247863247863	635.5897435897436
46758	324.7863247863248	698.8376068376068
46791	407.6923076923077	572.3418803418804
46824	518.8034188034188	603.1111111111111
46857	475.2136752136752	572.3418803418804
46890	446.1538461538462	668.0683760683761
46924	451.28205128205127	602.2564102564102
46957	450.42735042735046	675.7606837606837
46991	460.6837606837607	526.1880341880342
47025	389.7435897435897	586.017094017094
47059	543.5897435897435	680.034188034188
47116	559.8290598290598	689.4358974358975
47150	456.4102564102564	616.7863247863248
47203	451.28205128205127	804.8205128205128
47239	539.3162393162393	750.9743589743589
47283	653.8461538461538	595.4188034188033
47336	596.5811965811965	603.1111111111111
47370	597.4358974358975	487.7264957264957
47405	602.5641025641025	533.8803418803419
47440	566.6666666666666	497.1282051282051
47471	605.1282051282051	658.6666666666667
47504	635.042735042735	566.3589743589744
47536	531.6239316239316	613.3675213675214
47586	527.3504273504274	691.1452991452992
47653	549.5726495726497	679.1794871794872
47693	482.9059829059829	694.5641025641025
47739	506.8376068376068	558.6666666666667
47779	506.8376068376068	558.6666666666667
47812	679.4871794871796	603.9658119658119
47845	679.4871794871796	603.9658119658119
47877	1147.8632478632478	328.7521367521367
47909	1017.0940170940171	421.05982905982904
47953	913.6752136752136	500.5470085470085
47986	1060.6837606837607	525.3333333333333
48020	1085.4700854700855	507.3846153846154
48054	1116.2393162393162	464.64957264957263
48088	1058.974358974359	382.5982905982906
48122	1077.7777777777778	401.40170940170935
48155	1026.4957264957263	479.1794871794871
48188	1042.7350427350427	415.9316239316239
48222	1041.025641025641	405.6752136752136
48257	929.9145299145299	400.5470085470085
48293	1001.7094017094017	362.0854700854701
48336	1158.9743589743591	401.40170940170935
48370	1046.1538461538462	416.78632478632477
48403	994.017094017094	511.6581196581197
48440	1072.6495726495725	586.8717948717949
48487	1059.8290598290598	519.3504273504274
48520	1030.7692307692307	608.2393162393163
48553	802.5641025641027	556.957264957265
48603	854.7008547008546	463.7948717948718
48638	1005.982905982906	607.3846153846154
48670	941.025641025641	556.957264957265
48704	818.8034188034188	429.60683760683753
48753	786.3247863247863	414.22222222222223
48803	900.0	547.5555555555555
48858	754.7008547008547	603.1111111111111
48894	852.1367521367521	455.24786324786317
48928	887.1794871794872	450.1196581196581
48962	887.1794871794872	450.1196581196581
48993	894.8717948717949	554.3931623931624
49027	1048.7179487179487	309.0940170940171
49060	849.5726495726495	382.5982905982906
49093	602.5641025641025	703.1111111111111
49127	660.6837606837606	727.042735042735
49160	587.1794871794872	183.45299145299143
49194	628.2051282051282	299.6923076923077
49227	665.8119658119658	242.4273504273504
49261	541.025641025641	323.6239316239316
49320	384.61538461538464	335.58974358974353
49370	597.4358974358975	400.5470085470085
49410	492.3076923076923	478.32478632478626
49448	491.45299145299145	414.22222222222223
49481	583.7606837606838	525.3333333333333
49516	518.8034188034188	502.2564102564102
49550	559.8290598290598	408.2393162393163
49584	451.28205128205127	527.8974358974358
49620	464.95726495726495	492.0
49654	464.95726495726495	492.0
49687	867.5213675213676	350.11965811965814
49721	846.1538461538462	374.05128205128204
49755	705.1282051282052	741.5726495726495
49791	879.4871794871794	620.2051282051282
49827	994.8717948717949	586.8717948717949
49859	976.0683760683761	283.45299145299145
49892	1007.6923076923076	309.0940170940171
49926	1023.076923076923	247.55555555555554
49959	821.3675213675214	310.80341880341877
49993	772.6495726495726	216.78632478632477
50028	772.6495726495726	299.6923076923077
50063	730.7692307692307	565.5042735042736
50098	721.3675213675214	574.051282051282
50132	482.9059829059829	271.48717948717945
50162	780.3418803418804	515.0769230769231
50196	750.4273504273505	474.05128205128204
50231	787.1794871794872	475.7606837606837
50263	806.8376068376068	309.9487179487179
50299	752.1367521367521	312.5128205128205
50332	752.1367521367521	312.5128205128205
50364	867.5213675213676	282.5982905982906
50398	931.6239316239316	309.0940170940171
50432	808.5470085470085	327.8974358974359
50465	921.3675213675214	313.36752136752136
50498	1017.9487179487179	457.8119658119658
50531	855.5555555555555	387.7264957264957
50564	1166.6666666666667	295.4188034188034
50597	1142.7350427350427	497.98290598290595
50632	1150.4273504273503	569.7777777777777
50664	1120.5128205128206	518.4957264957264
50699	1076.923076923077	330.46153846153845
50736	1039.3162393162395	360.37606837606836
50771	1133.3333333333333	502.2564102564102
50804	1058.1196581196582	350.11965811965814
50840	1110.2564102564104	452.6837606837606
50886	978.6324786324786	567.2136752136752
50936	1039.3162393162395	592.8547008547008
50986	1018.8034188034187	559.5213675213676
51036	1073.5042735042734	486.87179487179486
